Gamma-cycle records (orders 25-27, both orientations): 2728
closing permutation rho by pattern:
   5,5,5,5,5    {'3-cycle': 1106, 'identity': 28}
   5,5,5,5,7    {'3-cycle': 396, 'identity': 10}
   5,5,5,5,8    {'3-cycle': 296, 'identity': 2}
   5,5,5,5,6    {'3-cycle': 260, 'identity': 4}
   5,5,5,7,8    {'3-cycle': 102}
   5,5,5,7,7    {'3-cycle': 90}
   5,5,5,6,7    {'3-cycle': 74}
   5,5,5,6,8    {'3-cycle': 60, 'identity': 4}
   5,5,5,6,6    {'3-cycle': 34}
   5,5,6,5,6    {'3-cycle': 26}
   5,5,6,5,7    {'3-cycle': 22}
   5,5,5,8,8    {'3-cycle': 20}
   5,5,7,5,7    {'3-cycle': 18}
   5,5,8,5,8    {'3-cycle': 18}
   5,5,6,6,7    {'3-cycle': 16}
   5,5,7,5,8    {'3-cycle': 16}
   5,5,7,7,8    {'3-cycle': 16}
   5,5,7,6,7    {'3-cycle': 12}
   5,5,6,7,8    {'3-cycle': 12}
   5,5,6,6,6    {'3-cycle': 10}
   5,5,6,7,7    {'3-cycle': 10}
   5,5,8,6,8    {'3-cycle': 8}
   5,5,7,6,8    {'3-cycle': 8}
   5,6,5,6,7    {'3-cycle': 8}
   5,5,6,6,8    {'3-cycle': 8}
   5,5,7,7,7    {'3-cycle': 8}
   5,5,6,7,6    {'3-cycle': 6}
   5,6,6,6,7    {'3-cycle': 4}
   5,5,6,8,6    {'3-cycle': 4}
   5,5,6,5,8    {'3-cycle': 4}
   5,6,5,6,6    {'3-cycle': 2}
   5,6,7,5,7    {'3-cycle': 2}
   5,6,6,6,6    {'3-cycle': 2}
   5,6,5,7,7    {'3-cycle': 2}

=== (5, 5, 5, 5, 6): (rho type, fixes c(p)) {('3-cycle', True): 260, ('identity', True): 4}; true orbit lengths in colouring space [(60, 260), (120, 4)]
   period map on (rAB, rmuB, rmuA at pos 4 | 6 | 8), most common transitions v_b -> v_{b+1}:
     (1, 0, 0, 0, 1, 0, 0, 1, 0) -> (1, 0, 0, 0, 1, 0, 0, 1, 0)  x40
     (1, 1, 1, 1, 1, 1, 1, 1, 1) -> (1, 1, 1, 1, 1, 1, 1, 1, 1)  x24
     (1, 0, 0, 1, 0, 0, 1, 0, 0) -> (1, 0, 0, 1, 0, 0, 1, 0, 0)  x24
     (1, 0, 0, 1, 0, 0, 0, 0, 1) -> (1, 0, 0, 1, 0, 0, 0, 0, 1)  x16
     (1, 0, 0, 0, 0, 0, 0, 1, 0) -> (1, 0, 0, 0, 0, 0, 0, 1, 0)  x14
     (2, 1, 1, 1, 1, 0, 1, 0, 1) -> (2, 1, 1, 1, 1, 0, 1, 0, 1)  x12
     (1, 0, 0, 1, 0, 0, 1, 1, 2) -> (1, 0, 0, 1, 0, 0, 1, 1, 2)  x12
     (1, 0, 0, 0, 1, 0, 1, 2, 1) -> (1, 0, 0, 0, 1, 0, 1, 2, 1)  x8
     (1, 1, 0, 0, 1, 0, 0, 0, 0) -> (1, 1, 0, 0, 1, 0, 0, 0, 0)  x8
     (1, 1, 0, 1, 1, 0, 1, 1, 0) -> (1, 1, 0, 1, 1, 0, 1, 1, 0)  x8
   v_{b+1} = v_b in 294 of 552 transitions

=== (5, 5, 5, 5, 7): (rho type, fixes c(p)) {('3-cycle', True): 396, ('identity', True): 10}; true orbit lengths in colouring space [(60, 374), (120, 32)]
   period map on (rAB, rmuB, rmuA at pos 4 | 6 | 8), most common transitions v_b -> v_{b+1}:
     (1, 0, 0, 0, 1, 0, 0, 1, 0) -> (1, 0, 0, 0, 1, 0, 0, 1, 0)  x106
     (1, 0, 0, 1, 0, 0, 1, 0, 0) -> (1, 0, 0, 1, 0, 0, 1, 0, 0)  x48
     (2, 0, 0, 0, 2, 0, 0, 2, 0) -> (2, 0, 0, 0, 2, 0, 0, 2, 0)  x22
     (2, 0, 0, 2, 0, 0, 2, 0, 0) -> (2, 0, 0, 2, 0, 0, 2, 0, 0)  x20
     (1, 2, 0, 1, 2, 0, 1, 2, 0) -> (1, 2, 0, 1, 2, 0, 1, 2, 0)  x20
     (1, 0, 2, 0, 1, 2, 0, 1, 2) -> (1, 0, 2, 0, 1, 2, 0, 1, 2)  x20
     (1, 0, 0, 1, 0, 0, 0, 0, 1) -> (1, 0, 0, 1, 0, 0, 0, 0, 1)  x18
     (2, 1, 0, 2, 1, 0, 2, 1, 0) -> (2, 1, 0, 2, 1, 0, 2, 1, 0)  x12
     (3, 0, 0, 3, 0, 0, 3, 0, 0) -> (3, 0, 0, 3, 0, 0, 3, 0, 0)  x12
     (2, 0, 1, 0, 2, 1, 0, 2, 1) -> (2, 0, 1, 0, 2, 1, 0, 2, 1)  x12
   v_{b+1} = v_b in 394 of 916 transitions
[((20, '3-cycle'), 2544), ((40, '3-cycle'), 136), ((60, 'identity'), 48)]
L divisible by 60 vs type: {(False, '3-cycle'): 2680, (True, 'identity'): 48}
L divisible by 30 vs type: {(False, '3-cycle'): 2680, (True, 'identity'): 48}
