rp2_s203_w230_t207 28 2,3,15,12,23;6,8,15,19,21;0,3,24,16,23;0,2,24,20,15;6,17,7,26,25;9,10,27,12,23,16;1,8,25,4,17,14,21;4,17,27,22,26;1,6,25,11,14,17,15;5,10,18,20,24,16;5,9,18,13,27;8,25,26,21,14;0,15,17,27,5,23;10,18,19,22,27;6,21,11,8,17;0,3,20,19,1,8,17,12;2,23,5,9,24;4,6,14,8,15,12,27,7;9,20,19,13,10;1,21,22,13,18,20,15;3,24,9,18,19,15;1,19,22,26,11,14,6;7,26,21,19,13,27;0,12,5,16,2;2,3,20,9,16;4,26,11,8,6;4,25,11,21,22,7;5,10,13,22,7,17,12 holes=13
rp2_s203_w332_t126 28 2,3,15,12,23;6,25,11,19,21,14,8;0,3,24,16,23;0,2,24,20,15;6,17,7,21,26,25;9,10,27,12,23,16;1,25,4,17,8;4,17,27,22,21;1,6,17,15,11,14;5,10,18,20,24,16;5,9,18,13,27;1,25,26,14,8,15,19;0,15,17,27,5,23;10,18,19,22,27;1,21,26,11,8;0,3,20,19,11,8,17,12;2,23,5,9,24;4,6,8,15,12,27,7;9,20,19,13,10;1,21,22,13,18,20,15,11;3,24,9,18,19,15;1,19,22,7,4,26,14;7,27,13,19,21;0,12,5,16,2;2,3,20,9,16;1,6,4,26,11;4,25,11,14,21;5,10,13,22,7,17,12 holes=13
rp2_s203_w451_t376 28 2,3,15,12,23;6,25,8,19,11;0,3,24,16,23;0,2,24,20,15;6,7,22,21,26,25;9,10,27,12,23,16;1,25,4,7,17,14,11;4,6,17,27,22;1,25,26,11,14,15,19;5,10,18,20,24,16;5,9,18,13,27;1,19,21,26,8,14,6;0,15,17,27,5,23;10,18,19,22,27;6,11,8,15,17;0,3,20,19,8,14,17,12;2,23,5,9,24;6,7,27,12,15,14;9,20,19,13,10;1,11,21,22,13,18,20,15,8;3,24,9,18,19,15;4,26,11,19,22;4,7,27,13,19,21;0,12,5,16,2;2,3,20,9,16;1,6,4,26,8;4,25,8,11,21;5,10,13,22,7,17,12 holes=13
rp2_s203_w148_t195 28 2,3,15,12,23;6,25,11,8,19,21,14;0,3,24,16,23;0,2,24,20,15;6,17,7,21,26,25;9,10,27,12,23,16;1,25,4,17,8,14;4,17,27,22,21;1,19,15,17,6,14,11;5,10,18,20,24,16;5,9,18,13,27;1,25,26,14,8;0,15,17,27,5,23;10,18,19,22,27;1,21,26,11,8,6;0,3,20,19,8,17,12;2,23,5,9,24;4,6,8,15,12,27,7;9,20,19,13,10;1,21,22,13,18,20,15,8;3,24,9,18,19,15;1,19,22,7,4,26,14;7,27,13,19,21;0,12,5,16,2;2,3,20,9,16;1,6,4,26,11;4,25,11,14,21;5,10,13,22,7,17,12 holes=13
rp2_s203_w332_t43 28 2,3,15,12,23;6,25,11,19,21,14,8;0,3,24,16,23;0,2,24,20,15;6,17,7,21,26,25;9,10,27,12,23,16;1,25,4,17,8;4,17,27,22,21;1,6,17,15,19,11,14;5,10,18,20,24,16;5,9,18,13,27;1,25,26,14,8,19;0,15,17,27,5,23;10,18,19,22,27;1,21,26,11,8;0,3,20,19,8,17,12;2,23,5,9,24;4,6,8,15,12,27,7;9,20,19,13,10;1,21,22,13,18,20,15,8,11;3,24,9,18,19,15;1,19,22,7,4,26,14;7,27,13,19,21;0,12,5,16,2;2,3,20,9,16;1,6,4,26,11;4,25,11,14,21;5,10,13,22,7,17,12 holes=13
rp2_s203_w332_t288 28 2,3,15,12,23;6,25,11,19,21,14,8;0,3,24,16,23;0,2,24,20,15;6,17,7,21,26,25;9,10,27,12,23,16;1,25,4,17,8;4,17,27,22,21;1,6,17,11,14;5,10,18,20,24,16;5,9,18,13,27;1,25,26,14,8,17,15,19;0,15,17,27,5,23;10,18,19,22,27;1,21,26,11,8;0,3,20,19,11,17,12;2,23,5,9,24;4,6,8,11,15,12,27,7;9,20,19,13,10;1,21,22,13,18,20,15,11;3,24,9,18,19,15;1,19,22,7,4,26,14;7,27,13,19,21;0,12,5,16,2;2,3,20,9,16;1,6,4,26,11;4,25,11,14,21;5,10,13,22,7,17,12 holes=13
rp2_s203_w449_t183 28 2,3,15,12,23;6,25,11,8,19,14;0,3,24,16,23;0,2,24,20,15;7,27,17,25,26;9,10,27,12,23,16;1,25,17,8,14;4,27,22,21,26;1,19,15,17,6,14,11;5,10,18,20,24,16;5,9,18,13,27;1,25,26,21,14,8;0,15,17,27,5,23;10,18,19,22,27;1,6,8,11,21,22,19;0,3,20,19,8,17,12;2,23,5,9,24;4,25,6,8,15,12,27;9,20,19,13,10;1,8,15,20,18,13,22,14;3,24,9,18,19,15;7,26,11,14,22;7,27,13,19,14,21;0,12,5,16,2;2,3,20,9,16;1,6,17,4,26,11;4,25,11,21,7;4,7,22,13,10,5,12,17 holes=13
rp2_s203_w449_t229 28 2,3,15,12,23;6,25,11,8,19,14;0,3,24,16,23;0,2,24,20,15;7,27,17,25,26;9,10,27,12,23,16;1,25,17,8,14;4,27,22,21,26;1,19,15,17,6,14,11;5,10,18,20,24,16;5,9,18,13,27;1,25,26,21,14,8;0,15,17,27,5,23;10,18,19,22,27;1,6,8,11,21,19;0,3,20,19,8,17,12;2,23,5,9,24;4,25,6,8,15,12,27;9,20,19,13,10;1,8,15,20,18,13,22,21,14;3,24,9,18,19,15;7,26,11,14,19,22;7,27,13,19,21;0,12,5,16,2;2,3,20,9,16;1,6,17,4,26,11;4,25,11,21,7;4,7,22,13,10,5,12,17 holes=13
rp2_s203_w449_t288 28 2,3,15,12,23;6,25,11,8,15,19,14;0,3,24,16,23;0,2,24,20,15;7,27,17,25,26;9,10,27,12,23,16;1,25,17,8,14;4,27,22,21,26;1,15,17,6,14,11;5,10,18,20,24,16;5,9,18,13,27;1,25,26,21,14,8;0,15,17,27,5,23;10,18,19,22,27;1,6,8,11,21,19;0,3,20,19,1,8,17,12;2,23,5,9,24;4,25,6,8,15,12,27;9,20,19,13,10;1,14,21,22,13,18,20,15;3,24,9,18,19,15;7,26,11,14,19,22;7,27,13,19,21;0,12,5,16,2;2,3,20,9,16;1,6,17,4,26,11;4,25,11,21,7;4,7,22,13,10,5,12,17 holes=13
rp2_s203_w449_t415 28 2,3,15,12,23;6,25,26,11,8,19,14;0,3,24,16,23;0,2,24,20,15;7,27,17,25,26;9,10,27,12,23,16;1,25,17,8,14;4,27,22,21,26;1,19,15,17,6,14,11;5,10,18,20,24,16;5,9,18,13,27;1,26,21,14,8;0,15,17,27,5,23;10,18,19,22,27;1,6,8,11,21,19;0,3,20,19,8,17,12;2,23,5,9,24;4,25,6,8,15,12,27;9,20,19,13,10;1,8,15,20,18,13,22,21,14;3,24,9,18,19,15;7,26,11,14,19,22;7,27,13,19,21;0,12,5,16,2;2,3,20,9,16;1,6,17,4,26;1,11,21,7,4,25;4,7,22,13,10,5,12,17 holes=13
rp2_s203_w449_t669 28 2,3,15,12,23;6,25,11,8,19,14;0,3,24,16,23;0,2,24,20,15;7,27,17,25,26;9,10,27,12,23,16;1,25,17,8,14;4,27,22,21,26;1,19,15,17,6,14,11;5,10,18,20,24,16;5,9,18,13,27;1,25,26,14,8;0,15,17,27,5,23;10,18,19,22,27;1,6,8,11,26,21,19;0,3,20,19,8,17,12;2,23,5,9,24;4,25,6,8,15,12,27;9,20,19,13,10;1,8,15,20,18,13,22,21,14;3,24,9,18,19,15;7,26,14,19,22;7,27,13,19,21;0,12,5,16,2;2,3,20,9,16;1,6,17,4,26,11;4,25,11,14,21,7;4,7,22,13,10,5,12,17 holes=13
rp2_s204_w0_t297 28 4,16,7,12,10,22,24;3,16,20,5,14,17;9,18,14,17,26;1,16,11,19,26,17;0,16,20,13,24;1,14,18,15,25,23,22,8,20;12,21,15,25,27;0,12,21,11,16;5,20,13,23,10,22;2,18,15,19,26;0,12,27,23,8,22;3,16,7,21,19;0,10,27,6,21,7;4,24,23,8,20;1,5,18,2,17;5,18,9,19,21,6,25;0,4,20,1,3,11,7;1,3,26,2,14;2,9,15,5,14;3,11,21,15,9,26;1,5,8,13,4,16;6,12,7,11,19,15;0,10,8,5,23,24;5,22,24,13,8,10,27,25;0,4,13,23,22;5,15,6,27,23;2,9,19,3,17;6,12,10,23,25 holes=7
rp2_s204_w0_t298 28 4,16,7,12,10,22,24;3,16,20,8,5,14,17;9,18,14,17,26;1,16,11,19,26,17;0,16,20,13,24;1,14,18,15,25,23,22,8;12,21,15,25,27;0,12,21,11,16;1,5,22,10,23,13,20;2,18,15,19,26;0,12,27,23,8,22;3,16,7,21,19;0,10,27,6,21,7;4,24,23,8,20;1,5,18,2,17;5,18,9,19,21,6,25;0,4,20,1,3,11,7;1,3,26,2,14;2,9,15,5,14;3,11,21,15,9,26;1,8,13,4,16;6,12,7,11,19,15;0,10,8,5,23,24;5,22,24,13,8,10,27,25;0,4,13,23,22;5,15,6,27,23;2,9,19,3,17;6,12,10,23,25 holes=7
rp2_s204_w0_t360 28 4,16,7,12,10,22,24;3,16,4,20,5,14,17;9,18,14,17,26;1,16,11,19,26,17;0,16,1,20,13,24;1,14,18,15,25,23,22,8,20;12,21,15,25,27;0,12,21,11,16;5,22,10,23,13,20;2,18,15,19,26;0,12,27,23,8,22;3,16,7,21,19;0,10,27,6,21,7;4,24,23,8,20;1,5,18,2,17;5,18,9,19,21,6,25;0,4,1,3,11,7;1,3,26,2,14;2,9,15,5,14;3,11,21,15,9,26;1,5,8,13,4;6,12,7,11,19,15;0,10,8,5,23,24;5,22,24,13,8,10,27,25;0,4,13,23,22;5,15,6,27,23;2,9,19,3,17;6,12,10,23,25 holes=7
rp2_s204_w0_t433 28 1,4,24,22,10,12,7,16;0,4,20,5,14,17,3,16;9,18,14,17,26;1,16,11,19,26,17;0,1,20,13,24;1,14,18,15,25,23,22,8,20;12,21,15,25,27;0,12,21,11,16;5,22,10,23,13,20;2,18,15,19,26;0,12,27,23,8,22;3,16,7,21,19;0,10,27,6,21,7;4,24,23,8,20;1,5,18,2,17;5,18,9,19,21,6,25;0,7,11,3,1;1,3,26,2,14;2,9,15,5,14;3,11,21,15,9,26;1,5,8,13,4;6,12,7,11,19,15;0,10,8,5,23,24;5,22,24,13,8,10,27,25;0,4,13,23,22;5,15,6,27,23;2,9,19,3,17;6,12,10,23,25 holes=7
rp2_s204_w0_t1544 28 7,12,10,22,24,16;3,16,4,20,5,14,17;9,18,14,17,26;1,16,11,19,26,17;1,16,24,13,20;1,14,18,15,25,23,22,8,20;12,21,15,25,27;0,12,21,11,16;5,22,10,23,13,20;2,18,15,19,26;0,12,27,23,8,22;3,16,7,21,19;0,10,27,6,21,7;4,24,23,8,20;1,5,18,2,17;5,18,9,19,21,6,25;0,24,4,1,3,11,7;1,3,26,2,14;2,9,15,5,14;3,11,21,15,9,26;1,5,8,13,4;6,12,7,11,19,15;0,10,8,5,23,24;5,22,24,13,8,10,27,25;0,16,4,13,23,22;5,15,6,27,23;2,9,19,3,17;6,12,10,23,25 holes=7
rp2_s203_w0_t58 28 2,3,15,12,23;6,25,11,8,19,21,14;0,3,24,16,23;0,2,24,20,15;6,17,7,26,25;9,10,27,12,23,16;1,25,4,17,14;4,17,27,22,21,26;1,19,15,17,14,11;5,10,18,20,24,16;5,9,18,13,27;1,25,26,21,14,8;0,15,17,27,5,23;10,18,19,22,27;1,21,11,8,17,6;0,3,20,19,8,17,12;2,23,5,9,24;4,6,14,8,15,12,27,7;9,20,19,13,10;1,21,22,13,18,20,15,8;3,24,9,18,19,15;1,19,22,7,26,11,14;7,27,13,19,21;0,12,5,16,2;2,3,20,9,16;1,6,4,26,11;4,25,11,21,7;5,10,13,22,7,17,12 holes=13
rp2_s203_w0_t198 28 2,3,15,12,23;6,25,11,8,15,19,21,14;0,3,24,16,23;0,2,24,20,15;6,17,7,26,25;9,10,27,12,23,16;1,25,4,17,14;4,17,27,22,21,26;1,15,17,14,11;5,10,18,20,24,16;5,9,18,13,27;1,25,26,21,14,8;0,15,17,27,5,23;10,18,19,22,27;1,21,11,8,17,6;0,3,20,19,1,8,17,12;2,23,5,9,24;4,6,14,8,15,12,27,7;9,20,19,13,10;1,21,22,13,18,20,15;3,24,9,18,19,15;1,19,22,7,26,11,14;7,27,13,19,21;0,12,5,16,2;2,3,20,9,16;1,6,4,26,11;4,25,11,21,7;5,10,13,22,7,17,12 holes=13
rp2_s203_w0_t261 28 2,3,15,12,23;6,25,11,8,15,19,21,14;0,3,24,16,23;0,2,24,20,15;6,17,27,7,26,25;9,10,27,12,23,16;1,25,4,17,14;4,27,22,21,26;1,15,17,14,11;5,10,18,20,24,16;5,9,18,13,27;1,25,26,21,14,8;0,15,17,27,5,23;10,18,19,22,27;1,21,11,8,17,6;0,3,20,19,1,8,17,12;2,23,5,9,24;4,6,14,8,15,12,27;9,20,19,13,10;1,21,22,13,18,20,15;3,24,9,18,19,15;1,19,22,7,26,11,14;7,27,13,19,21;0,12,5,16,2;2,3,20,9,16;1,6,4,26,11;4,25,11,21,7;4,7,22,13,10,5,12,17 holes=13
rp2_s203_w0_t265 28 2,3,15,12,23;6,25,11,8,15,19,21,14;0,3,24,16,23;0,2,24,20,15;6,27,7,26,25;9,10,27,12,23,16;1,25,4,27,17,14;4,27,22,21,26;1,15,17,14,11;5,10,18,20,24,16;5,9,18,13,27;1,25,26,21,14,8;0,15,17,27,5,23;10,18,19,22,27;1,21,11,8,17,6;0,3,20,19,1,8,17,12;2,23,5,9,24;6,27,12,15,8,14;9,20,19,13,10;1,21,22,13,18,20,15;3,24,9,18,19,15;1,19,22,7,26,11,14;7,27,13,19,21;0,12,5,16,2;2,3,20,9,16;1,6,4,26,11;4,25,11,21,7;4,6,17,12,5,10,13,22,7 holes=13
rp2_s203_w0_t273 28 2,3,15,12,23;6,25,11,8,19,21,14;0,3,24,16,23;0,2,24,20,15;6,27,7,26,25;9,10,27,12,23,16;1,25,4,27,17,14;4,27,22,21,26;1,19,15,17,14,11;5,10,18,20,24,16;5,9,18,13,27;1,25,26,21,14,8;0,15,17,27,5,23;10,18,19,22,27;1,21,11,8,17,6;0,3,20,19,8,17,12;2,23,5,9,24;6,27,12,15,8,14;9,20,19,13,10;1,21,22,13,18,20,15,8;3,24,9,18,19,15;1,19,22,7,26,11,14;7,27,13,19,21;0,12,5,16,2;2,3,20,9,16;1,6,4,26,11;4,25,11,21,7;4,6,17,12,5,10,13,22,7 holes=13
rp2_s203_w0_t378 28 2,3,15,12,23;6,25,11,8,19,21,14;0,3,24,16,23;0,2,24,20,15;6,17,27,7,26,25;9,10,27,12,23,16;1,25,4,17,14;4,27,22,21,26;1,19,15,17,14,11;5,10,18,20,24,16;5,9,18,13,27;1,25,26,21,14,8;0,15,17,27,5,23;10,18,19,22,27;1,21,11,8,17,6;0,3,20,19,8,17,12;2,23,5,9,24;4,6,14,8,15,12,27;9,20,19,13,10;1,21,22,13,18,20,15,8;3,24,9,18,19,15;1,19,22,7,26,11,14;7,27,13,19,21;0,12,5,16,2;2,3,20,9,16;1,6,4,26,11;4,25,11,21,7;4,7,22,13,10,5,12,17 holes=13
rp2_s203_w0_t385 28 2,3,15,12,23;6,25,11,19,21,14;0,3,24,16,23;0,2,24,20,15;6,17,27,7,26,25;9,10,27,12,23,16;1,25,4,17,14;4,27,22,21,26;11,14,17,15,19;5,10,18,20,24,16;5,9,18,13,27;1,25,26,21,14,8,19;0,15,17,27,5,23;10,18,19,22,27;1,21,11,8,17,6;0,3,20,19,8,17,12;2,23,5,9,24;4,6,14,8,15,12,27;9,20,19,13,10;1,21,22,13,18,20,15,8,11;3,24,9,18,19,15;1,19,22,7,26,11,14;7,27,13,19,21;0,12,5,16,2;2,3,20,9,16;1,6,4,26,11;4,25,11,21,7;4,7,22,13,10,5,12,17 holes=13
rp2_s203_w0_t411 28 2,3,15,12,23;6,25,11,8,19,21,14;0,3,24,16,23;0,2,24,20,15;6,17,27,7,26,25;9,10,27,12,23,16;1,25,4,17,14;4,27,22,21,26;1,11,14,15,19;5,10,18,20,24,16;5,9,18,13,27;1,25,26,21,14,8;0,15,17,27,5,23;10,18,19,22,27;1,21,11,8,15,17,6;0,3,20,19,8,14,17,12;2,23,5,9,24;4,6,14,15,12,27;9,20,19,13,10;1,21,22,13,18,20,15,8;3,24,9,18,19,15;1,19,22,7,26,11,14;7,27,13,19,21;0,12,5,16,2;2,3,20,9,16;1,6,4,26,11;4,25,11,21,7;4,7,22,13,10,5,12,17 holes=13
rp2_s203_w0_t595 28 2,3,15,12,23;6,25,11,8,19,14;0,3,24,16,23;0,2,24,20,15;6,17,27,7,26,25;9,10,27,12,23,16;1,25,4,17,14;4,27,22,21,26;1,11,14,17,15,19;5,10,18,20,24,16;5,9,18,13,27;1,25,26,21,14,8;0,15,17,27,5,23;10,18,19,22,27;1,19,21,11,8,17,6;0,3,20,19,8,17,12;2,23,5,9,24;4,6,14,8,15,12,27;9,20,19,13,10;1,14,21,22,13,18,20,15,8;3,24,9,18,19,15;7,26,11,14,19,22;7,27,13,19,21;0,12,5,16,2;2,3,20,9,16;1,6,4,26,11;4,25,11,21,7;4,7,22,13,10,5,12,17 holes=13
rp2_s203_w0_t603 28 2,3,15,12,23;6,25,11,8,15,19,14;0,3,24,16,23;0,2,24,20,15;6,17,27,7,26,25;9,10,27,12,23,16;1,25,4,17,14;4,27,22,21,26;1,11,14,17,15;5,10,18,20,24,16;5,9,18,13,27;1,25,26,21,14,8;0,15,17,27,5,23;10,18,19,22,27;1,19,21,11,8,17,6;0,3,20,19,1,8,17,12;2,23,5,9,24;4,6,14,8,15,12,27;9,20,19,13,10;1,14,21,22,13,18,20,15;3,24,9,18,19,15;7,26,11,14,19,22;7,27,13,19,21;0,12,5,16,2;2,3,20,9,16;1,6,4,26,11;4,25,11,21,7;4,7,22,13,10,5,12,17 holes=13
rp2_s203_w2_t-1 28 2,3,15,12,23;6,25,11,8,15,19,21,14;0,3,24,16,23;0,2,24,20,15;6,17,27,7,26,25;9,10,27,12,23,16;1,25,4,17,14;4,27,22,21,26;1,15,17,14,11;5,10,18,20,24,16;5,9,18,13,27;1,25,26,21,14,8;0,15,17,27,5,23;10,18,19,22,27;1,21,11,8,17,6;0,3,20,19,1,8,17,12;2,23,5,9,24;4,6,14,8,15,12,27;9,20,19,13,10;1,21,22,13,18,20,15;3,24,9,18,19,15;1,19,22,7,26,11,14;7,27,13,19,21;0,12,5,16,2;2,3,20,9,16;1,6,4,26,11;4,25,11,21,7;4,7,22,13,10,5,12,17 holes=13
rp2_s203_w2_t17 28 2,3,15,12,23;6,25,11,8,15,19,21,14;0,3,24,16,23;0,2,24,20,15;6,17,7,26,25;9,10,27,12,23,16;1,25,4,17,14;4,17,27,22,21,26;1,15,17,14,11;5,10,18,20,24,16;5,9,18,13,27;1,25,26,21,14,8;0,15,17,27,5,23;10,18,19,22,27;1,21,11,8,17,6;0,3,20,19,1,8,17,12;2,23,5,9,24;4,7,27,12,15,8,14,6;9,20,19,13,10;1,21,22,13,18,20,15;3,24,9,18,19,15;1,19,22,7,26,11,14;7,27,13,19,21;0,12,5,16,2;2,3,20,9,16;1,6,4,26,11;4,25,11,21,7;5,10,13,22,7,17,12 holes=13
rp2_s203_w2_t38 28 2,3,15,12,23;6,25,11,8,19,21,14;0,3,24,16,23;0,2,24,20,15;6,17,7,26,25;9,10,27,12,23,16;1,25,4,17,14;4,17,27,22,21,26;1,19,15,17,14,11;5,10,18,20,24,16;5,9,18,13,27;1,25,26,21,14,8;0,15,17,27,5,23;10,18,19,22,27;1,21,11,8,17,6;0,3,20,19,8,17,12;2,23,5,9,24;4,7,27,12,15,8,14,6;9,20,19,13,10;1,21,22,13,18,20,15,8;3,24,9,18,19,15;1,19,22,7,26,11,14;7,27,13,19,21;0,12,5,16,2;2,3,20,9,16;1,6,4,26,11;4,25,11,21,7;5,10,13,22,7,17,12 holes=13
rp2_s203_w2_t84 28 2,3,15,12,23;6,25,11,8,19,21,14;0,3,24,16,23;0,2,24,20,15;6,17,27,7,26,25;9,10,27,12,23,16;1,25,4,17,14;4,27,22,21,26;1,19,15,17,14,11;5,10,18,20,24,16;5,9,18,13,27;1,25,26,21,14,8;0,15,17,27,5,23;10,18,19,22,27;1,21,11,8,17,6;0,3,20,19,8,17,12;2,23,5,9,24;4,6,14,8,15,12,27;9,20,19,13,10;1,21,22,13,18,20,15,8;3,24,9,18,19,15;1,19,22,7,26,11,14;7,27,13,19,21;0,12,5,16,2;2,3,20,9,16;1,6,4,26,11;4,25,11,21,7;4,7,22,13,10,5,12,17 holes=13
rp2_s203_w2_t101 28 2,3,15,12,23;6,25,11,8,19,21,14;0,3,24,16,23;0,2,24,20,15;6,17,27,7,26,25;9,10,27,12,23,16;1,25,4,17,14;4,27,22,21,26;1,19,15,14,11;5,10,18,20,24,16;5,9,18,13,27;1,25,26,21,14,8;0,15,17,27,5,23;10,18,19,22,27;1,21,11,8,15,17,6;0,3,20,19,8,14,17,12;2,23,5,9,24;4,6,14,15,12,27;9,20,19,13,10;1,21,22,13,18,20,15,8;3,24,9,18,19,15;1,19,22,7,26,11,14;7,27,13,19,21;0,12,5,16,2;2,3,20,9,16;1,6,4,26,11;4,25,11,21,7;4,7,22,13,10,5,12,17 holes=13
rp2_s203_w2_t210 28 2,3,15,12,23;6,25,11,8,19,14;0,3,24,16,23;0,2,24,20,15;6,17,27,7,26,25;9,10,27,12,23,16;1,25,4,17,14;4,27,22,21,26;1,19,15,17,14,11;5,10,18,20,24,16;5,9,18,13,27;1,25,26,21,14,8;0,15,17,27,5,23;10,18,19,22,27;1,19,21,11,8,17,6;0,3,20,19,8,17,12;2,23,5,9,24;4,6,14,8,15,12,27;9,20,19,13,10;1,14,21,22,13,18,20,15,8;3,24,9,18,19,15;7,26,11,14,19,22;7,27,13,19,21;0,12,5,16,2;2,3,20,9,16;1,6,4,26,11;4,25,11,21,7;4,7,22,13,10,5,12,17 holes=13
rp2_s203_w2_t224 28 2,3,15,12,23;6,25,11,8,15,19,14;0,3,24,16,23;0,2,24,20,15;6,17,27,7,26,25;9,10,27,12,23,16;1,25,4,17,14;4,27,22,21,26;1,15,17,14,11;5,10,18,20,24,16;5,9,18,13,27;1,25,26,21,14,8;0,15,17,27,5,23;10,18,19,22,27;1,19,21,11,8,17,6;0,3,20,19,1,8,17,12;2,23,5,9,24;4,6,14,8,15,12,27;9,20,19,13,10;1,14,21,22,13,18,20,15;3,24,9,18,19,15;7,26,11,14,19,22;7,27,13,19,21;0,12,5,16,2;2,3,20,9,16;1,6,4,26,11;4,25,11,21,7;4,7,22,13,10,5,12,17 holes=13
rp2_s203_w2_t723 28 2,3,15,12,23;6,25,11,8,19,14;0,3,24,16,23;0,2,24,20,15;6,17,27,7,26,25;9,10,27,12,23,16;1,25,4,17,14;4,27,22,21,26;1,19,15,17,14,11;5,10,18,20,24,16;5,9,18,13,27;1,25,26,14,8;0,15,17,27,5,23;10,18,19,22,27;1,19,21,26,11,8,17,6;0,3,20,19,8,17,12;2,23,5,9,24;4,6,14,8,15,12,27;9,20,19,13,10;1,14,21,22,13,18,20,15,8;3,24,9,18,19,15;7,26,14,19,22;7,27,13,19,21;0,12,5,16,2;2,3,20,9,16;1,6,4,26,11;4,25,11,14,21,7;4,7,22,13,10,5,12,17 holes=13
rp2_s203_w8_t-1 28 2,3,15,12,23;6,25,11,19,21,14;0,3,24,16,23;0,2,24,20,15;6,17,27,7,26,25;9,10,27,12,23,16;1,25,4,17,14;4,27,22,21,26;11,19,15,17,14;5,10,18,20,24,16;5,9,18,13,27;1,25,26,21,14,8,19;0,15,17,27,5,23;10,18,19,22,27;1,21,11,8,17,6;0,3,20,19,8,17,12;2,23,5,9,24;4,6,14,8,15,12,27;9,20,19,13,10;1,21,22,13,18,20,15,8,11;3,24,9,18,19,15;1,19,22,7,26,11,14;7,27,13,19,21;0,12,5,16,2;2,3,20,9,16;1,6,4,26,11;4,25,11,21,7;4,7,22,13,10,5,12,17 holes=13
rp2_s203_w8_t85 28 2,3,15,12,23;6,25,11,8,19,21,14;0,3,24,16,23;0,2,24,20,15;6,17,27,7,26,25;9,10,27,12,23,16;1,25,4,17,14;4,27,22,21,26;1,11,14,17,15,19;5,10,18,20,24,16;5,9,18,13,27;1,8,14,21,26,25;0,15,17,27,5,23;10,18,19,22,27;1,21,11,8,17,6;0,3,20,19,8,17,12;2,23,5,9,24;4,6,14,8,15,12,27;9,20,19,13,10;1,21,22,13,18,20,15,8;3,24,9,18,19,15;1,19,22,7,26,11,14;7,27,13,19,21;0,12,5,16,2;2,3,20,9,16;1,6,4,26,11;4,25,11,21,7;4,7,22,13,10,5,12,17 holes=13
rp2_s203_w8_t141 28 2,3,15,12,23;6,25,11,8,19,21,14;0,3,24,16,23;0,2,24,20,15;6,27,7,26,25;9,10,27,12,23,16;1,25,4,27,17,14;4,27,22,21,26;1,11,14,17,15,19;5,10,18,20,24,16;5,9,18,13,27;1,8,14,21,26,25;0,15,17,27,5,23;10,18,19,22,27;1,21,11,8,17,6;0,3,20,19,8,17,12;2,23,5,9,24;6,27,12,15,8,14;9,20,19,13,10;1,21,22,13,18,20,15,8;3,24,9,18,19,15;1,19,22,7,26,11,14;7,27,13,19,21;0,12,5,16,2;2,3,20,9,16;1,6,4,26,11;4,25,11,21,7;4,7,22,13,10,5,12,17,6 holes=13
rp2_s203_w8_t224 28 2,3,15,12,23;6,25,11,8,15,19,21,14;0,3,24,16,23;0,2,24,20,15;6,27,7,26,25;9,10,27,12,23,16;1,25,4,27,17,14;4,27,22,21,26;1,11,14,17,15;5,10,18,20,24,16;5,9,18,13,27;1,8,14,21,26,25;0,15,17,27,5,23;10,18,19,22,27;1,21,11,8,17,6;0,3,20,19,1,8,17,12;2,23,5,9,24;6,27,12,15,8,14;9,20,19,13,10;1,21,22,13,18,20,15;3,24,9,18,19,15;1,19,22,7,26,11,14;7,27,13,19,21;0,12,5,16,2;2,3,20,9,16;1,6,4,26,11;4,25,11,21,7;4,7,22,13,10,5,12,17,6 holes=13
rp2_s203_w8_t274 28 2,3,15,12,23;6,25,11,8,15,19,21,14;0,3,24,16,23;0,2,24,20,15;6,17,27,7,26,25;9,10,27,12,23,16;1,25,4,17,14;4,27,22,21,26;1,11,14,17,15;5,10,18,20,24,16;5,9,18,13,27;1,8,14,21,26,25;0,15,17,27,5,23;10,18,19,22,27;1,21,11,8,17,6;0,3,20,19,1,8,17,12;2,23,5,9,24;4,6,14,8,15,12,27;9,20,19,13,10;1,21,22,13,18,20,15;3,24,9,18,19,15;1,19,22,7,26,11,14;7,27,13,19,21;0,12,5,16,2;2,3,20,9,16;1,6,4,26,11;4,25,11,21,7;4,7,22,13,10,5,12,17 holes=13
rp2_s203_w8_t282 28 2,3,15,12,23;6,25,11,8,19,21,14;0,3,24,16,23;0,2,24,20,15;6,17,27,7,26,25;9,10,27,12,23,16;1,25,4,17,14;4,27,22,21,26;1,11,14,15,19;5,10,18,20,24,16;5,9,18,13,27;1,8,14,21,26,25;0,15,17,27,5,23;10,18,19,22,27;1,21,11,8,15,17,6;0,3,20,19,8,14,17,12;2,23,5,9,24;4,6,14,15,12,27;9,20,19,13,10;1,21,22,13,18,20,15,8;3,24,9,18,19,15;1,19,22,7,26,11,14;7,27,13,19,21;0,12,5,16,2;2,3,20,9,16;1,6,4,26,11;4,25,11,21,7;4,7,22,13,10,5,12,17 holes=13
