klein_c32_w6_t598 30 6,11,24,17,22,28;2,16,13,14,7,27;1,16,12,22,25,27;7,8,26,25,27;5,28,22,12,11,20;4,28,6,10,9,23,20;0,11,12,10,5,28;1,27,3,8,14;3,7,14,21,26;5,10,19,15,23;5,6,12,19,9;0,6,12,4,20,24;2,16,18,19,10,6,11,4,22;1,14,29,18,16;1,7,8,21,29,13;9,19,21,29,23;1,2,12,18,13;0,24,29,19,22;12,16,13,29,19;9,10,12,18,29,17,22,21,15;4,5,23,29,24,11;8,14,29,15,19,22,26;0,28,4,12,2,25,26,21,19,17;5,9,15,29,20;0,17,29,20,11;2,27,3,26,22;3,8,21,22,25;1,7,3,25,2;0,22,4,5,6;13,14,21,15,23,20,24,17,19,18 holes=18
klein_c32_w6_t608 30 6,11,24,17,22,28;2,16,13,14,7,27;1,16,12,22,25,27;7,8,26,25,27;5,28,22,12,11,20;4,28,10,9,23,20;0,11,12,10,28;1,27,3,8,14;3,7,14,21,26;5,10,19,15,23;5,28,6,12,19,9;0,6,12,4,20,24;2,16,18,19,10,6,11,4,22;1,14,29,18,16;1,7,8,21,29,13;9,19,21,29,23;1,2,12,18,13;0,24,29,19,22;12,16,13,29,19;9,10,12,18,29,17,22,21,15;4,5,23,29,24,11;8,14,29,15,19,22,26;0,28,4,12,2,25,26,21,19,17;5,9,15,29,20;0,17,29,20,11;2,27,3,26,22;3,8,21,22,25;1,7,3,25,2;0,22,4,5,10,6;13,14,21,15,23,20,24,17,19,18 holes=18
klein_c32_w6_t625 30 6,11,24,17,22,28;2,16,13,14,7,27;1,16,12,22,25,27;7,8,26,25,27;5,28,22,12,11;4,28,6,10,9,23,20,11;0,11,12,10,5,28;1,27,3,8,14;3,7,14,21,26;5,10,19,15,23;5,6,12,19,9;0,6,12,4,5,20,24;2,16,18,19,10,6,11,4,22;1,14,29,18,16;1,7,8,21,29,13;9,19,21,29,23;1,2,12,18,13;0,24,29,19,22;12,16,13,29,19;9,10,12,18,29,17,22,21,15;5,11,24,29,23;8,14,29,15,19,22,26;0,28,4,12,2,25,26,21,19,17;5,9,15,29,20;0,17,29,20,11;2,27,3,26,22;3,8,21,22,25;1,7,3,25,2;0,22,4,5,6;13,14,21,15,23,20,24,17,19,18 holes=18
klein_c32_w52_t1220 28 1,5,8,26,25,11;0,5,22,20,14,11;7,15,9,12,24,23;5,8,21,6,22;7,12,19,27,18,23;0,1,22,3,8;3,21,17,20,22;2,15,16,27,18,24,12,4,23;0,5,3,21,16,13,26;2,15,17,20,14,10,12;9,12,19,11,14;0,25,13,19,10,14,1;2,9,10,19,4,7,24;8,16,25,11,19,26;1,20,9,10,11;2,7,16,17,9;7,15,17,21,8,13,25,27;6,20,9,15,16,21;4,23,24,7,27;4,12,10,11,13,26,27;1,14,9,17,6,22;3,6,17,16,8;1,5,3,6,20;2,7,4,18,24;2,23,18,7,12;0,11,13,16,27,26;0,8,13,19,27,25;4,18,7,16,25,26,19 holes=10
rp2_c33_w30_t244 28 2,23,12,15,3;6,25,11,8,19,21,14;0,23,16,24,3;0,2,24,20,15;6,17,27,7,26,25;9,10,27,12,23,16;1,25,4,17,14;4,27,22,21,26;1,11,14,17,19;5,10,18,20,24,16;5,9,18,13,27;1,25,26,14,8;0,15,17,27,5,23;10,27,22,19,18;1,6,17,8,11,26,21;0,12,17,19,20,3;2,23,5,9,24;4,6,14,8,19,15,12,27;9,20,19,13,10;1,8,17,15,20,18,13,22,21;3,24,9,18,19,15;1,14,26,7,22,19;7,27,13,19,21;0,2,16,5,12;2,3,20,9,16;1,6,4,26,11;4,7,21,14,11,25;4,7,22,13,10,5,12,17 holes=13
rp2_c33_w30_t254 28 2,23,12,15,3;6,25,11,8,19,21,14;0,23,16,24,3;0,2,24,20,15;6,27,7,26,25;9,10,27,12,23,16;1,25,4,27,17,14;4,27,22,21,26;1,11,14,17,19;5,10,18,20,24,16;5,9,18,13,27;1,25,26,14,8;0,15,17,27,5,23;10,27,22,19,18;1,6,17,8,11,26,21;0,12,17,19,20,3;2,23,5,9,24;6,14,8,19,15,12,27;9,20,19,13,10;1,8,17,15,20,18,13,22,21;3,24,9,18,19,15;1,14,26,7,22,19;7,27,13,19,21;0,2,16,5,12;2,3,20,9,16;1,6,4,26,11;4,7,21,14,11,25;4,7,22,13,10,5,12,17,6 holes=13
rp2_c33_w30_t262 28 2,23,12,15,3;6,25,11,8,19,21,14;0,23,16,24,3;0,2,24,20,15;6,17,7,26,25;9,10,27,12,23,16;1,25,4,17,14;4,17,27,22,21,26;1,11,14,17,19;5,10,18,20,24,16;5,9,18,13,27;1,25,26,14,8;0,15,17,27,5,23;10,27,22,19,18;1,6,17,8,11,26,21;0,12,17,19,20,3;2,23,5,9,24;4,7,27,12,15,19,8,14,6;9,20,19,13,10;1,8,17,15,20,18,13,22,21;3,24,9,18,19,15;1,14,26,7,22,19;7,27,13,19,21;0,2,16,5,12;2,3,20,9,16;1,6,4,26,11;4,7,21,14,11,25;5,10,13,22,7,17,12 holes=13
rp2_c33_w30_t289 28 2,23,12,15,3;6,25,11,8,19,21,14;0,23,16,24,3;0,2,24,20,15;6,17,7,26,25;9,10,27,12,23,16;1,25,4,17,8,14;4,17,27,22,21,26;1,11,14,6,17,19;5,10,18,20,24,16;5,9,18,13,27;1,25,26,14,8;0,15,17,27,5,23;10,27,22,19,18;1,6,8,11,26,21;0,12,17,19,20,3;2,23,5,9,24;4,7,27,12,15,19,8,6;9,20,19,13,10;1,8,17,15,20,18,13,22,21;3,24,9,18,19,15;1,14,26,7,22,19;7,27,13,19,21;0,2,16,5,12;2,3,20,9,16;1,6,4,26,11;4,7,21,14,11,25;5,10,13,22,7,17,12 holes=13
rp2_c33_w30_t311 28 2,23,12,15,3;6,25,11,8,19,21,14;0,23,16,24,3;0,2,24,20,15;6,17,7,26,25;9,10,27,12,23,16;1,25,4,17,14;4,17,27,22,21,26;1,11,14,17,19;5,10,18,20,24,16;5,9,18,13,27;1,25,26,21,14,8;0,15,17,27,5,23;10,27,22,19,18;1,6,17,8,11,21;0,12,17,19,20,3;2,23,5,9,24;4,7,27,12,15,19,8,14,6;9,20,19,13,10;1,8,17,15,20,18,13,22,21;3,24,9,18,19,15;1,14,11,26,7,22,19;7,27,13,19,21;0,2,16,5,12;2,3,20,9,16;1,6,4,26,11;4,7,21,11,25;5,10,13,22,7,17,12 holes=13
rp2_c33_w30_t322 28 2,23,12,15,3;6,25,8,19,21,14;0,23,16,24,3;0,2,24,20,15;6,17,7,26,25;9,10,27,12,23,16;1,25,4,17,14;4,17,27,22,21,26;1,25,11,14,17,19;5,10,18,20,24,16;5,9,18,13,27;8,25,26,21,14;0,15,17,27,5,23;10,27,22,19,18;1,6,17,8,11,21;0,12,17,19,20,3;2,23,5,9,24;4,7,27,12,15,19,8,14,6;9,20,19,13,10;1,8,17,15,20,18,13,22,21;3,24,9,18,19,15;1,14,11,26,7,22,19;7,27,13,19,21;0,2,16,5,12;2,3,20,9,16;1,6,4,26,11,8;4,7,21,11,25;5,10,13,22,7,17,12 holes=13
rp2_c33_w30_t327 28 2,23,12,15,3;6,25,11,8,19,21,14;0,23,16,24,3;0,2,24,20,15;6,17,7,26,25;9,10,27,12,23,16;1,25,4,17,14;4,17,27,22,21,26;1,11,14,17,15,19;5,10,18,20,24,16;5,9,18,13,27;1,25,26,21,14,8;0,15,17,27,5,23;10,27,22,19,18;1,6,17,8,11,21;0,12,17,8,19,20,3;2,23,5,9,24;4,7,27,12,15,8,14,6;9,20,19,13,10;1,8,15,20,18,13,22,21;3,24,9,18,19,15;1,14,11,26,7,22,19;7,27,13,19,21;0,2,16,5,12;2,3,20,9,16;1,6,4,26,11;4,7,21,11,25;5,10,13,22,7,17,12 holes=13
rp2_c33_w30_t330 28 2,23,12,15,3;6,25,11,8,19,21,14;0,23,16,24,3;0,2,24,20,15;6,17,7,26,25;9,10,27,12,23,16;1,25,4,17,14;4,17,27,22,21,26;1,11,14,17,15,19;5,10,18,20,24,16;5,9,18,13,27;1,25,26,14,8;0,15,17,27,5,23;10,27,22,19,18;1,6,17,8,11,26,21;0,12,17,8,19,20,3;2,23,5,9,24;4,7,27,12,15,8,14,6;9,20,19,13,10;1,8,15,20,18,13,22,21;3,24,9,18,19,15;1,14,26,7,22,19;7,27,13,19,21;0,2,16,5,12;2,3,20,9,16;1,6,4,26,11;4,7,21,14,11,25;5,10,13,22,7,17,12 holes=13
rp2_c33_w30_t340 28 2,23,12,15,3;6,25,11,8,19,21,14;0,23,16,24,3;0,2,24,20,15;6,17,27,7,26,25;9,10,27,12,23,16;1,25,4,17,14;4,27,22,21,26;1,11,14,17,15,19;5,10,18,20,24,16;5,9,18,13,27;1,25,26,21,14,8;0,15,17,27,5,23;10,27,22,19,18;1,6,17,8,11,21;0,12,17,8,19,20,3;2,23,5,9,24;4,6,14,8,15,12,27;9,20,19,13,10;1,8,15,20,18,13,22,21;3,24,9,18,19,15;1,14,11,26,7,22,19;7,27,13,19,21;0,2,16,5,12;2,3,20,9,16;1,6,4,26,11;4,7,21,11,25;4,7,22,13,10,5,12,17 holes=13
rp2_c33_w30_t367 28 2,23,12,15,3;6,25,11,8,19,21,14;0,23,16,24,3;0,2,24,20,15;6,17,27,7,26,25;9,10,27,12,23,16;1,25,4,17,14;4,27,22,21,26;1,11,14,17,15,19;5,10,18,20,24,16;5,9,18,13,27;1,25,26,14,8;0,15,17,27,5,23;10,27,22,19,18;1,6,17,8,11,26,21;0,12,17,8,19,20,3;2,23,5,9,24;4,6,14,8,15,12,27;9,20,19,13,10;1,8,15,20,18,13,22,21;3,24,9,18,19,15;1,14,26,7,22,19;7,27,13,19,21;0,2,16,5,12;2,3,20,9,16;1,6,4,26,11;4,7,21,14,11,25;4,7,22,13,10,5,12,17 holes=13
rp2_c33_w30_t384 28 2,23,12,15,3;6,25,11,8,15,19,21,14;0,23,16,24,3;0,2,24,20,15;6,17,27,7,26,25;9,10,27,12,23,16;1,25,4,17,14;4,27,22,21,26;1,11,14,17,15;5,10,18,20,24,16;5,9,18,13,27;1,25,26,21,14,8;0,15,17,27,5,23;10,27,22,19,18;1,6,17,8,11,21;0,12,17,8,1,19,20,3;2,23,5,9,24;4,6,14,8,15,12,27;9,20,19,13,10;1,15,20,18,13,22,21;3,24,9,18,19,15;1,14,11,26,7,22,19;7,27,13,19,21;0,2,16,5,12;2,3,20,9,16;1,6,4,26,11;4,7,21,11,25;4,7,22,13,10,5,12,17 holes=13
rp2_c33_w30_t404 28 2,23,12,15,3;6,25,11,8,15,19,21,14;0,23,16,24,3;0,2,24,20,15;6,27,7,26,25;9,10,27,12,23,16;1,25,4,27,17,14;4,27,22,21,26;1,11,14,17,15;5,10,18,20,24,16;5,9,18,13,27;1,25,26,21,14,8;0,15,17,27,5,23;10,27,22,19,18;1,6,17,8,11,21;0,12,17,8,1,19,20,3;2,23,5,9,24;6,14,8,15,12,27;9,20,19,13,10;1,15,20,18,13,22,21;3,24,9,18,19,15;1,14,11,26,7,22,19;7,27,13,19,21;0,2,16,5,12;2,3,20,9,16;1,6,4,26,11;4,7,21,11,25;4,7,22,13,10,5,12,17,6 holes=13
rp2_c33_w30_t406 28 2,23,12,15,3;6,25,11,8,15,19,21,14;0,23,16,24,3;0,2,24,20,15;6,27,7,26,25;9,10,27,12,23,16;1,25,4,27,17,14;4,27,22,21,26;1,11,14,17,15;5,10,18,20,24,16;5,9,18,13,27;1,25,26,14,8;0,15,17,27,5,23;10,27,22,19,18;1,6,17,8,11,26,21;0,12,17,8,1,19,20,3;2,23,5,9,24;6,14,8,15,12,27;9,20,19,13,10;1,15,20,18,13,22,21;3,24,9,18,19,15;1,14,26,7,22,19;7,27,13,19,21;0,2,16,5,12;2,3,20,9,16;1,6,4,26,11;4,7,21,14,11,25;4,7,22,13,10,5,12,17,6 holes=13
rp2_c33_w30_t452 28 2,23,12,15,3;6,25,11,8,19,21,14;0,23,16,24,3;0,2,24,20,15;6,27,7,26,25;9,10,27,12,23,16;1,25,4,27,17,14;4,27,22,21,26;1,11,14,17,15,19;5,10,18,20,24,16;5,9,18,13,27;1,25,26,21,14,8;0,15,17,27,5,23;10,27,22,19,18;1,6,17,8,11,21;0,12,17,8,19,20,3;2,23,5,9,24;6,14,8,15,12,27;9,20,19,13,10;1,8,15,20,18,13,22,21;3,24,9,18,19,15;1,14,11,26,7,22,19;7,27,13,19,21;0,2,16,5,12;2,3,20,9,16;1,6,4,26,11;4,7,21,11,25;4,7,22,13,10,5,12,17,6 holes=13
rp2_c33_w30_t510 28 2,23,12,15,3;6,25,11,8,19,21,14;0,23,16,24,3;0,2,24,20,15;6,27,7,26,25;9,10,27,12,23,16;1,25,4,27,17,14;4,27,22,21,26;1,11,14,17,19;5,10,18,20,24,16;5,9,18,13,27;1,25,26,21,14,8;0,15,17,27,5,23;10,27,22,19,18;1,6,17,8,11,21;0,12,17,19,20,3;2,23,5,9,24;6,14,8,19,15,12,27;9,20,19,13,10;1,8,17,15,20,18,13,22,21;3,24,9,18,19,15;1,14,11,26,7,22,19;7,27,13,19,21;0,2,16,5,12;2,3,20,9,16;1,6,4,26,11;4,7,21,11,25;4,7,22,13,10,5,12,17,6 holes=13
rp2_c33_w30_t528 28 2,23,12,15,3;6,25,11,8,19,21,14;0,23,16,24,3;0,2,24,20,15;6,27,7,26,25;9,10,27,12,23,16;1,25,4,27,17,14;4,27,22,21,26;1,11,14,17,15,19;5,10,18,20,24,16;5,9,18,13,27;1,25,26,14,8;0,15,17,27,5,23;10,27,22,19,18;1,6,17,8,11,26,21;0,12,17,8,19,20,3;2,23,5,9,24;6,14,8,15,12,27;9,20,19,13,10;1,8,15,20,18,13,22,21;3,24,9,18,19,15;1,14,26,7,22,19;7,27,13,19,21;0,2,16,5,12;2,3,20,9,16;1,6,4,26,11;4,7,21,14,11,25;4,7,22,13,10,5,12,17,6 holes=13
rp2_c33_w30_t562 28 2,23,12,15,3;6,25,8,15,19,21,14;0,23,16,24,3;0,2,24,20,15;6,27,7,26,25;9,10,27,12,23,16;1,25,4,27,17,14;4,27,22,21,26;1,25,11,14,17,15;5,10,18,20,24,16;5,9,18,13,27;8,25,26,21,14;0,15,17,27,5,23;10,27,22,19,18;1,6,17,8,11,21;0,12,17,8,1,19,20,3;2,23,5,9,24;6,14,8,15,12,27;9,20,19,13,10;1,15,20,18,13,22,21;3,24,9,18,19,15;1,14,11,26,7,22,19;7,27,13,19,21;0,2,16,5,12;2,3,20,9,16;1,6,4,26,11,8;4,7,21,11,25;4,7,22,13,10,5,12,17,6 holes=13
rp2_c33_w30_t849 28 2,23,12,15,3;6,25,11,8,15,19,21,14;0,23,16,24,3;0,2,24,20,15;6,17,27,7,26,25;9,10,27,12,23,16;1,25,4,17,14;4,27,22,21,26;1,11,14,17,15;5,10,18,20,24,16;5,9,18,13,27;1,25,26,14,8;0,15,17,27,5,23;10,27,22,19,18;1,6,17,8,11,26,21;0,12,17,8,1,19,20,3;2,23,5,9,24;4,6,14,8,15,12,27;9,20,19,13,10;1,15,20,18,13,22,21;3,24,9,18,19,15;1,14,26,7,22,19;7,27,13,19,21;0,2,16,5,12;2,3,20,9,16;1,6,4,26,11;4,7,21,14,11,25;4,7,22,13,10,5,12,17 holes=13
rp2_c33_w30_t873 28 2,23,12,15,3;6,25,11,8,19,21,14;0,23,16,24,3;0,2,24,20,15;6,17,27,7,26,25;9,10,27,12,23,16;1,25,4,17,14;4,27,22,21,26;1,11,14,17,19;5,10,18,20,24,16;5,9,18,13,27;1,25,26,21,14,8;0,15,17,27,5,23;10,27,22,19,18;1,6,17,8,11,21;0,12,17,19,20,3;2,23,5,9,24;4,6,14,8,19,15,12,27;9,20,19,13,10;1,8,17,15,20,18,13,22,21;3,24,9,18,19,15;1,14,11,26,7,22,19;7,27,13,19,21;0,2,16,5,12;2,3,20,9,16;1,6,4,26,11;4,7,21,11,25;4,7,22,13,10,5,12,17 holes=13
rp2_c33_w30_t996 28 2,23,12,15,3;6,25,11,19,21,14;0,23,16,24,3;0,2,24,20,15;6,17,27,7,26,25;9,10,27,12,23,16;1,25,4,17,14;4,27,22,21,26;11,14,17,15,19;5,10,18,20,24,16;5,9,18,13,27;1,25,26,21,14,8,19;0,15,17,27,5,23;10,27,22,19,18;1,6,17,8,11,21;0,12,17,8,19,20,3;2,23,5,9,24;4,6,14,8,15,12,27;9,20,19,13,10;1,11,8,15,20,18,13,22,21;3,24,9,18,19,15;1,14,11,26,7,22,19;7,27,13,19,21;0,2,16,5,12;2,3,20,9,16;1,6,4,26,11;4,7,21,11,25;4,7,22,13,10,5,12,17 holes=13
rp2_c33_w30_t1142 28 2,23,12,15,3;6,25,11,19,21,14;0,23,16,24,3;0,2,24,20,15;6,17,27,7,26,25;9,10,27,12,23,16;1,25,4,17,14;4,27,22,21,26;11,14,17,15,19;5,10,18,20,24,16;5,9,18,13,27;1,25,26,14,8,19;0,15,17,27,5,23;10,27,22,19,18;1,6,17,8,11,26,21;0,12,17,8,19,20,3;2,23,5,9,24;4,6,14,8,15,12,27;9,20,19,13,10;1,11,8,15,20,18,13,22,21;3,24,9,18,19,15;1,14,26,7,22,19;7,27,13,19,21;0,2,16,5,12;2,3,20,9,16;1,6,4,26,11;4,7,21,14,11,25;4,7,22,13,10,5,12,17 holes=13
rp2_c33_w30_t1192 28 2,23,12,15,3;6,25,11,8,19,21,14;0,23,16,24,3;0,2,24,20,15;6,17,27,7,26,25;9,10,27,12,23,16;1,25,4,17,14;4,27,22,21,26;1,11,14,15,19;5,10,18,20,24,16;5,9,18,13,27;1,25,26,21,14,8;0,15,17,27,5,23;10,27,22,19,18;1,6,17,15,8,11,21;0,12,17,14,8,19,20,3;2,23,5,9,24;4,6,14,15,12,27;9,20,19,13,10;1,8,15,20,18,13,22,21;3,24,9,18,19,15;1,14,11,26,7,22,19;7,27,13,19,21;0,2,16,5,12;2,3,20,9,16;1,6,4,26,11;4,7,21,11,25;4,7,22,13,10,5,12,17 holes=13
rp2_c33_w30_t1358 28 2,23,12,15,3;6,25,11,8,19,21,14;0,23,16,24,3;0,2,24,20,15;6,17,27,7,26,25;9,10,27,12,23,16;1,25,4,17,14;4,27,22,21,26;1,11,14,15,19;5,10,18,20,24,16;5,9,18,13,27;1,25,26,14,8;0,15,17,27,5,23;10,27,22,19,18;1,6,17,15,8,11,26,21;0,12,17,14,8,19,20,3;2,23,5,9,24;4,6,14,15,12,27;9,20,19,13,10;1,8,15,20,18,13,22,21;3,24,9,18,19,15;1,14,26,7,22,19;7,27,13,19,21;0,2,16,5,12;2,3,20,9,16;1,6,4,26,11;4,7,21,14,11,25;4,7,22,13,10,5,12,17 holes=13
rp2_c33_w30_t1404 28 2,23,12,15,3;6,25,11,8,19,21,14;0,23,16,24,3;0,2,24,20,15;6,17,27,7,26,25;9,10,27,12,23,16;1,25,4,17,14;4,27,22,21,26;1,11,17,15,19;5,10,18,20,24,16;5,9,18,13,27;1,25,26,21,14,17,8;0,15,17,27,5,23;10,27,22,19,18;1,6,17,11,21;0,12,17,8,19,20,3;2,23,5,9,24;4,6,14,11,8,15,12,27;9,20,19,13,10;1,8,15,20,18,13,22,21;3,24,9,18,19,15;1,14,11,26,7,22,19;7,27,13,19,21;0,2,16,5,12;2,3,20,9,16;1,6,4,26,11;4,7,21,11,25;4,7,22,13,10,5,12,17 holes=13
rp2_c33_w30_t1483 28 2,23,12,15,3;6,25,11,8,15,19,14;0,23,16,24,3;0,2,24,20,15;6,17,27,7,26,25;9,10,27,12,23,16;1,25,4,17,14;4,27,22,21,26;1,11,14,17,15;5,10,18,20,24,16;5,9,18,13,27;1,25,26,21,14,8;0,15,17,27,5,23;10,27,22,19,18;1,6,17,8,11,21,19;0,12,17,8,1,19,20,3;2,23,5,9,24;4,6,14,8,15,12,27;9,20,19,13,10;1,14,21,22,13,18,20,15;3,24,9,18,19,15;7,22,19,14,11,26;7,27,13,19,21;0,2,16,5,12;2,3,20,9,16;1,6,4,26,11;4,7,21,11,25;4,7,22,13,10,5,12,17 holes=13
rp2_c33_w30_t1484 28 2,23,12,15,3;6,25,11,8,15,19,14;0,23,16,24,3;0,2,24,20,15;6,17,27,7,26,25;9,10,27,12,23,16;1,25,4,17,14;4,27,22,21,26;1,11,14,17,15;5,10,18,20,24,16;5,9,18,13,27;1,25,26,14,8;0,15,17,27,5,23;10,27,22,19,18;1,6,17,8,11,26,21,19;0,12,17,8,1,19,20,3;2,23,5,9,24;4,6,14,8,15,12,27;9,20,19,13,10;1,14,21,22,13,18,20,15;3,24,9,18,19,15;7,22,19,14,26;7,27,13,19,21;0,2,16,5,12;2,3,20,9,16;1,6,4,26,11;4,7,21,14,11,25;4,7,22,13,10,5,12,17 holes=13
rp2_c33_w30_t1545 28 2,23,12,15,3;6,25,11,8,15,19,21,14;0,23,16,24,3;0,2,24,20,15;6,17,7,26,25;9,10,27,12,23,16;1,25,4,17,14;4,17,27,22,21,26;1,11,14,17,15;5,10,18,20,24,16;5,9,18,13,27;1,25,26,21,14,8;0,15,17,27,5,23;10,27,22,19,18;1,6,17,8,11,21;0,12,17,8,1,19,20,3;2,23,5,9,24;4,7,27,12,15,8,14,6;9,20,19,13,10;1,15,20,18,13,22,21;3,24,9,18,19,15;1,14,11,26,7,22,19;7,27,13,19,21;0,2,16,5,12;2,3,20,9,16;1,6,4,26,11;4,7,21,11,25;5,10,13,22,7,17,12 holes=13
rp2_c33_w30_t1683 28 2,23,12,15,3;6,25,11,8,19,21,14;0,23,16,24,3;0,2,24,20,15;6,27,7,26,25;9,10,27,12,23,16;1,25,4,27,17,14;4,27,22,21,26;1,11,17,15,19;5,10,18,20,24,16;5,9,18,13,27;1,25,26,21,14,17,8;0,15,17,27,5,23;10,27,22,19,18;1,6,17,11,21;0,12,17,8,19,20,3;2,23,5,9,24;6,14,11,8,15,12,27;9,20,19,13,10;1,8,15,20,18,13,22,21;3,24,9,18,19,15;1,14,11,26,7,22,19;7,27,13,19,21;0,2,16,5,12;2,3,20,9,16;1,6,4,26,11;4,7,21,11,25;4,7,22,13,10,5,12,17,6 holes=13
rp2_c33_w30_t1813 28 2,23,12,15,3;6,25,11,8,15,19,14;0,23,16,24,3;0,2,24,20,15;6,17,27,7,26,25;9,10,27,12,23,16;1,25,4,17,14;4,27,22,21,26;1,11,14,17,15;5,10,18,20,24,16;5,9,18,13,27;1,25,26,21,19,14,8;0,15,17,27,5,23;10,27,22,19,18;1,6,17,8,11,19;0,12,17,8,1,19,20,3;2,23,5,9,24;4,6,14,8,15,12,27;9,20,19,13,10;1,14,11,21,22,13,18,20,15;3,24,9,18,19,15;7,22,19,11,26;7,27,13,19,21;0,2,16,5,12;2,3,20,9,16;1,6,4,26,11;4,7,21,11,25;4,7,22,13,10,5,12,17 holes=13
rp2_c33_w30_t1854 28 2,23,12,15,3;6,25,11,8,15,19,14;0,23,16,24,3;0,2,24,20,15;6,17,27,7,26,25;9,10,27,12,23,16;1,25,4,17,14;4,27,22,21,26;1,11,14,17,15;5,10,18,20,24,16;5,9,18,13,27;1,25,26,21,14,8;0,15,17,27,5,23;10,27,22,19,18;1,6,17,8,11,21,22,19;0,12,17,8,1,19,20,3;2,23,5,9,24;4,6,14,8,15,12,27;9,20,19,13,10;1,14,22,13,18,20,15;3,24,9,18,19,15;7,22,14,11,26;7,27,13,19,14,21;0,2,16,5,12;2,3,20,9,16;1,6,4,26,11;4,7,21,11,25;4,7,22,13,10,5,12,17 holes=13
rp2_c33_w30_t1955 28 2,23,12,15,3;6,25,11,8,19,14;0,23,16,24,3;0,2,24,20,15;6,17,27,7,26,25;9,10,27,12,23,16;1,25,4,17,14;4,27,22,21,26;1,11,14,17,15,19;5,10,18,20,24,16;5,9,18,13,27;1,25,26,21,14,8;0,15,17,27,5,23;10,27,22,19,18;1,6,17,8,11,21,19;0,12,17,8,19,20,3;2,23,5,9,24;4,6,14,8,15,12,27;9,20,19,13,10;1,8,15,20,18,13,22,21,14;3,24,9,18,19,15;7,22,19,14,11,26;7,27,13,19,21;0,2,16,5,12;2,3,20,9,16;1,6,4,26,11;4,7,21,11,25;4,7,22,13,10,5,12,17 holes=13
rp2_c33_w30_t1958 28 2,23,12,15,3;6,25,11,8,19,14;0,23,16,24,3;0,2,24,20,15;6,17,27,7,26,25;9,10,27,12,23,16;1,25,4,17,14;4,27,22,21,26;1,11,14,17,15,19;5,10,18,20,24,16;5,9,18,13,27;1,25,26,21,14,8;0,15,17,27,5,23;10,27,22,19,18;1,6,17,8,11,21,22,19;0,12,17,8,19,20,3;2,23,5,9,24;4,6,14,8,15,12,27;9,20,19,13,10;1,8,15,20,18,13,22,14;3,24,9,18,19,15;7,22,14,11,26;7,27,13,19,14,21;0,2,16,5,12;2,3,20,9,16;1,6,4,26,11;4,7,21,11,25;4,7,22,13,10,5,12,17 holes=13
rp2_c33_w30_t1959 28 2,23,12,15,3;6,25,11,8,19,14;0,23,16,24,3;0,2,24,20,15;6,17,27,7,26,25;9,10,27,12,23,16;1,25,4,17,14;4,27,22,21,26;1,11,17,15,19;5,10,18,20,24,16;5,9,18,13,27;1,25,26,21,14,17,8;0,15,17,27,5,23;10,27,22,19,18;1,6,17,11,21,22,19;0,12,17,8,19,20,3;2,23,5,9,24;4,6,14,11,8,15,12,27;9,20,19,13,10;1,8,15,20,18,13,22,14;3,24,9,18,19,15;7,22,14,11,26;7,27,13,19,14,21;0,2,16,5,12;2,3,20,9,16;1,6,4,26,11;4,7,21,11,25;4,7,22,13,10,5,12,17 holes=13
rp2_c33_w43_t461 29 3,14,15,16,8,9,19;2,24,17,11,15,18,26;1,24,20,27,13,22,26;0,14,13,27,19;12,28,18,26,22;7,21,8,16,17,11;7,10,17,16,15,11;5,21,10,6,11;0,16,5,21,25,9;0,8,25,20,19;6,7,21,23,17;1,17,5,7,6,15;4,28,14,13,22;2,22,12,14,3,27;0,3,13,12,28,15;0,14,28,18,1,11,6,16;0,8,5,17,6,15;1,24,23,10,6,16,5,11;1,15,28,4,26;0,3,27,20,9;2,27,19,9,25,23,24;5,7,10,23,25,8;2,26,4,12,13;10,21,25,20,24,17;1,2,20,23,17;8,9,20,23,21;1,2,22,4,18;2,20,19,3,13;4,18,15,14,12 holes=19
rp2_c33_w43_t544 29 3,14,15,16,8,9,19;2,24,17,5,11,15,18,26;1,24,20,27,13,22,26;0,14,13,27,19;12,28,18,26,22;1,11,7,21,8,16,17;7,10,17,16,15,11;5,21,10,6,11;0,16,5,21,25,9;0,8,25,20,19;6,7,21,23,17;1,5,7,6,15;4,28,14,13,22;2,22,12,14,3,27;0,3,13,12,28,15;0,14,28,18,1,11,6,16;0,8,5,17,6,15;1,24,23,10,6,16,5;1,15,28,4,26;0,3,27,20,9;2,27,19,9,25,23,24;5,7,10,23,25,8;2,26,4,12,13;10,21,25,20,24,17;1,2,20,23,17;8,9,20,23,21;1,2,22,4,18;2,20,19,3,13;4,18,15,14,12 holes=19
rp2_c33_w43_t633 29 3,14,15,16,8,9,19;2,24,17,16,5,11,15,18,26;1,24,20,27,13,22,26;0,14,13,27,19;12,28,18,26,22;1,11,7,21,8,16;7,10,17,16,15,11;5,21,10,6,11;0,16,5,21,25,9;0,8,25,20,19;6,7,21,23,17;1,5,7,6,15;4,28,14,13,22;2,22,12,14,3,27;0,3,13,12,28,15;0,14,28,18,1,11,6,16;0,8,5,1,17,6,15;1,24,23,10,6,16;1,15,28,4,26;0,3,27,20,9;2,27,19,9,25,23,24;5,7,10,23,25,8;2,26,4,12,13;10,21,25,20,24,17;1,2,20,23,17;8,9,20,23,21;1,2,22,4,18;2,20,19,3,13;4,18,15,14,12 holes=19
torus_c41_w2_t1087 31 6,20,12,29,11,19,7;11,19,17,23,30;3,10,9,16,7,19;2,10,18,22,19;12,14,15,21,27,29;19,30,23,25,28;0,20,13,8,7;0,6,8,16,2,19;6,7,16,24,15,13;2,10,28,19,17,16;2,9,28,25,17,18,3;0,19,1,30,29;0,29,4,14,20;6,20,14,15,8;4,12,20,13,15;4,14,13,8,24,21;2,7,8,24,26,22,18,17,9;1,19,9,16,18,10,25,23;3,10,17,16,22;0,7,2,3,22,27,30,5,28,9,17,1,11;0,6,13,14,12;4,15,24,26,27;3,19,27,26,16,18;1,17,25,5,30;8,16,26,21,15;5,28,10,17,23;16,22,27,21,24;4,29,30,19,22,26,21;5,19,9,10,25;0,12,4,27,30,11;1,11,29,27,19,5,23 holes=26
torus_c41_w2_t1096 31 6,20,12,29,11,19,7;11,19,17,23,30;3,9,16,7,19;2,9,10,18,22,19;12,14,15,21,27,29;19,30,23,25,28;0,20,13,8,7;0,6,8,16,2,19;6,7,16,24,15,13;2,3,10,28,19,17,16;3,9,28,25,17,18;0,19,1,30,29;0,29,4,14,20;6,20,14,15,8;4,12,20,13,15;4,14,13,8,24,21;2,7,8,24,26,22,18,17,9;1,19,9,16,18,10,25,23;3,10,17,16,22;0,7,2,3,22,27,30,5,28,9,17,1,11;0,6,13,14,12;4,15,24,26,27;3,19,27,26,16,18;1,17,25,5,30;8,16,26,21,15;5,28,10,17,23;16,22,27,21,24;4,29,30,19,22,26,21;5,19,9,10,25;0,12,4,27,30,11;1,11,29,27,19,5,23 holes=26
torus_c41_w2_t1118 31 6,20,12,29,11,19,7;11,19,17,23,30;3,9,16,7,19;2,9,10,18,22,19;12,14,15,21,27,29;19,27,30,23,25,28;0,20,13,8,7;0,6,8,16,2,19;6,7,16,24,15,13;2,3,10,28,19,17,16;3,9,28,25,17,18;0,19,1,30,29;0,29,4,14,20;6,20,14,15,8;4,12,20,13,15;4,14,13,8,24,21;2,7,8,24,26,22,18,17,9;1,19,9,16,18,10,25,23;3,10,17,16,22;0,7,2,3,22,27,5,28,9,17,1,11;0,6,13,14,12;4,15,24,26,27;3,19,27,26,16,18;1,17,25,5,30;8,16,26,21,15;5,28,10,17,23;16,22,27,21,24;4,29,30,5,19,22,26,21;5,19,9,10,25;0,12,4,27,30,11;1,11,29,27,5,23 holes=26
torus_c41_w2_t1127 31 6,20,12,29,11,19,7;9,17,23,30,11,19;3,9,16,7,19;2,9,10,18,22,19;12,14,15,21,27,29;19,30,23,25,28;0,20,13,8,7;0,6,8,16,2,19;6,7,16,24,15,13;1,17,16,2,3,10,28,19;3,9,28,25,17,18;0,19,1,30,29;0,29,4,14,20;6,20,14,15,8;4,12,20,13,15;4,14,13,8,24,21;2,7,8,24,26,22,18,17,9;1,9,16,18,10,25,23;3,10,17,16,22;0,7,2,3,22,27,30,5,28,9,1,11;0,6,13,14,12;4,15,24,26,27;3,19,27,26,16,18;1,17,25,5,30;8,16,26,21,15;5,28,10,17,23;16,22,27,21,24;4,29,30,19,22,26,21;5,19,9,10,25;0,12,4,27,30,11;1,11,29,27,19,5,23 holes=26
torus_c41_w2_t1128 31 6,20,12,29,11,19,7;9,17,23,30,11,19;3,9,16,7,19;2,9,10,18,22,19;12,14,15,21,27,29;19,27,30,23,25,28;0,20,13,8,7;0,6,8,16,2,19;6,7,16,24,15,13;1,17,16,2,3,10,28,19;3,9,28,25,17,18;0,19,1,30,29;0,29,4,14,20;6,20,14,15,8;4,12,20,13,15;4,14,13,8,24,21;2,7,8,24,26,22,18,17,9;1,9,16,18,10,25,23;3,10,17,16,22;0,7,2,3,22,27,5,28,9,1,11;0,6,13,14,12;4,15,24,26,27;3,19,27,26,16,18;1,17,25,5,30;8,16,26,21,15;5,28,10,17,23;16,22,27,21,24;4,29,30,5,19,22,26,21;5,19,9,10,25;0,12,4,27,30,11;1,11,29,27,5,23 holes=26
torus_c41_w2_t1158 31 6,20,12,29,11,19,7;9,17,23,30,11,19;3,9,16,7,19;2,9,10,18,22,19;12,14,15,21,27,29;19,30,23,25,28;0,20,13,8,7;0,6,8,16,2,19;6,7,16,24,15,13;1,17,16,2,3,10,28,19;3,9,28,25,18;0,19,1,30,29;0,29,4,14,20;6,20,14,15,8;4,12,20,13,15;4,14,13,8,24,21;2,7,8,24,26,22,18,17,9;1,9,16,18,25,23;3,10,25,17,16,22;0,7,2,3,22,27,30,5,28,9,1,11;0,6,13,14,12;4,15,24,26,27;3,19,27,26,16,18;1,17,25,5,30;8,16,26,21,15;5,28,10,18,17,23;16,22,27,21,24;4,29,30,19,22,26,21;5,19,9,10,25;0,12,4,27,30,11;1,11,29,27,19,5,23 holes=26
torus_c41_w2_t1182 31 6,20,12,29,11,19,7;9,17,23,30,11,19;3,10,9,16,7,19;2,10,18,22,19;12,14,15,21,27,29;19,30,23,25,28;0,20,13,8,7;0,6,8,16,2,19;6,7,16,24,15,13;1,17,16,2,10,28,19;2,3,18,25,28,9;0,19,1,30,29;0,29,4,14,20;6,20,14,15,8;4,12,20,13,15;4,14,13,8,24,21;2,7,8,24,26,22,18,17,9;1,9,16,18,25,23;3,10,25,17,16,22;0,7,2,3,22,27,30,5,28,9,1,11;0,6,13,14,12;4,15,24,26,27;3,19,27,26,16,18;1,17,25,5,30;8,16,26,21,15;5,28,10,18,17,23;16,22,27,21,24;4,29,30,19,22,26,21;5,19,9,10,25;0,12,4,27,30,11;1,11,29,27,19,5,23 holes=26
torus_c41_w2_t1189 31 6,20,12,29,11,19,7;9,17,23,30,11,19;3,9,16,7,19;2,9,10,18,22,19;12,14,15,21,27,29;19,30,23,25,28;0,20,13,8,7;0,6,8,16,2,19;6,7,16,24,15,13;1,17,16,2,3,10,28,19;3,9,28,25,18;0,19,1,30,29;0,29,4,14,20;6,20,14,15,8;4,12,20,13,15;4,14,13,8,24,21;2,7,8,24,26,22,18,17,9;1,9,16,18,23;3,10,25,23,17,16,22;0,7,2,3,22,27,30,5,28,9,1,11;0,6,13,14,12;4,15,24,26,27;3,19,27,26,16,18;1,17,18,25,5,30;8,16,26,21,15;5,28,10,18,23;16,22,27,21,24;4,29,30,19,22,26,21;5,19,9,10,25;0,12,4,27,30,11;1,11,29,27,19,5,23 holes=26
torus_c41_w2_t1202 31 6,20,12,29,11,19,7;5,23,17,9,19,11,30;3,9,16,7,19;2,9,10,18,22,19;12,14,15,21,27,29;1,23,25,28,19,30;0,20,13,8,7;0,6,8,16,2,19;6,7,16,24,15,13;1,17,16,2,3,10,28,19;3,9,28,25,18;0,19,1,30,29;0,29,4,14,20;6,20,14,15,8;4,12,20,13,15;4,14,13,8,24,21;2,7,8,24,26,22,18,17,9;1,9,16,18,23;3,10,25,23,17,16,22;0,7,2,3,22,27,30,5,28,9,1,11;0,6,13,14,12;4,15,24,26,27;3,19,27,26,16,18;1,5,25,18,17;8,16,26,21,15;5,28,10,18,23;16,22,27,21,24;4,29,30,19,22,26,21;5,19,9,10,25;0,12,4,27,30,11;1,11,29,27,19,5 holes=26
torus_c41_w2_t1207 31 6,20,12,29,11,19,7;11,19,17,23,30;3,9,16,7,19;2,9,10,18,22,19;12,14,15,21,27,29;19,30,23,25,28;0,20,13,8,7;0,6,8,16,2,19;6,7,16,24,15,13;2,3,10,28,19,17,16;3,9,28,25,18;0,19,1,30,29;0,29,4,14,20;6,20,14,15,8;4,12,20,13,15;4,14,13,8,24,21;2,7,8,24,26,22,18,17,9;1,19,9,16,18,23;3,10,25,23,17,16,22;0,7,2,3,22,27,30,5,28,9,17,1,11;0,6,13,14,12;4,15,24,26,27;3,19,27,26,16,18;1,17,18,25,5,30;8,16,26,21,15;5,28,10,18,23;16,22,27,21,24;4,29,30,19,22,26,21;5,19,9,10,25;0,12,4,27,30,11;1,11,29,27,19,5,23 holes=26
torus_c41_w2_t1254 31 6,20,12,29,11,19,7;9,17,23,30,11,19,28;3,9,16,7,19;2,9,10,18,22,19;12,14,15,21,27,29;19,30,23,25,28;0,20,13,8,7;0,6,8,16,2,19;6,7,16,24,15,13;1,17,16,2,3,10,28;3,9,28,25,18;0,19,1,30,29;0,29,4,14,20;6,20,14,15,8;4,12,20,13,15;4,14,13,8,24,21;2,7,8,24,26,22,18,17,9;1,9,16,18,23;3,10,25,23,17,16,22;0,7,2,3,22,27,30,5,28,1,11;0,6,13,14,12;4,15,24,26,27;3,19,27,26,16,18;1,17,18,25,5,30;8,16,26,21,15;5,28,10,18,23;16,22,27,21,24;4,29,30,19,22,26,21;1,9,10,25,5,19;0,12,4,27,30,11;1,11,29,27,19,5,23 holes=26
torus_c41_w2_t1289 31 6,20,12,29,11,19,7;9,17,23,30,11,19;3,9,16,7,19;2,9,10,22,19;12,14,15,21,27,29;19,30,23,25,28;0,20,13,8,7;0,6,8,16,2,19;6,7,16,24,15,13;1,17,16,2,3,10,28,19;3,9,28,25,18,22;0,19,1,30,29;0,29,4,14,20;6,20,14,15,8;4,12,20,13,15;4,14,13,8,24,21;2,7,8,24,26,22,18,17,9;1,9,16,18,23;10,22,16,17,23,25;0,7,2,3,22,27,30,5,28,9,1,11;0,6,13,14,12;4,15,24,26,27;3,10,18,16,26,27,19;1,17,18,25,5,30;8,16,26,21,15;5,28,10,18,23;16,22,27,21,24;4,29,30,19,22,26,21;5,19,9,10,25;0,12,4,27,30,11;1,11,29,27,19,5,23 holes=26
torus_c41_w2_t1306 31 6,20,12,29,11,19,7;9,17,23,30,11,19;3,10,9,16,7,19;2,10,18,22,19;12,14,15,21,27,29;19,30,23,25,28;0,20,13,8,7;0,6,8,16,2,19;6,7,16,24,15,13;1,17,16,2,10,28,19;2,3,18,25,28,9;0,19,1,30,29;0,29,4,14,20;6,20,14,15,8;4,12,20,13,15;4,14,13,8,24,21;2,7,8,24,26,22,18,17,9;1,9,16,18,23;3,10,25,23,17,16,22;0,7,2,3,22,27,30,5,28,9,1,11;0,6,13,14,12;4,15,24,26,27;3,19,27,26,16,18;1,17,18,25,5,30;8,16,26,21,15;5,28,10,18,23;16,22,27,21,24;4,29,30,19,22,26,21;5,19,9,10,25;0,12,4,27,30,11;1,11,29,27,19,5,23 holes=26
torus_c41_w55_t1338 28 2,10,23,5,7,8;3,25,10,13,9,15;0,10,25,21,14,15,9,8;1,25,4,20,16,15;3,25,26,12,18,20;0,7,19,6,11,17,22,16,15,23;5,19,23,24,11;0,5,19,13,8;0,7,13,9,2;1,13,8,2,15;0,2,25,1,13,23;5,6,24,14,27,12,17;4,18,17,11,27,26;1,9,8,7,19,23,10;2,15,24,11,27,21;1,3,16,5,23,24,14,2,9;3,15,5,22,20;5,11,12,18,22;4,12,17,22,20;5,6,23,13,7;3,4,18,22,16;2,25,26,27,14;5,16,20,18,17;0,5,15,24,6,19,13,10;6,11,14,15,23;1,3,4,26,21,2,10;4,12,27,21,25;11,12,26,21,14 holes=21
torus_c41_w55_t1541 28 2,10,23,5,7,8;3,25,10,13,9;0,10,25,21,14,15,9,8;1,25,4,20,16,15,9;3,25,26,12,18,20;0,7,19,6,11,17,22,16,15,23;5,19,23,24,11;0,5,19,13,8;0,7,13,9,2;1,13,8,2,15,3;0,2,25,1,13,23;5,6,24,14,27,12,17;4,18,17,11,27,26;1,9,8,7,19,23,10;2,15,24,11,27,21;2,9,3,16,5,23,24,14;3,15,5,22,20;5,11,12,18,22;4,12,17,22,20;5,6,23,13,7;3,4,18,22,16;2,25,26,27,14;5,16,20,18,17;0,5,15,24,6,19,13,10;6,11,14,15,23;1,3,4,26,21,2,10;4,12,27,21,25;11,12,26,21,14 holes=21
torus_c41_w55_t1618 28 2,10,23,5,7,8;3,25,10,13,9;0,10,25,21,14,15,3,9,8;1,25,4,20,16,15,2,9;3,25,26,12,18,20;0,7,19,6,11,17,22,16,15,23;5,19,23,24,11;0,5,19,13,8;0,7,13,9,2;1,13,8,2,3;0,2,25,1,13,23;5,6,24,14,27,12,17;4,18,17,11,27,26;1,9,8,7,19,23,10;2,15,24,11,27,21;2,3,16,5,23,24,14;3,15,5,22,20;5,11,12,18,22;4,12,17,22,20;5,6,23,13,7;3,4,18,22,16;2,25,26,27,14;5,16,20,18,17;0,5,15,24,6,19,13,10;6,11,14,15,23;1,3,4,26,21,2,10;4,12,27,21,25;11,12,26,21,14 holes=21
klein_c42_w35_t1048 32 4,26,29,25,30;5,14,24,23,27;6,8,9,10,17,16;4,7,21,31,26;0,26,3,7,8,9,30;1,14,15,25,27;2,8,13,18,12,22,16;3,4,8,28,21;2,9,4,7,28,13,6;2,10,24,19,30,4,8;2,9,24,13,28,11,17;10,17,12,22,23,31,21,28;6,22,11,17,18;6,8,28,10,24,20,18;1,5,15,19,24;5,14,19,30,25;2,17,20,22,6;2,10,11,12,18,20,16;6,12,17,20,13;9,24,14,15,30;13,18,17,16,22,24;3,31,11,28,7;6,12,11,23,24,20,16;1,24,22,11,31,27;1,23,22,20,13,10,9,19,14;0,29,27,5,15,30;0,4,3,31,29;1,5,25,29,31,23;7,8,13,10,11,21;0,25,27,31,26;0,25,15,19,9,4;3,21,11,23,27,29,26 holes=26
klein_c42_w35_t1051 32 4,26,29,25,30;5,14,24,23,27;6,8,9,10,17,16;4,7,21,31,26;0,26,3,7,8,9,30;1,14,15,25,27;2,8,13,18,12,22,16;3,4,8,28,21;2,9,4,7,28,13,6;2,10,24,19,30,4,8;2,9,24,13,28,11,17;10,17,12,23,31,21,28;6,22,23,11,17,18;6,8,28,10,24,20,18;1,5,15,19,24;5,14,19,30,25;2,17,20,22,6;2,10,11,12,18,20,16;6,12,17,20,13;9,24,14,15,30;13,18,17,16,22,24;3,31,11,28,7;6,12,23,24,20,16;1,24,22,12,11,31,27;1,23,22,20,13,10,9,19,14;0,29,27,5,15,30;0,4,3,31,29;1,5,25,29,31,23;7,8,13,10,11,21;0,25,27,31,26;0,25,15,19,9,4;3,21,11,23,27,29,26 holes=26
klein_c42_w35_t1055 32 4,26,29,25,30;5,14,24,23,27;6,8,9,10,17,16;4,7,21,31,26;0,26,3,7,8,9,30;1,14,15,25,27;2,8,28,13,18,12,22,16;3,4,8,28,21;2,9,4,7,28,6;2,10,24,19,30,4,8;2,9,24,13,28,11,17;10,17,12,23,31,21,28;6,22,23,11,17,18;6,28,10,24,20,18;1,5,15,19,24;5,14,19,30,25;2,17,20,22,6;2,10,11,12,18,20,16;6,12,17,20,13;9,24,14,15,30;13,18,17,16,22,24;3,31,11,28,7;6,12,23,24,20,16;1,24,22,12,11,31,27;1,23,22,20,13,10,9,19,14;0,29,27,5,15,30;0,4,3,31,29;1,5,25,29,31,23;6,8,7,21,11,10,13;0,25,27,31,26;0,25,15,19,9,4;3,21,11,23,27,29,26 holes=26
klein_c42_w35_t1058 32 4,26,29,25,30;5,14,24,23,27;6,8,9,10,17,16;4,7,21,31,26;0,26,3,7,8,9,30;1,14,15,25,27;2,8,28,13,18,12,22,16;3,4,8,28,21;2,9,4,7,28,6;2,10,24,19,30,4,8;2,9,24,13,28,17;12,23,31,21,28,17;6,22,23,11,17,18;6,28,10,24,20,18;1,5,15,19,24;5,14,19,30,25;2,17,20,22,6;2,10,28,11,12,18,20,16;6,12,17,20,13;9,24,14,15,30;13,18,17,16,22,24;3,31,11,28,7;6,12,23,24,20,16;1,24,22,12,11,31,27;1,23,22,20,13,10,9,19,14;0,29,27,5,15,30;0,4,3,31,29;1,5,25,29,31,23;6,8,7,21,11,17,10,13;0,25,27,31,26;0,25,15,19,9,4;3,21,11,23,27,29,26 holes=26
klein_c42_w35_t1071 32 4,26,29,25,30;5,14,24,23,27;6,8,10,17,16;4,7,21,31,26;0,26,3,7,8,9,30;1,14,15,25,27;2,8,28,13,18,12,22,16;3,4,8,28,21;2,10,9,4,7,28,6;4,8,10,24,19,30;2,8,9,24,13,28,11,17;10,17,12,23,31,21,28;6,22,23,11,17,18;6,28,10,24,20,18;1,5,15,19,24;5,14,19,30,25;2,17,20,22,6;2,10,11,12,18,20,16;6,12,17,20,13;9,24,14,15,30;13,18,17,16,22,24;3,31,11,28,7;6,12,23,24,20,16;1,24,22,12,11,31,27;1,23,22,20,13,10,9,19,14;0,29,27,5,15,30;0,4,3,31,29;1,5,25,29,31,23;6,8,7,21,11,10,13;0,25,27,31,26;0,25,15,19,9,4;3,21,11,23,27,29,26 holes=26
klein_c42_w35_t1077 32 4,26,29,25,30;5,14,24,23,27;6,8,9,10,17,16;4,7,21,31,26;0,26,3,7,8,9,30;1,14,15,25,27;2,8,28,13,18,12,22,16;3,4,8,28,21;2,9,4,7,28,6;2,10,24,19,30,4,8;2,9,24,13,11,17;10,13,28,21,31,23,12,17;6,22,23,11,17,18;6,28,11,10,24,20,18;1,5,15,19,24;5,14,19,30,25;2,17,20,22,6;2,10,11,12,18,20,16;6,12,17,20,13;9,24,14,15,30;13,18,17,16,22,24;3,31,11,28,7;6,12,23,24,20,16;1,24,22,12,11,31,27;1,23,22,20,13,10,9,19,14;0,29,27,5,15,30;0,4,3,31,29;1,5,25,29,31,23;6,8,7,21,11,13;0,25,27,31,26;0,25,15,19,9,4;3,21,11,23,27,29,26 holes=26
klein_c42_w35_t1088 32 4,26,29,25,30;5,14,24,23,27;6,8,9,10,17,16;4,7,21,31,26;0,26,3,7,8,9,30;1,14,15,25,27;2,8,13,18,12,22,16;3,4,8,28,21;2,9,4,7,28,13,6;2,10,24,19,30,4,8;2,9,24,13,11,17;10,13,28,21,31,23,12,17;6,22,23,11,17,18;6,8,28,11,10,24,20,18;1,5,15,19,24;5,14,19,30,25;2,17,20,22,6;2,10,11,12,18,20,16;6,12,17,20,13;9,24,14,15,30;13,18,17,16,22,24;3,31,11,28,7;6,12,23,24,20,16;1,24,22,12,11,31,27;1,23,22,20,13,10,9,19,14;0,29,27,5,15,30;0,4,3,31,29;1,5,25,29,31,23;7,8,13,11,21;0,25,27,31,26;0,25,15,19,9,4;3,21,11,23,27,29,26 holes=26
klein_c42_w35_t1094 32 4,26,29,25,30;5,14,24,23,27;6,8,9,10,17,16;4,7,21,31,26;0,26,3,7,8,9,30;1,14,15,25,27;2,8,28,13,18,12,16;3,4,8,28,21;2,9,4,7,28,6;2,10,24,19,30,4,8;2,9,24,13,11,17;10,13,28,21,31,23,12,17;6,16,22,23,11,17,18;6,28,11,10,24,20,18;1,5,15,19,24;5,14,19,30,25;2,17,20,22,12,6;2,10,11,12,18,20,16;6,12,17,20,13;9,24,14,15,30;13,18,17,16,22,24;3,31,11,28,7;12,23,24,20,16;1,24,22,12,11,31,27;1,23,22,20,13,10,9,19,14;0,29,27,5,15,30;0,4,3,31,29;1,5,25,29,31,23;6,8,7,21,11,13;0,25,27,31,26;0,25,15,19,9,4;3,21,11,23,27,29,26 holes=26
klein_c42_w35_t1098 32 4,26,29,25,30;5,14,24,23,27;6,8,9,10,16;4,7,21,31,26;0,26,3,7,8,9,30;1,14,15,25,27;2,8,28,13,18,12,22,16;3,4,8,28,21;2,9,4,7,28,6;2,10,24,19,30,4,8;2,9,24,13,11,17,16;10,13,28,21,31,23,12,17;6,22,23,11,17,18;6,28,11,10,24,20,18;1,5,15,19,24;5,14,19,30,25;2,10,17,20,22,6;10,16,20,18,12,11;6,12,17,20,13;9,24,14,15,30;13,18,17,16,22,24;3,31,11,28,7;6,12,23,24,20,16;1,24,22,12,11,31,27;1,23,22,20,13,10,9,19,14;0,29,27,5,15,30;0,4,3,31,29;1,5,25,29,31,23;6,8,7,21,11,13;0,25,27,31,26;0,25,15,19,9,4;3,21,11,23,27,29,26 holes=26
klein_c42_w35_t1109 32 4,26,29,25,30;5,14,24,23,27;6,8,9,10,16;4,7,21,31,26;0,26,3,7,8,9,30;1,14,15,25,27;2,8,28,13,18,12,16;3,4,8,28,21;2,9,4,7,28,6;2,10,24,19,30,4,8;2,9,24,13,11,17,16;10,13,28,21,31,23,12,17;6,16,22,23,11,17,18;6,28,11,10,24,20,18;1,5,15,19,24;5,14,19,30,25;2,10,17,20,22,12,6;10,16,20,18,12,11;6,12,17,20,13;9,24,14,15,30;13,18,17,16,22,24;3,31,11,28,7;12,23,24,20,16;1,24,22,12,11,31,27;1,23,22,20,13,10,9,19,14;0,29,27,5,15,30;0,4,3,31,29;1,5,25,29,31,23;6,8,7,21,11,13;0,25,27,31,26;0,25,15,19,9,4;3,21,11,23,27,29,26 holes=26
klein_c42_w35_t1130 32 4,26,29,25,30;5,14,24,23,27;6,8,9,10,16;4,7,21,31,26;0,26,3,7,8,9,30;1,14,15,25,27;2,8,28,13,18,12,22,16;3,4,8,28,21;2,9,4,7,28,6;2,10,24,19,30,4,8;2,9,24,13,11,12,17,16;10,13,28,21,31,23,12;6,22,23,11,10,17,18;6,28,11,10,24,20,18;1,5,15,19,24;5,14,19,30,25;2,10,17,20,22,6;10,16,20,18,12;6,12,17,20,13;9,24,14,15,30;13,18,17,16,22,24;3,31,11,28,7;6,12,23,24,20,16;1,24,22,12,11,31,27;1,23,22,20,13,10,9,19,14;0,29,27,5,15,30;0,4,3,31,29;1,5,25,29,31,23;6,8,7,21,11,13;0,25,27,31,26;0,25,15,19,9,4;3,21,11,23,27,29,26 holes=26
klein_c42_w35_t1149 32 4,26,29,25,30;5,14,24,23,27;6,8,9,10,16;4,7,21,31,26;0,26,3,7,8,9,30;1,14,15,25,27;2,8,28,18,12,22,16;3,4,8,28,21;2,9,4,7,28,6;2,10,24,19,30,4,8;2,9,24,13,11,12,17,16;10,13,28,21,31,23,12;6,22,23,11,10,17,18;10,24,20,18,28,11;1,5,15,19,24;5,14,19,30,25;2,10,17,20,22,6;10,16,20,18,12;6,12,17,20,13,28;9,24,14,15,30;13,18,17,16,22,24;3,31,11,28,7;6,12,23,24,20,16;1,24,22,12,11,31,27;1,23,22,20,13,10,9,19,14;0,29,27,5,15,30;0,4,3,31,29;1,5,25,29,31,23;6,8,7,21,11,13,18;0,25,27,31,26;0,25,15,19,9,4;3,21,11,23,27,29,26 holes=26
klein_c42_w35_t1156 32 4,26,29,25,30;5,14,24,23,27;6,8,9,10,16;4,7,21,31,26;0,26,3,7,8,9,30;1,14,15,25,27;2,8,13,18,12,22,16;3,4,8,28,21;2,9,4,7,28,13,6;2,10,24,19,30,4,8;2,9,24,13,11,12,17,16;10,13,28,21,31,23,12;6,22,23,11,10,17,18;6,8,28,11,10,24,20,18;1,5,15,19,24;5,14,19,30,25;2,10,17,20,22,6;10,16,20,18,12;6,12,17,20,13;9,24,14,15,30;13,18,17,16,22,24;3,31,11,28,7;6,12,23,24,20,16;1,24,22,12,11,31,27;1,23,22,20,13,10,9,19,14;0,29,27,5,15,30;0,4,3,31,29;1,5,25,29,31,23;7,8,13,11,21;0,25,27,31,26;0,25,15,19,9,4;3,21,11,23,27,29,26 holes=26
klein_c42_w35_t1161 32 4,26,29,25,30;5,14,24,23,27;6,8,9,10,16;4,7,21,31,26;0,26,3,7,8,9,30;1,14,15,25,27;2,8,28,13,18,12,22,16;3,4,8,28,21;2,9,4,7,28,6;2,10,24,19,30,4,8;2,9,24,13,11,12,17,16;10,13,28,21,31,23,12;6,22,24,23,11,10,17,18;6,28,11,10,24,20,18;1,5,15,19,24;5,14,19,30,25;2,10,17,20,22,6;10,16,20,18,12;6,12,17,20,13;9,24,14,15,30;13,18,17,16,22,24;3,31,11,28,7;6,12,24,20,16;1,24,12,11,31,27;1,23,12,22,20,13,10,9,19,14;0,29,27,5,15,30;0,4,3,31,29;1,5,25,29,31,23;6,8,7,21,11,13;0,25,27,31,26;0,25,15,19,9,4;3,21,11,23,27,29,26 holes=26
klein_c42_w35_t1162 32 4,26,29,25,30;5,14,24,23,27;6,8,9,10,16;4,7,21,31,26;0,26,3,7,8,9,30;1,14,15,25,27;2,8,28,13,18,22,16;3,4,8,28,21;2,9,4,7,28,6;2,10,24,19,30,4,8;2,9,24,13,11,12,17,16;10,13,28,21,31,23,12;10,11,23,22,18,17;6,28,11,10,24,20,18;1,5,15,19,24;5,14,19,30,25;2,10,17,20,22,6;10,16,20,18,12;6,22,12,17,20,13;9,24,14,15,30;13,18,17,16,22,24;3,31,11,28,7;6,18,12,23,24,20,16;1,24,22,12,11,31,27;1,23,22,20,13,10,9,19,14;0,29,27,5,15,30;0,4,3,31,29;1,5,25,29,31,23;6,8,7,21,11,13;0,25,27,31,26;0,25,15,19,9,4;3,21,11,23,27,29,26 holes=26
klein_c42_w35_t1181 32 4,26,29,25,30;5,14,24,23,27;6,8,9,10,16;4,7,21,31,26;0,26,3,7,8,9,30;1,14,15,25,27;2,8,28,13,18,12,22,16;3,4,8,28,21;2,9,4,7,28,6;2,10,24,19,30,4,8;2,9,24,13,11,12,17,16;10,13,28,21,31,23,12;6,22,23,11,10,17,18;6,28,11,10,24,18;1,5,15,19,24;5,14,19,30,25;2,10,17,20,22,6;10,16,20,18,12;6,12,17,20,24,13;9,24,14,15,30;16,17,18,24,22;3,31,11,28,7;6,12,23,24,20,16;1,24,22,12,11,31,27;1,23,22,20,18,13,10,9,19,14;0,29,27,5,15,30;0,4,3,31,29;1,5,25,29,31,23;6,8,7,21,11,13;0,25,27,31,26;0,25,15,19,9,4;3,21,11,23,27,29,26 holes=26
klein_c42_w35_t1196 32 4,26,29,25,30;5,14,24,23,27;6,8,9,10,16;4,7,21,31,26;0,26,3,7,8,9,30;1,14,15,25,27;2,8,28,13,18,12,22,16;3,4,8,28,21;2,9,4,7,28,6;2,10,24,19,30,4,8;2,9,24,13,11,12,17,16;10,13,28,21,31,23,12;6,22,23,11,10,17,18;6,28,11,10,24,22,20,18;1,5,15,19,24;5,14,19,30,25;2,10,17,20,22,6;10,16,20,18,12;6,12,17,20,13;9,24,14,15,30;13,18,17,16,22;3,31,11,28,7;6,12,23,24,13,20,16;1,24,22,12,11,31,27;1,23,22,13,10,9,19,14;0,29,27,5,15,30;0,4,3,31,29;1,5,25,29,31,23;6,8,7,21,11,13;0,25,27,31,26;0,25,15,19,9,4;3,21,11,23,27,29,26 holes=26
klein_c42_w35_t1205 32 4,26,29,25,30;5,14,24,23,27;6,8,9,10,16;4,7,21,31,26;0,26,3,7,8,9,30;1,14,15,25,27;2,8,28,13,18,12,22,16;3,4,8,28,21;2,9,4,7,28,6;2,10,24,19,30,4,8;2,9,24,13,11,12,17,16;10,13,28,21,31,23,12;6,22,23,11,10,17,18;6,28,11,10,24,20,18;1,5,15,19,24;5,14,19,30,25;2,10,17,22,6;10,16,22,20,18,12;6,12,17,20,13;9,24,14,15,30;13,18,17,22,24;3,31,11,28,7;6,12,23,24,20,17,16;1,24,22,12,11,31,27;1,23,22,20,13,10,9,19,14;0,29,27,5,15,30;0,4,3,31,29;1,5,25,29,31,23;6,8,7,21,11,13;0,25,27,31,26;0,25,15,19,9,4;3,21,11,23,27,29,26 holes=26
klein_c42_w35_t1218 32 4,26,29,25,30;5,14,24,23,27;6,8,9,10,16;4,7,21,31,26;0,26,3,7,8,9,30;1,14,15,25,27;2,8,28,13,18,12,22,16;3,4,8,28,21;2,9,4,7,28,6;2,10,24,19,30,4,8;2,9,24,13,28,11,12,17,16;10,28,21,31,23,12;6,22,23,11,10,17,18;6,28,10,24,20,18;1,5,15,19,24;5,14,19,30,25;2,10,17,20,22,6;10,16,20,18,12;6,12,17,20,13;9,24,14,15,30;13,18,17,16,22,24;3,31,11,28,7;6,12,23,24,20,16;1,24,22,12,11,31,27;1,23,22,20,13,10,9,19,14;0,29,27,5,15,30;0,4,3,31,29;1,5,25,29,31,23;6,8,7,21,11,10,13;0,25,27,31,26;0,25,15,19,9,4;3,21,11,23,27,29,26 holes=26
klein_c42_w35_t1234 32 4,26,29,25,30;5,14,24,23,27;6,8,9,10,16;4,7,21,31,26;0,26,3,7,8,9,30;1,14,15,25,27;2,8,28,13,18,12,22,16;3,4,8,28,21;2,9,4,7,28,6;2,10,24,19,30,4,8;2,9,24,13,12,17,16;12,23,31,21,28,13;6,22,23,11,13,10,17,18;6,28,11,12,10,24,20,18;1,5,15,19,24;5,14,19,30,25;2,10,17,20,22,6;10,16,20,18,12;6,12,17,20,13;9,24,14,15,30;13,18,17,16,22,24;3,31,11,28,7;6,12,23,24,20,16;1,24,22,12,11,31,27;1,23,22,20,13,10,9,19,14;0,29,27,5,15,30;0,4,3,31,29;1,5,25,29,31,23;6,8,7,21,11,13;0,25,27,31,26;0,25,15,19,9,4;3,21,11,23,27,29,26 holes=26
klein_c42_w35_t1238 32 4,26,29,25,30;5,14,24,23,27;6,8,9,10,16,22;4,7,21,31,26;0,26,3,7,8,9,30;1,14,15,25,27;2,8,28,13,18,12,22;3,4,8,28,21;2,9,4,7,28,6;2,10,24,19,30,4,8;2,9,24,13,11,12,17,16;10,13,28,21,31,23,12;6,22,23,11,10,17,18;6,28,11,10,24,20,18;1,5,15,19,24;5,14,19,30,25;2,10,17,20,22;10,16,20,18,12;6,12,17,20,13;9,24,14,15,30;13,18,17,16,22,24;3,31,11,28,7;2,6,12,23,24,20,16;1,24,22,12,11,31,27;1,23,22,20,13,10,9,19,14;0,29,27,5,15,30;0,4,3,31,29;1,5,25,29,31,23;6,8,7,21,11,13;0,25,27,31,26;0,25,15,19,9,4;3,21,11,23,27,29,26 holes=26
klein_c42_w35_t1242 32 4,26,29,25,30;5,14,24,23,27;6,8,9,10,17,16;4,7,21,31,26;0,26,3,7,8,9,30;1,14,15,25,27;2,8,28,13,18,12,22,16;3,4,8,28,21;2,9,4,7,28,6;2,10,24,19,30,4,8;2,9,24,13,11,12,17;10,13,28,21,31,23,12;6,22,23,11,10,17,18;6,28,11,10,24,20,18;1,5,15,19,24;5,14,19,30,25;2,17,20,22,6;2,10,12,18,20,16;6,12,17,20,13;9,24,14,15,30;13,18,17,16,22,24;3,31,11,28,7;6,12,23,24,20,16;1,24,22,12,11,31,27;1,23,22,20,13,10,9,19,14;0,29,27,5,15,30;0,4,3,31,29;1,5,25,29,31,23;6,8,7,21,11,13;0,25,27,31,26;0,25,15,19,9,4;3,21,11,23,27,29,26 holes=26
klein_c42_w35_t1257 32 4,26,29,25,30;5,14,24,23,27;6,8,9,10,16;4,7,21,31,26;0,26,3,7,8,9,30;1,14,15,25,27;2,8,28,13,18,12,22,16;3,4,8,28,21;2,9,4,7,28,6;2,10,24,19,30,4,8;2,9,24,13,11,12,17,16;10,13,28,21,31,23,12;6,22,23,11,10,17,18;6,28,11,10,24,20,18;1,5,15,19,24;5,14,19,30,25;2,10,17,20,24,22,6;10,16,20,18,12;6,12,17,20,13;9,24,14,15,30;13,18,17,16,24;3,31,11,28,7;6,12,23,24,16;1,24,22,12,11,31,27;1,23,22,16,20,13,10,9,19,14;0,29,27,5,15,30;0,4,3,31,29;1,5,25,29,31,23;6,8,7,21,11,13;0,25,27,31,26;0,25,15,19,9,4;3,21,11,23,27,29,26 holes=26
klein_c42_w35_t1262 32 4,26,29,25,30;5,14,24,23,27;6,8,9,10,16;4,7,21,31,26;0,26,3,7,8,9,30;1,14,15,25,27;2,8,28,11,13,18,12,22,16;3,4,8,28,21;2,9,4,7,28,6;2,10,24,19,30,4,8;2,9,24,13,11,12,17,16;6,13,10,12,23,31,21,28;6,22,23,11,10,17,18;6,11,10,24,20,18;1,5,15,19,24;5,14,19,30,25;2,10,17,20,22,6;10,16,20,18,12;6,12,17,20,13;9,24,14,15,30;13,18,17,16,22,24;3,31,11,28,7;6,12,23,24,20,16;1,24,22,12,11,31,27;1,23,22,20,13,10,9,19,14;0,29,27,5,15,30;0,4,3,31,29;1,5,25,29,31,23;6,8,7,21,11;0,25,27,31,26;0,25,15,19,9,4;3,21,11,23,27,29,26 holes=26
klein_c42_w35_t1283 32 4,26,29,25,30;5,14,24,23,27;6,8,9,10,16;4,7,21,31,26;0,26,3,7,8,9,30;1,14,15,25,27;2,8,28,13,18,12,22,16;3,4,8,28,21;2,9,4,7,28,6;2,10,24,19,30,4,8;2,9,24,13,11,12,17,16;10,13,28,21,31,23,22,12;6,22,11,10,17,18;6,28,11,10,24,20,18;1,5,15,19,24;5,14,19,30,25;2,10,17,20,22,6;10,16,20,18,12;6,12,17,20,13;9,24,14,15,30;13,18,17,16,22,24;3,31,11,28,7;6,12,11,23,24,20,16;1,24,22,11,31,27;1,23,22,20,13,10,9,19,14;0,29,27,5,15,30;0,4,3,31,29;1,5,25,29,31,23;6,8,7,21,11,13;0,25,27,31,26;0,25,15,19,9,4;3,21,11,23,27,29,26 holes=26
klein_c42_w35_t1326 32 4,26,29,25,30;5,14,24,23,27;6,8,9,10,16;4,7,21,31,26;0,26,3,7,8,9,30;1,14,15,25,27;2,8,28,13,18,12,16;3,4,8,28,21;2,9,4,7,28,6;2,10,24,19,30,4,8;2,9,24,13,11,12,17,16;10,13,28,21,31,23,12;6,16,22,23,11,10,17,18;6,28,11,10,24,20,18;1,5,15,19,24;5,14,19,30,25;2,10,17,20,22,12,6;10,16,20,18,12;6,12,17,20,13;9,24,14,15,30;13,18,17,16,22,24;3,31,11,28,7;12,23,24,20,16;1,24,22,12,11,31,27;1,23,22,20,13,10,9,19,14;0,29,27,5,15,30;0,4,3,31,29;1,5,25,29,31,23;6,8,7,21,11,13;0,25,27,31,26;0,25,15,19,9,4;3,21,11,23,27,29,26 holes=26
rp2_c43_w4_t758 27 1,6,4,18,3,7;0,6,19,24,21,11,7;3,7,12,16,8,17;0,18,17,2,7;0,18,22,15,6;7,9,14,10,12;0,1,19,17,8,15,4;0,1,11,9,5,12,2,3;2,16,23,25,20,13,15,6,17;5,7,11,26,25,14;5,12,16,23,14;1,7,9,26,21;2,7,5,10,16;8,20,24,22,15;5,9,25,23,10;4,6,8,13,22;2,8,23,10,12;2,8,6,19,18,3;0,4,22,24,19,17,3;1,6,17,18,24;8,13,24,21,26,25;1,11,26,20,24;4,18,24,13,15;8,16,10,14,25;1,19,18,22,13,20,21;8,20,26,9,14,23;9,11,21,20,25 holes=21
rp2_c43_w4_t922 27 1,6,4,18,3,7;0,6,19,24,21,11,7;3,7,12,16,8,17;0,18,19,17,2,7;0,18,22,15,6;7,9,14,10,12;0,1,19,17,8,15,4;0,1,11,9,5,12,2,3;2,16,23,25,20,13,15,6,17;5,7,11,26,25,14;5,12,16,23,14;1,7,9,26,21;2,7,5,10,16;8,20,24,22,15;5,9,25,23,10;4,6,8,13,22;2,8,23,10,12;2,8,6,19,3;0,4,22,24,19,3;1,6,17,3,18,24;8,13,24,21,26,25;1,11,26,20,24;4,18,24,13,15;8,16,10,14,25;1,19,18,22,13,20,21;8,20,26,9,14,23;9,11,21,20,25 holes=21
rp2_c43_w6_t257 30 2,4,5,19,8;3,6,13,23,11,20;0,4,7,16,8;1,6,21,26,20;0,2,7,13,6,5;0,4,6,9,16,23,11,18,19;1,3,21,17,12,9,5,4,13;2,4,13,23,16;0,19,26,29,27,25,9,16,2;5,6,12,14,25,8,16;14,28,22,27,25;1,23,5,18,20;6,17,24,28,14,9;1,23,7,4,6;9,12,28,10,25;17,24,29,26,21;2,7,23,5,9,8;6,21,15,24,12;5,19,26,20,11;0,8,26,18,5;1,3,26,18,11;3,6,17,15,26;10,27,29,24,28;1,11,5,16,7,13;12,17,15,29,22,28;8,9,14,10,27;3,20,18,19,8,29,15,21;8,25,10,22,29;10,14,12,24,22;8,27,22,24,15,26 holes=21
rp2_c43_w6_t259 30 2,4,5,19,8;3,6,13,23,11,20;0,4,7,16,8;1,6,21,26,20;0,2,7,13,6,5;0,4,6,16,23,11,18,19;1,3,21,17,12,9,16,5,4,13;2,4,13,23,16;0,19,26,29,27,25,9,16,2;6,12,14,25,8,16;14,28,22,27,25;1,23,5,18,20;6,17,24,28,14,9;1,23,7,4,6;9,12,28,10,25;17,24,29,26,21;2,7,23,5,6,9,8;6,21,15,24,12;5,19,26,20,11;0,8,26,18,5;1,3,26,18,11;3,6,17,15,26;10,27,29,24,28;1,11,5,16,7,13;12,17,15,29,22,28;8,9,14,10,27;3,20,18,19,8,29,15,21;8,25,10,22,29;10,14,12,24,22;8,27,22,24,15,26 holes=21
rp2_c43_w6_t287 30 2,4,5,19,8;3,6,13,11,20;0,4,7,16,8;1,6,21,26,20;0,2,7,13,6,5;0,4,6,16,23,11,18,19;1,3,21,17,12,9,16,5,4,13;2,4,13,23,16;0,19,26,29,27,25,9,16,2;6,12,14,25,8,16;14,28,22,27,25;1,13,23,5,18,20;6,17,24,28,14,9;1,11,23,7,4,6;9,12,28,10,25;17,24,29,26,21;2,7,23,5,6,9,8;6,21,15,24,12;5,19,26,20,11;0,8,26,18,5;1,3,26,18,11;3,6,17,15,26;10,27,29,24,28;5,16,7,13,11;12,17,15,29,22,28;8,9,14,10,27;3,20,18,19,8,29,15,21;8,25,10,22,29;10,14,12,24,22;8,27,22,24,15,26 holes=21
rp2_c43_w6_t296 30 2,4,6,5,19,8;3,6,13,23,11,20;0,4,7,16,8;1,6,21,26,20;0,2,7,13,6;0,6,16,23,11,18,19;0,4,13,1,3,21,17,12,9,16,5;2,4,13,23,16;0,19,26,29,27,25,9,16,2;6,12,14,25,8,16;14,28,22,27,25;1,23,5,18,20;6,17,24,28,14,9;1,23,7,4,6;9,12,28,10,25;17,24,29,26,21;2,7,23,5,6,9,8;6,21,15,24,12;5,19,26,20,11;0,8,26,18,5;1,3,26,18,11;3,6,17,15,26;10,27,29,24,28;1,11,5,16,7,13;12,17,15,29,22,28;8,9,14,10,27;3,20,18,19,8,29,15,21;8,25,10,22,29;10,14,12,24,22;8,27,22,24,15,26 holes=21
rp2_c43_w6_t418 30 2,4,5,19,8;3,6,13,23,11,20;0,4,7,16,8;1,6,21,26,20;0,2,7,13,6,5;0,4,6,16,7,23,11,18,19;1,3,21,17,12,9,16,5,4,13;2,4,13,23,5,16;0,19,26,29,27,25,9,16,2;6,12,14,25,8,16;14,28,22,27,25;1,23,5,18,20;6,17,24,28,14,9;1,23,7,4,6;9,12,28,10,25;17,24,29,26,21;2,7,5,6,9,8;6,21,15,24,12;5,19,26,20,11;0,8,26,18,5;1,3,26,18,11;3,6,17,15,26;10,27,29,24,28;1,11,5,7,13;12,17,15,29,22,28;8,9,14,10,27;3,20,18,19,8,29,15,21;8,25,10,22,29;10,14,12,24,22;8,27,22,24,15,26 holes=21
rp2_c43_w7_t1555 24 15,21,18,16,19;4,23,8,10,22;4,5,12,18,16,6,22;5,8,23,19,15,17,11;1,23,19,20,5,2,22;2,4,20,8,3,11,14,12;2,16,19,20,10,22;9,14,12,21,13;1,10,20,5,3,23;7,14,11,17,13;1,22,6,20,8;3,5,14,9,17;2,5,14,7,21,18;7,9,17,15,21;5,11,9,7,12;0,21,13,17,3,19;0,18,2,6,19;3,11,9,13,15;0,16,2,12,21;0,15,3,23,4,20,6,16;4,5,8,10,6,19;0,15,13,7,12,18;1,10,6,2,4;1,4,19,3,8 holes=16
rp2_c43_w7_t1648 24 15,21,18,16,19;4,23,8,10,22;4,5,12,18,16,6,22;5,8,23,19,15,17,11;1,23,19,20,5,2,22;2,4,20,10,8,3,11,14,12;2,16,19,20,10,22;9,14,12,21,13;1,10,5,3,23;7,14,11,17,13;1,22,6,20,5,8;3,5,14,9,17;2,5,14,7,21,18;7,9,17,15,21;5,11,9,7,12;0,21,13,17,3,19;0,18,2,6,19;3,11,9,13,15;0,16,2,12,21;0,15,3,23,4,20,6,16;4,5,10,6,19;0,15,13,7,12,18;1,10,6,2,4;1,4,19,3,8 holes=16
rp2_c43_w37_t120 30 2,10,6,22,13,17;3,15,25,13,22;0,10,4,29,20,28,17;1,15,18,16,22;2,29,9,11,10;6,22,16,8,9,29;0,22,5,29,24,10;15,25,27,20,29,18;5,9,11,19,16;4,11,8,5,29;0,2,4,11,19,26,12,24,6;4,9,8,19,10;10,26,23,14,24;0,22,1,25,21,17;12,24,29,18,23;1,25,7,18,3;3,22,5,8,19,26,23,18;0,2,28,21,13;3,15,7,29,14,23,16;8,16,26,10,11;2,28,27,7,29;13,17,28,27,25;0,6,5,16,3,1,13;12,14,18,16,26;6,10,12,14,29;1,15,7,27,21,13;10,12,23,16,19;7,20,28,21,25;2,20,27,21,17;2,4,9,5,6,24,14,18,7,20 holes=3
rp2_c43_w37_t122 30 2,10,24,6,22,13,17;3,15,25,13,22;0,10,4,29,20,28,17;1,15,18,16,22;2,29,9,11,10;6,22,16,8,9,29;0,22,5,29,24;15,25,27,20,29,18;5,9,11,19,16;4,11,8,5,29;0,2,4,11,19,26,12,24;4,9,8,19,10;10,26,23,14,24;0,22,1,25,21,17;12,24,29,18,23;1,25,7,18,3;3,22,5,8,19,26,23,18;0,2,28,21,13;3,15,7,29,14,23,16;8,16,26,10,11;2,28,27,7,29;13,17,28,27,25;0,6,5,16,3,1,13;12,14,18,16,26;0,6,29,14,12,10;1,15,7,27,21,13;10,12,23,16,19;7,20,28,21,25;2,20,27,21,17;2,4,9,5,6,24,14,18,7,20 holes=3
rp2_c43_w37_t125 30 2,10,6,22,13,17;3,15,25,13,22;0,10,4,29,20,28,17;1,15,18,16,22;2,29,9,11,10;6,22,16,8,9,29,24;0,22,5,24,10;15,25,27,20,29,18;5,9,11,19,16;4,11,8,5,29;0,2,4,11,19,26,12,24,6;4,9,8,19,10;10,26,23,14,24;0,22,1,25,21,17;12,24,29,18,23;1,25,7,18,3;3,22,5,8,19,26,23,18;0,2,28,21,13;3,15,7,29,14,23,16;8,16,26,10,11;2,28,27,7,29;13,17,28,27,25;0,6,5,16,3,1,13;12,14,18,16,26;5,6,10,12,14,29;1,15,7,27,21,13;10,12,23,16,19;7,20,28,21,25;2,20,27,21,17;2,4,9,5,24,14,18,7,20 holes=3
rp2_c43_w37_t185 30 2,10,6,22,13,17;3,15,25,13,22;0,10,4,29,20,28,17;1,15,18,16,22;2,29,9,11,10;6,22,16,8,9,29,14,24;0,22,5,24,10;15,25,27,20,29,18;5,9,11,19,16;4,11,8,5,29;0,2,4,11,19,26,12,24,6;4,9,8,19,10;10,26,23,14,24;0,22,1,25,21,17;5,24,12,23,18,29;1,25,7,18,3;3,22,5,8,19,26,23,18;0,2,28,21,13;3,15,7,29,14,23,16;8,16,26,10,11;2,28,27,7,29;13,17,28,27,25;0,6,5,16,3,1,13;12,14,18,16,26;5,6,10,12,14;1,15,7,27,21,13;10,12,23,16,19;7,20,28,21,25;2,20,27,21,17;2,4,9,5,14,18,7,20 holes=3
rp2_c43_w37_t352 30 2,10,6,22,13,17;3,15,25,13,22;0,10,4,29,20,28,17;1,15,18,16,22;2,29,9,11,10;6,22,16,8,9,14,24;0,22,5,24,10;15,25,27,20,29,18;5,9,11,19,16;4,11,8,5,14,29;0,2,4,11,19,26,12,24,6;4,9,8,19,10;10,26,23,14,24;0,22,1,25,21,17;5,9,29,18,23,12,24;1,25,7,18,3;3,22,5,8,19,26,23,18;0,2,28,21,13;3,15,7,29,14,23,16;8,16,26,10,11;2,28,27,7,29;13,17,28,27,25;0,6,5,16,3,1,13;12,14,18,16,26;5,6,10,12,14;1,15,7,27,21,13;10,12,23,16,19;7,20,28,21,25;2,20,27,21,17;2,4,9,14,18,7,20 holes=3
rp2_c43_w44_t90 33 4,14,8,19,7;8,14,15,26,21;9,24,18,12,11;5,6,13,27,30,24;0,14,29,32,17,10,7;3,6,15,30,27,22,18,24;3,5,15,26,28,23,13;0,4,10,25,19;0,14,1,21,16,19;2,24,30,29,32,11;4,7,25,31,17;2,9,32,17,31,12;2,11,31,25,18;3,6,23,22,27;0,4,29,15,1,8;1,14,29,30,5,6,26;8,19,25,20,23,28,21;4,32,11,31,10;2,12,25,20,22,5,24;0,7,25,16,8;16,23,22,18,25;1,8,16,28,26;5,18,20,23,13,27;6,13,22,20,16,28;2,9,30,3,5,18;7,19,16,20,18,12,31,10;1,21,28,6,15;3,13,22,5,30;6,23,16,21,26;4,14,15,30,9,32;3,24,9,29,15,5,27;10,25,12,11,17;4,17,11,9,29 holes=7
rp2_c43_w44_t94 33 4,14,8,19,7;8,14,15,26,21;9,24,18,12,11;5,6,13,27,30,24;0,14,29,32,17,10,7;3,6,15,30,27,22,24;3,5,15,26,28,23,13;0,4,10,25,19;0,14,1,21,16,19;2,24,30,29,32,11;4,7,25,31,17;2,9,32,17,31,12;2,11,31,25,18;3,6,23,22,27;0,4,29,15,1,8;1,14,29,30,5,6,26;8,19,25,20,23,28,21;4,32,11,31,10;2,12,25,20,22,24;0,7,25,16,8;16,23,22,18,25;1,8,16,28,26;5,24,18,20,23,13,27;6,13,22,20,16,28;2,9,30,3,5,22,18;7,19,16,20,18,12,31,10;1,21,28,6,15;3,13,22,5,30;6,23,16,21,26;4,14,15,30,9,32;3,24,9,29,15,5,27;10,25,12,11,17;4,17,11,9,29 holes=7
rp2_c43_w44_t114 33 4,14,8,19,7;8,14,15,26,21;9,24,18,12,11;5,6,13,27,30,9,24;0,14,29,32,17,10,7;3,6,15,30,27,22,18,24;3,5,15,26,28,23,13;0,4,10,25,19;0,14,1,21,16,19;2,24,3,30,29,32,11;4,7,25,31,17;2,9,32,17,31,12;2,11,31,25,18;3,6,23,22,27;0,4,29,15,1,8;1,14,29,30,5,6,26;8,19,25,20,23,28,21;4,32,11,31,10;2,12,25,20,22,5,24;0,7,25,16,8;16,23,22,18,25;1,8,16,28,26;5,18,20,23,13,27;6,13,22,20,16,28;2,9,3,5,18;7,19,16,20,18,12,31,10;1,21,28,6,15;3,13,22,5,30;6,23,16,21,26;4,14,15,30,9,32;3,9,29,15,5,27;10,25,12,11,17;4,17,11,9,29 holes=7
rp2_c43_w44_t123 33 4,14,8,19,7;8,14,15,26,21;9,24,18,12,11;5,6,13,27,30,24;0,14,29,32,17,10,7;3,6,15,30,27,18,24;3,5,15,26,28,23,13;0,4,10,25,19;0,14,1,21,16,19;2,24,30,29,32,11;4,7,25,31,17;2,9,32,17,31,12;2,11,31,25,18;3,6,23,22,27;0,4,29,15,1,8;1,14,29,30,5,6,26;8,19,25,20,23,28,21;4,32,11,31,10;2,12,25,20,22,27,5,24;0,7,25,16,8;16,23,22,18,25;1,8,16,28,26;13,27,18,20,23;6,13,22,20,16,28;2,9,30,3,5,18;7,19,16,20,18,12,31,10;1,21,28,6,15;3,13,22,18,5,30;6,23,16,21,26;4,14,15,30,9,32;3,24,9,29,15,5,27;10,25,12,11,17;4,17,11,9,29 holes=7
rp2_c43_w44_t143 33 4,14,8,19,7;8,14,15,26,21;9,24,18,12,11;5,6,13,27,30,24;0,14,29,32,17,10,7;3,6,15,30,27,22,18,24;3,5,15,26,28,23,13;0,4,10,25,19;0,14,1,21,16,19;2,24,29,32,11;4,7,25,31,17;2,9,32,17,31,12;2,11,31,25,18;3,6,23,22,27;0,4,29,15,1,8;1,14,29,30,5,6,26;8,19,25,20,23,28,21;4,32,11,31,10;2,12,25,20,22,5,24;0,7,25,16,8;16,23,22,18,25;1,8,16,28,26;5,18,20,23,13,27;6,13,22,20,16,28;2,9,29,30,3,5,18;7,19,16,20,18,12,31,10;1,21,28,6,15;3,13,22,5,30;6,23,16,21,26;4,14,15,30,24,9,32;3,24,29,15,5,27;10,25,12,11,17;4,17,11,9,29 holes=7
rp2_c43_w44_t168 33 4,14,8,19,7;8,14,15,26,21;9,24,18,12,11,32;5,6,13,27,30,24;0,14,29,32,17,10,7;3,6,15,30,27,22,18,24;3,5,15,26,28,23,13;0,4,10,25,19;0,14,1,21,16,19;2,24,30,29,32;4,7,25,31,17;2,12,31,17,32;2,11,31,25,18;3,6,23,22,27;0,4,29,15,1,8;1,14,29,30,5,6,26;8,19,25,20,23,28,21;4,32,11,31,10;2,12,25,20,22,5,24;0,7,25,16,8;16,23,22,18,25;1,8,16,28,26;5,18,20,23,13,27;6,13,22,20,16,28;2,9,30,3,5,18;7,19,16,20,18,12,31,10;1,21,28,6,15;3,13,22,5,30;6,23,16,21,26;4,14,15,30,9,32;3,24,9,29,15,5,27;10,25,12,11,17;2,9,29,4,17,11 holes=7
rp2_c43_w44_t178 33 4,14,8,19,7;8,14,15,26,21;9,30,24,18,12,11;5,6,13,27,30,24;0,14,29,32,17,10,7;3,6,15,30,27,22,18,24;3,5,15,26,28,23,13;0,4,10,25,19;0,14,1,21,16,19;2,30,29,32,11;4,7,25,31,17;2,9,32,17,31,12;2,11,31,25,18;3,6,23,22,27;0,4,29,15,1,8;1,14,29,30,5,6,26;8,19,25,20,23,28,21;4,32,11,31,10;2,12,25,20,22,5,24;0,7,25,16,8;16,23,22,18,25;1,8,16,28,26;5,18,20,23,13,27;6,13,22,20,16,28;2,30,3,5,18;7,19,16,20,18,12,31,10;1,21,28,6,15;3,13,22,5,30;6,23,16,21,26;4,14,15,30,9,32;2,9,29,15,5,27,3,24;10,25,12,11,17;4,17,11,9,29 holes=7
