26 40 0 2 0 8 0 6 0 4 0 1 1 3 1 5 2 3 2 10 3 11 4 5 4 7 5 14 6 7 6 9 7 16 8 9 8 10 9 18 10 12 11 13 11 15 12 13 12 20 13 21 14 15 14 17 15 23 16 17 16 19 17 24 18 19 18 20 19 25 20 22 21 22 21 23 22 25 23 24 24 25 0 1 2 3 4
26 40 0 2 0 8 0 6 0 4 0 1 1 3 1 5 2 10 2 3 3 11 4 5 4 7 5 14 6 7 6 9 7 16 8 9 8 10 9 18 10 12 11 13 11 15 12 13 12 20 13 21 14 15 14 17 15 23 16 17 16 19 17 24 18 19 18 20 19 25 20 22 21 22 21 23 22 25 23 24 24 25 0 1 2 3 4
26 40 0 4 0 1 0 2 0 8 0 6 1 3 1 5 2 10 2 3 3 11 4 5 4 7 5 14 6 7 6 9 7 16 8 9 8 10 9 18 10 12 11 13 11 15 12 13 12 20 13 21 14 15 14 17 15 23 16 17 16 19 17 24 18 19 18 20 19 25 20 22 21 22 21 23 22 25 23 24 24 25 0 1 2 3 4
26 40 0 4 0 1 0 2 0 8 0 6 1 3 1 5 2 10 2 3 3 11 4 5 4 7 5 14 6 7 6 9 7 16 8 10 8 9 9 18 10 12 11 13 11 15 12 13 12 20 13 21 14 15 14 17 15 23 16 17 16 19 17 24 18 19 18 20 19 25 20 22 21 22 21 23 22 25 23 24 24 25 0 1 2 3 4
26 40 0 4 0 1 0 2 0 8 0 6 1 3 1 5 2 10 2 3 3 11 4 5 4 7 5 14 6 7 6 9 7 16 8 10 8 9 9 18 10 12 11 15 11 13 12 13 12 20 13 21 14 15 14 17 15 23 16 17 16 19 17 24 18 19 18 20 19 25 20 22 21 22 21 23 22 25 23 24 24 25 0 1 2 3 4
26 40 0 4 0 1 0 2 0 8 0 6 1 3 1 5 2 3 2 10 3 11 4 5 4 7 5 14 6 7 6 9 7 16 8 10 8 9 9 18 10 12 11 15 11 13 12 13 12 20 13 21 14 15 14 17 15 23 16 17 16 19 17 24 18 19 18 20 19 25 20 22 21 22 21 23 22 25 23 24 24 25 0 1 2 3 4
26 40 0 4 0 1 0 2 0 8 0 6 1 3 1 5 2 10 2 3 3 11 4 5 4 7 5 14 6 7 6 9 7 16 8 10 8 9 9 18 10 12 11 15 11 13 12 13 12 20 13 21 14 15 14 17 15 23 16 17 16 19 17 24 18 19 18 20 19 25 20 22 21 23 21 22 22 25 23 24 24 25 0 1 2 3 4
26 40 0 4 0 1 0 2 0 8 0 6 1 3 1 5 2 10 2 3 3 11 4 5 4 7 5 14 6 7 6 9 7 16 8 10 8 9 9 18 10 12 11 15 11 13 12 13 12 20 13 21 14 15 14 17 15 23 16 17 16 19 17 24 18 20 18 19 19 25 20 22 21 23 21 22 22 25 23 24 24 25 0 1 2 3 4
26 40 0 4 0 6 0 8 0 2 0 1 1 3 1 5 2 10 2 3 3 11 4 5 4 7 5 14 6 7 6 9 7 16 8 10 8 9 9 18 10 12 11 15 11 13 12 13 12 20 13 21 14 15 14 17 15 23 16 17 16 19 17 24 18 20 18 19 19 25 20 22 21 23 21 22 22 25 23 24 24 25 0 1 2 3 4
26 40 0 4 0 6 0 8 0 2 0 1 1 3 1 5 2 10 2 3 3 11 4 7 4 5 5 14 6 7 6 9 7 16 8 10 8 9 9 18 10 12 11 15 11 13 12 13 12 20 13 21 14 15 14 17 15 23 16 17 16 19 17 24 18 20 18 19 19 25 20 22 21 23 21 22 22 25 23 24 24 25 0 1 2 3 4
26 40 0 4 0 6 0 8 0 2 0 1 1 3 1 5 2 3 2 10 3 11 4 7 4 5 5 14 6 7 6 9 7 16 8 10 8 9 9 18 10 12 11 15 11 13 12 13 12 20 13 21 14 15 14 17 15 23 16 17 16 19 17 24 18 20 18 19 19 25 20 22 21 23 21 22 22 25 23 24 24 25 0 1 2 3 4
26 40 0 6 0 8 0 2 0 1 0 4 1 3 1 5 2 3 2 10 3 11 4 7 4 5 5 14 6 7 6 9 7 16 8 10 8 9 9 18 10 12 11 15 11 13 12 13 12 20 13 21 14 15 14 17 15 23 16 17 16 19 17 24 18 20 18 19 19 25 20 22 21 23 21 22 22 25 23 24 24 25 0 1 2 3 4
26 40 0 2 0 1 0 4 0 6 0 8 1 3 1 5 2 3 2 10 3 11 4 7 4 5 5 14 6 7 6 9 7 16 8 10 8 9 9 18 10 12 11 15 11 13 12 13 12 20 13 21 14 15 14 17 15 23 16 17 16 19 17 24 18 20 18 19 19 25 20 22 21 23 21 22 22 25 23 24 24 25 0 1 2 3 4
26 40 0 2 0 1 0 4 0 6 0 8 1 3 1 5 2 3 2 10 3 11 4 7 4 5 5 14 6 7 6 9 7 16 8 10 8 9 9 18 10 12 11 15 11 13 12 20 12 13 13 21 14 15 14 17 15 23 16 17 16 19 17 24 18 20 18 19 19 25 20 22 21 23 21 22 22 25 23 24 24 25 0 1 2 3 4
26 40 0 2 0 1 0 4 0 6 0 8 1 3 1 5 2 10 2 3 3 11 4 7 4 5 5 14 6 7 6 9 7 16 8 10 8 9 9 18 10 12 11 15 11 13 12 20 12 13 13 21 14 15 14 17 15 23 16 17 16 19 17 24 18 20 18 19 19 25 20 22 21 23 21 22 22 25 23 24 24 25 0 1 2 3 4
26 40 0 2 0 1 0 4 0 6 0 8 1 3 1 5 2 10 2 3 3 11 4 7 4 5 5 14 6 7 6 9 7 16 8 10 8 9 9 18 10 12 11 15 11 13 12 20 12 13 13 21 14 15 14 17 15 23 16 17 16 19 17 24 18 19 18 20 19 25 20 22 21 23 21 22 22 25 23 24 24 25 0 1 2 3 4
26 40 0 4 0 1 0 2 0 8 0 6 1 3 1 5 2 10 2 3 3 11 4 7 4 5 5 14 6 7 6 9 7 16 8 10 8 9 9 18 10 12 11 15 11 13 12 20 12 13 13 21 14 15 14 17 15 23 16 17 16 19 17 24 18 19 18 20 19 25 20 22 21 23 21 22 22 25 23 24 24 25 0 1 2 3 4
26 40 0 4 0 1 0 2 0 8 0 6 1 3 1 5 2 10 2 3 3 11 4 7 4 5 5 14 6 7 6 9 7 16 8 10 8 9 9 18 10 12 11 15 11 13 12 20 12 13 13 21 14 15 14 19 15 22 16 17 16 19 17 18 17 24 18 20 19 25 20 23 21 23 21 22 22 25 23 24 24 25 0 1 2 3 4
26 40 0 6 0 4 0 1 0 2 0 8 1 3 1 5 2 10 2 3 3 11 4 7 4 5 5 14 6 7 6 9 7 16 8 10 8 9 9 18 10 12 11 15 11 13 12 20 12 13 13 21 14 15 14 19 15 22 16 17 16 19 17 18 17 24 18 20 19 25 20 23 21 23 21 22 22 25 23 24 24 25 0 1 2 3 4
26 40 0 2 0 8 0 6 0 4 0 1 1 3 1 5 2 10 2 3 3 11 4 7 4 5 5 14 6 7 6 9 7 16 8 10 8 9 9 18 10 12 11 15 11 13 12 20 12 13 13 21 14 15 14 19 15 22 16 17 16 19 17 18 17 24 18 20 19 25 20 23 21 23 21 22 22 25 23 24 24 25 0 1 2 3 4
26 40 0 2 0 8 0 6 0 4 0 1 1 5 1 3 2 10 2 3 3 11 4 7 4 5 5 14 6 7 6 9 7 16 8 10 8 9 9 18 10 12 11 15 11 13 12 20 12 13 13 21 14 15 14 19 15 22 16 17 16 19 17 18 17 24 18 20 19 25 20 23 21 23 21 22 22 25 23 24 24 25 0 1 2 3 4
50 76 0 1 0 11 0 32 0 23 0 3 1 2 1 10 2 3 2 40 3 21 4 5 4 9 4 24 5 8 5 13 6 7 6 8 6 28 7 9 7 30 8 39 9 45 10 11 10 48 11 34 12 13 12 16 12 24 13 17 14 15 14 17 14 26 15 16 15 27 16 41 17 39 18 19 18 20 18 31 19 23 19 32 20 22 20 36 21 22 21 23 22 41 24 29 25 26 25 27 25 46 26 38 27 44 28 29 28 37 29 30 30 47 31 33 31 35 32 34 33 34 33 49 35 36 35 42 36 44 37 38 37 46 38 39 40 41 40 47 42 43 42 49 43 44 43 45 45 46 47 48 48 49 0 1 2 3 4
50 76 0 1 0 11 0 32 0 23 0 3 1 2 1 10 2 3 2 40 3 21 4 5 4 9 4 24 5 8 5 13 6 7 6 8 6 28 7 9 7 30 8 39 9 45 10 11 10 48 11 34 12 13 12 16 12 46 13 17 14 15 14 17 14 26 15 16 15 27 16 41 17 39 18 19 18 20 18 31 19 23 19 32 20 22 20 36 21 22 21 23 22 41 24 25 24 29 25 26 25 27 26 38 27 44 28 29 28 37 29 30 30 47 31 33 31 35 32 34 33 34 33 49 35 36 35 42 36 44 37 38 37 46 38 39 40 41 40 47 42 43 42 49 43 44 43 45 45 46 47 48 48 49 0 1 2 3 4
50 76 0 1 0 11 0 32 0 23 0 3 1 2 1 10 2 3 2 40 3 21 4 5 4 9 4 24 5 8 5 13 6 7 6 8 6 28 7 9 7 30 8 39 9 45 10 11 10 48 11 34 12 13 12 16 12 46 13 17 14 15 14 17 14 26 15 16 15 27 16 30 17 39 18 19 18 20 18 31 19 23 19 32 20 22 20 36 21 22 21 23 22 41 24 25 24 29 25 26 25 27 26 38 27 44 28 29 28 37 29 41 30 47 31 33 31 35 32 34 33 34 33 49 35 36 35 42 36 44 37 38 37 46 38 39 40 41 40 47 42 43 42 49 43 44 43 45 45 46 47 48 48 49 0 1 2 3 4
50 76 0 23 0 32 0 11 0 1 0 3 1 2 1 10 2 3 2 40 3 21 4 5 4 9 4 24 5 8 5 13 6 7 6 8 6 28 7 9 7 30 8 39 9 45 10 11 10 48 11 34 12 13 12 16 12 46 13 17 14 15 14 17 14 26 15 16 15 27 16 30 17 39 18 19 18 20 18 31 19 23 19 32 20 22 20 36 21 22 21 23 22 41 24 25 24 29 25 26 25 27 26 38 27 44 28 29 28 37 29 41 30 47 31 33 31 35 32 34 33 34 33 49 35 36 35 42 36 44 37 38 37 46 38 39 40 41 40 47 42 43 42 49 43 44 43 45 45 46 47 48 48 49 0 1 2 3 4
50 76 0 23 0 32 0 11 0 1 0 3 1 2 1 10 2 3 2 40 3 21 4 5 4 9 4 24 5 8 5 13 6 7 6 39 6 28 7 9 7 30 8 38 8 39 9 45 10 11 10 48 11 34 12 13 12 16 12 46 13 17 14 15 14 17 14 26 15 16 15 27 16 30 17 39 18 19 18 20 18 31 19 23 19 32 20 22 20 36 21 22 21 23 22 41 24 25 24 29 25 38 25 27 26 37 26 38 27 44 28 29 28 37 29 41 30 47 31 33 31 35 32 34 33 34 33 49 35 36 35 42 36 44 37 46 40 41 40 47 42 43 42 49 43 44 43 45 45 46 47 48 48 49 0 1 2 3 4
50 76 0 23 0 32 0 11 0 1 0 3 1 2 1 10 2 3 2 40 3 21 4 5 4 9 4 24 5 8 5 13 6 7 6 39 6 28 7 9 7 30 8 38 8 39 9 45 10 11 10 48 11 34 12 13 12 16 12 46 13 17 14 15 14 17 14 26 15 43 15 27 16 44 16 30 17 39 18 19 18 20 18 31 19 23 19 32 20 22 20 36 21 22 21 23 22 41 24 25 24 29 25 38 25 27 26 37 26 38 27 44 28 29 28 37 29 41 30 47 31 33 31 35 32 34 33 34 33 49 35 36 35 42 36 44 37 46 40 41 40 47 42 43 42 49 43 45 45 46 47 48 48 49 0 1 2 3 4
50 76 0 23 0 32 0 11 0 1 0 3 1 2 1 10 2 3 2 40 3 21 4 5 4 9 4 24 5 8 5 13 6 7 6 39 6 28 7 9 7 30 8 38 8 39 9 45 10 11 10 48 11 34 12 13 12 16 12 46 13 17 14 15 14 17 14 25 15 43 15 27 16 44 16 30 17 39 18 19 18 20 18 31 19 23 19 32 20 22 20 36 21 22 21 23 22 41 24 25 24 29 25 38 26 37 26 27 26 38 27 44 28 29 28 37 29 41 30 47 31 33 31 35 32 34 33 34 33 49 35 36 35 42 36 44 37 46 40 41 40 47 42 43 42 49 43 45 45 46 47 48 48 49 0 1 2 3 4
50 76 0 23 0 32 0 11 0 1 0 3 1 2 1 10 2 3 2 40 3 21 4 5 4 9 4 24 5 8 5 13 6 7 6 39 6 28 7 9 7 30 8 38 8 39 9 45 10 11 10 48 11 34 12 13 12 16 12 46 13 17 14 45 14 17 14 25 15 46 15 43 15 27 16 44 16 30 17 39 18 19 18 20 18 31 19 23 19 32 20 22 20 36 21 22 21 23 22 41 24 25 24 29 25 38 26 37 26 27 26 38 27 44 28 29 28 37 29 41 30 47 31 33 31 35 32 34 33 34 33 49 35 36 35 42 36 44 37 46 40 41 40 47 42 43 42 49 43 45 47 48 48 49 0 1 2 3 4
50 76 0 23 0 32 0 11 0 1 0 3 1 2 1 10 2 3 2 40 3 21 4 5 4 9 4 24 5 8 5 13 6 7 6 39 6 28 7 9 7 30 8 38 8 39 9 45 10 11 10 48 11 34 12 13 12 16 12 46 13 17 14 45 14 17 14 25 15 46 15 43 15 27 16 44 16 30 17 39 18 19 18 20 18 31 19 23 19 32 20 22 20 36 21 22 21 23 22 41 24 41 24 29 25 38 25 29 26 37 26 27 26 38 27 44 28 29 28 37 30 47 31 33 31 35 32 34 33 34 33 49 35 36 35 42 36 44 37 46 40 41 40 47 42 43 42 49 43 45 47 48 48 49 0 1 2 3 4
50 76 0 23 0 32 0 11 0 1 0 3 1 2 1 10 2 3 2 40 3 21 4 5 4 9 4 24 5 8 5 13 6 30 6 39 6 28 7 16 7 12 7 30 8 38 8 39 9 46 9 45 10 11 10 48 11 34 12 13 12 16 13 17 14 45 14 17 14 25 15 46 15 43 15 27 16 44 17 39 18 19 18 20 18 31 19 23 19 32 20 22 20 36 21 22 21 23 22 41 24 41 24 29 25 38 25 29 26 37 26 27 26 38 27 44 28 29 28 37 30 47 31 33 31 35 32 34 33 34 33 49 35 36 35 42 36 44 37 46 40 41 40 47 42 43 42 49 43 45 47 48 48 49 0 1 2 3 4
50 76 0 23 0 32 0 11 0 1 0 3 1 2 1 10 2 3 2 40 3 21 4 5 4 9 4 24 5 8 5 13 6 30 6 39 6 28 7 16 7 12 7 30 8 38 8 39 9 46 9 45 10 11 10 48 11 34 12 25 12 16 13 14 13 17 14 45 14 17 15 46 15 43 15 27 16 44 17 39 18 19 18 20 18 31 19 23 19 32 20 22 20 36 21 22 21 23 22 41 24 41 24 29 25 38 25 29 26 37 26 27 26 38 27 44 28 29 28 37 30 47 31 33 31 35 32 34 33 34 33 49 35 36 35 42 36 44 37 46 40 41 40 47 42 43 42 49 43 45 47 48 48 49 0 1 2 3 4
50 76 0 23 0 32 0 11 0 1 0 3 1 2 1 10 2 3 2 40 3 21 4 5 4 9 4 24 5 8 5 13 6 30 6 39 6 28 7 16 7 12 7 30 8 38 8 39 9 46 9 12 10 11 10 48 11 34 12 16 13 14 13 17 14 45 14 17 15 46 15 43 15 27 16 44 17 39 18 19 18 20 18 31 19 23 19 32 20 22 20 36 21 22 21 23 22 41 24 41 24 29 25 38 25 45 25 29 26 37 26 27 26 38 27 44 28 29 28 37 30 47 31 33 31 35 32 34 33 34 33 49 35 36 35 42 36 44 37 46 40 41 40 47 42 43 42 49 43 45 47 48 48 49 0 1 2 3 4
50 76 0 23 0 32 0 11 0 1 0 3 1 2 1 10 2 3 2 40 3 21 4 5 4 9 4 24 5 8 5 13 6 30 6 39 6 28 7 16 7 12 7 30 8 38 8 39 9 46 9 45 10 11 10 48 11 34 12 25 12 16 13 14 13 17 14 45 14 17 15 46 15 43 15 27 16 44 17 39 18 19 18 20 18 31 19 23 19 32 20 22 20 36 21 22 21 23 22 41 24 29 24 41 25 38 25 29 26 37 26 27 26 38 27 44 28 29 28 37 30 47 31 33 31 35 32 34 33 34 33 49 35 36 35 42 36 44 37 46 40 41 40 47 42 43 42 49 43 45 47 48 48 49 0 1 2 3 4
50 76 0 23 0 32 0 11 0 1 0 3 1 2 1 10 2 3 2 40 3 21 4 5 4 9 4 24 5 8 5 13 6 30 6 39 6 28 7 16 7 12 7 38 8 38 8 39 9 46 9 45 10 11 10 48 11 34 12 25 12 16 13 14 13 17 14 45 14 17 15 46 15 43 15 27 16 44 17 39 18 19 18 20 18 31 19 23 19 32 20 22 20 36 21 22 21 23 22 41 24 29 24 41 25 30 25 29 26 37 26 27 26 38 27 44 28 29 28 37 30 47 31 33 31 35 32 34 33 34 33 49 35 36 35 42 36 44 37 46 40 41 40 47 42 43 42 49 43 45 47 48 48 49 0 1 2 3 4
50 76 0 23 0 32 0 11 0 1 0 3 1 2 1 10 2 3 2 40 3 21 4 5 4 9 4 24 5 8 5 13 6 30 6 39 6 28 7 16 7 12 7 38 8 38 8 46 9 39 9 45 10 11 10 48 11 34 12 25 12 16 13 14 13 17 14 45 14 17 15 46 15 43 15 27 16 44 17 39 18 19 18 20 18 31 19 23 19 32 20 22 20 36 21 22 21 23 22 41 24 29 24 41 25 30 25 29 26 37 26 27 26 38 27 44 28 29 28 37 30 47 31 33 31 35 32 34 33 34 33 49 35 36 35 42 36 44 37 46 40 41 40 47 42 43 42 49 43 45 47 48 48 49 0 1 2 3 4
50 76 0 23 0 32 0 11 0 1 0 3 1 2 1 10 2 3 2 40 3 21 4 38 4 9 4 24 5 26 5 8 5 13 6 30 6 39 6 28 7 16 7 12 7 38 8 38 8 46 9 39 9 45 10 11 10 48 11 34 12 25 12 16 13 14 13 17 14 45 14 17 15 46 15 43 15 27 16 44 17 39 18 19 18 20 18 31 19 23 19 32 20 22 20 36 21 22 21 23 22 41 24 29 24 41 25 30 25 29 26 37 26 27 27 44 28 29 28 37 30 47 31 33 31 35 32 34 33 34 33 49 35 36 35 42 36 44 37 46 40 41 40 47 42 43 42 49 43 45 47 48 48 49 0 1 2 3 4
50 76 0 23 0 32 0 11 0 1 0 3 1 2 1 10 2 3 2 40 3 21 4 38 4 9 4 13 5 26 5 8 5 37 6 30 6 39 6 28 7 16 7 12 7 38 8 38 8 46 9 39 9 45 10 11 10 48 11 34 12 25 12 16 13 14 13 17 14 45 14 17 15 46 15 43 15 27 16 44 17 39 18 19 18 20 18 31 19 23 19 32 20 22 20 36 21 22 21 23 22 41 24 26 24 29 24 41 25 30 25 29 26 27 27 44 28 29 28 37 30 47 31 33 31 35 32 34 33 34 33 49 35 36 35 42 36 44 37 46 40 41 40 47 42 43 42 49 43 45 47 48 48 49 0 1 2 3 4
50 76 0 23 0 32 0 11 0 1 0 3 1 2 1 10 2 3 2 40 3 21 4 38 4 9 4 24 5 26 5 8 5 13 6 30 6 39 6 28 7 16 7 12 7 38 8 38 8 46 9 39 9 12 10 11 10 48 11 34 12 25 13 14 13 17 14 45 14 17 15 37 15 43 15 27 16 45 16 44 17 39 18 19 18 20 18 31 19 23 19 32 20 22 20 36 21 22 21 23 22 41 24 29 24 41 25 30 25 29 26 46 26 27 27 44 28 29 28 37 30 47 31 33 31 35 32 34 33 34 33 49 35 36 35 42 36 44 37 46 40 41 40 47 42 43 42 49 43 45 47 48 48 49 0 1 2 3 4
50 76 0 23 0 3 0 1 0 11 0 32 1 2 1 10 2 3 2 40 3 21 4 38 4 9 4 24 5 26 5 8 5 13 6 30 6 39 6 28 7 16 7 12 7 38 8 38 8 46 9 39 9 12 10 11 10 48 11 34 12 25 13 14 13 17 14 45 14 17 15 37 15 43 15 27 16 45 16 44 17 39 18 19 18 20 18 31 19 23 19 32 20 22 20 36 21 22 21 23 22 41 24 29 24 41 25 30 25 29 26 46 26 27 27 44 28 29 28 37 30 47 31 33 31 35 32 34 33 34 33 49 35 36 35 42 36 44 37 46 40 41 40 47 42 43 42 49 43 45 47 48 48 49 0 1 2 3 4
50 76 0 23 0 3 0 1 0 11 0 32 1 2 1 10 2 3 2 40 3 21 4 38 4 9 4 24 5 26 5 8 5 13 6 30 6 39 6 28 7 16 7 12 7 38 8 38 8 46 9 39 9 12 10 11 10 48 11 34 12 25 13 14 13 17 14 45 14 17 15 37 15 43 15 27 16 45 16 44 17 39 18 19 18 20 18 31 19 23 19 32 20 22 20 36 21 22 21 23 22 41 24 29 24 41 25 30 25 29 26 46 26 27 27 44 28 42 28 37 29 43 30 47 31 33 31 35 32 34 33 34 33 49 35 36 35 42 36 44 37 46 40 41 40 47 42 49 43 45 47 48 48 49 0 1 2 3 4
50 76 0 23 0 3 0 1 0 11 0 32 1 2 1 10 2 3 2 40 3 21 4 38 4 9 4 24 5 26 5 8 5 13 6 30 6 38 6 28 7 16 7 12 7 15 8 38 8 46 9 39 9 12 10 11 10 48 11 34 12 25 13 14 13 17 14 45 14 17 15 37 15 27 16 45 16 44 17 39 18 19 18 20 18 31 19 23 19 32 20 22 20 36 21 22 21 23 22 41 24 29 24 41 25 30 25 29 26 46 26 27 27 44 28 42 28 37 29 43 30 47 31 33 31 35 32 34 33 34 33 49 35 36 35 42 36 44 37 46 39 43 40 41 40 47 42 49 43 45 47 48 48 49 0 1 2 3 4
50 76 0 23 0 3 0 1 0 11 0 32 1 2 1 10 2 3 2 40 3 21 4 38 4 9 4 24 5 26 5 8 5 13 6 30 6 38 6 28 7 16 7 12 7 25 8 38 8 46 9 39 9 12 10 11 10 48 11 34 12 25 13 14 13 17 14 45 14 17 15 37 15 29 15 27 16 45 16 44 17 39 18 19 18 20 18 31 19 23 19 32 20 22 20 36 21 22 21 23 22 41 24 29 24 41 25 30 26 46 26 27 27 44 28 42 28 37 29 43 30 47 31 33 31 35 32 34 33 34 33 49 35 36 35 42 36 44 37 46 39 43 40 41 40 47 42 49 43 45 47 48 48 49 0 1 2 3 4
50 76 0 23 0 3 0 1 0 11 0 32 1 2 1 10 2 3 2 40 3 21 4 38 4 27 4 24 5 26 5 8 5 13 6 30 6 38 6 28 7 16 7 12 7 25 8 38 8 46 9 39 9 26 9 12 10 11 10 48 11 34 12 25 13 14 13 17 14 45 14 17 15 37 15 29 15 27 16 45 16 44 17 39 18 19 18 20 18 31 19 23 19 32 20 22 20 36 21 22 21 23 22 41 24 29 24 41 25 30 26 46 27 44 28 42 28 37 29 43 30 47 31 33 31 35 32 34 33 34 33 49 35 36 35 42 36 44 37 46 39 43 40 41 40 47 42 49 43 45 47 48 48 49 0 1 2 3 4
50 76 0 23 0 3 0 1 0 11 0 32 1 2 1 10 2 3 2 40 3 21 4 38 4 27 4 24 5 26 5 8 5 13 6 30 6 38 6 28 7 16 7 12 7 25 8 38 8 46 9 39 9 26 9 12 10 48 10 11 11 34 12 25 13 14 13 17 14 45 14 17 15 37 15 29 15 27 16 45 16 44 17 39 18 19 18 20 18 31 19 23 19 32 20 22 20 36 21 22 21 23 22 41 24 29 24 41 25 30 26 46 27 44 28 42 28 37 29 43 30 47 31 33 31 35 32 34 33 34 33 49 35 36 35 42 36 44 37 46 39 43 40 41 40 47 42 49 43 45 47 48 48 49 0 1 2 3 4
50 76 0 23 0 3 0 1 0 11 0 32 1 2 1 10 2 3 2 40 3 21 4 38 4 27 4 24 5 26 5 8 5 45 6 30 6 38 6 28 7 16 7 12 7 25 8 38 8 46 9 39 9 26 9 12 10 48 10 11 11 34 12 25 13 14 13 17 13 16 14 45 14 17 15 37 15 29 15 27 16 44 17 39 18 19 18 20 18 31 19 23 19 32 20 22 20 36 21 22 21 23 22 41 24 29 24 41 25 30 26 46 27 44 28 42 28 37 29 43 30 47 31 33 31 35 32 34 33 34 33 49 35 36 35 42 36 44 37 46 39 43 40 41 40 47 42 49 43 45 47 48 48 49 0 1 2 3 4
50 76 0 32 0 11 0 1 0 3 0 23 1 2 1 10 2 3 2 40 3 21 4 38 4 27 4 24 5 26 5 8 5 45 6 30 6 38 6 28 7 16 7 12 7 25 8 38 8 46 9 39 9 26 9 12 10 48 10 11 11 34 12 25 13 14 13 17 13 16 14 45 14 17 15 37 15 29 15 27 16 44 17 39 18 19 18 20 18 31 19 23 19 32 20 22 20 36 21 22 21 23 22 41 24 29 24 41 25 30 26 46 27 44 28 42 28 37 29 43 30 47 31 33 31 35 32 34 33 34 33 49 35 36 35 42 36 44 37 46 39 43 40 41 40 47 42 49 43 45 47 48 48 49 0 1 2 3 4
50 76 0 32 0 11 0 1 0 3 0 23 1 2 1 10 2 3 2 40 3 21 4 38 4 27 4 24 5 26 5 8 5 16 6 30 6 38 6 28 7 16 7 12 7 25 8 38 8 46 9 39 9 26 9 12 10 48 10 11 11 34 12 25 13 14 13 17 13 16 14 45 14 17 15 37 15 29 15 27 17 39 18 19 18 20 18 31 19 23 19 32 20 22 20 36 21 22 21 23 22 41 24 29 24 41 25 30 26 46 27 44 28 42 28 37 29 43 30 47 31 33 31 35 32 34 33 34 33 49 35 36 35 42 36 44 37 46 39 43 40 41 40 47 42 49 43 45 44 45 47 48 48 49 0 1 2 3 4
50 76 0 11 0 32 0 23 0 3 0 1 1 2 1 10 2 3 2 40 3 21 4 38 4 27 4 24 5 26 5 8 5 16 6 30 6 38 6 28 7 16 7 12 7 25 8 38 8 46 9 39 9 26 9 12 10 48 10 11 11 34 12 25 13 14 13 17 13 16 14 45 14 17 15 37 15 29 15 27 17 39 18 19 18 20 18 31 19 23 19 32 20 22 20 36 21 22 21 23 22 41 24 29 24 41 25 30 26 46 27 44 28 42 28 37 29 43 30 47 31 33 31 35 32 34 33 34 33 49 35 36 35 42 36 44 37 46 39 43 40 41 40 47 42 49 43 45 44 45 47 48 48 49 0 1 2 3 4
50 76 0 11 0 32 0 23 0 3 0 1 1 2 1 10 2 3 2 40 3 21 4 38 4 27 4 24 5 26 5 8 5 16 6 30 6 38 6 28 7 16 7 12 7 25 8 38 8 46 9 39 9 17 9 12 10 48 10 11 11 34 12 25 13 14 13 17 13 16 14 45 14 17 15 37 15 29 15 27 18 19 18 20 18 31 19 23 19 32 20 22 20 36 21 22 21 23 22 41 24 29 24 41 25 30 26 46 26 39 27 44 28 42 28 37 29 43 30 47 31 33 31 35 32 34 33 34 33 49 35 36 35 42 36 44 37 46 39 43 40 41 40 47 42 49 43 45 44 45 47 48 48 49 0 1 2 3 4
50 76 0 11 0 32 0 23 0 3 0 1 1 2 1 10 2 3 2 40 3 21 4 38 4 27 4 24 5 26 5 16 5 8 6 30 6 38 6 28 7 16 7 12 7 25 8 38 8 46 9 39 9 17 9 12 10 48 10 11 11 34 12 25 13 14 13 17 13 16 14 45 14 17 15 37 15 29 15 27 18 19 18 20 18 31 19 23 19 32 20 22 20 36 21 22 21 23 22 41 24 29 24 41 25 30 26 46 26 39 27 44 28 42 28 37 29 43 30 47 31 33 31 35 32 34 33 34 33 49 35 36 35 42 36 44 37 46 39 43 40 41 40 47 42 49 43 45 44 45 47 48 48 49 0 1 2 3 4
50 76 0 11 0 32 0 23 0 3 0 1 1 2 1 10 2 3 2 40 3 21 4 38 4 27 4 24 5 26 5 16 5 43 6 30 6 38 6 28 7 16 7 12 7 25 8 38 8 39 8 46 9 39 9 17 9 12 10 48 10 11 11 34 12 25 13 14 13 17 13 16 14 45 14 17 15 37 15 29 15 27 18 19 18 20 18 31 19 23 19 32 20 22 20 36 21 22 21 23 22 41 24 29 24 41 25 30 26 46 26 39 27 44 28 42 28 37 29 43 30 47 31 33 31 35 32 34 33 34 33 49 35 36 35 42 36 44 37 46 40 41 40 47 42 49 43 45 44 45 47 48 48 49 0 1 2 3 4
50 76 0 11 0 32 0 23 0 3 0 1 1 2 1 10 2 3 2 40 3 21 4 46 4 27 4 24 5 26 5 16 5 43 6 30 6 38 6 28 7 16 7 12 7 25 8 38 8 39 8 46 9 39 9 17 9 12 10 48 10 11 11 34 12 25 13 14 13 17 13 16 14 45 14 17 15 37 15 29 15 27 18 19 18 20 18 31 19 23 19 32 20 22 20 36 21 22 21 23 22 41 24 29 24 41 25 30 26 38 26 39 27 44 28 42 28 37 29 43 30 47 31 33 31 35 32 34 33 34 33 49 35 36 35 42 36 44 37 46 40 41 40 47 42 49 43 45 44 45 47 48 48 49 0 1 2 3 4
50 76 0 11 0 32 0 23 0 3 0 1 1 2 1 10 2 3 2 40 3 21 4 46 4 27 4 38 5 26 5 16 5 43 6 30 6 24 6 28 7 16 7 12 7 25 8 38 8 39 8 46 9 39 9 17 9 12 10 48 10 11 11 34 12 25 13 14 13 17 13 28 14 45 14 17 15 37 15 29 15 27 16 42 18 19 18 20 18 31 19 23 19 32 20 22 20 36 21 22 21 23 22 41 24 29 24 41 25 30 26 38 26 39 27 44 28 37 29 43 30 47 31 33 31 35 32 34 33 34 33 49 35 36 35 42 36 44 37 46 40 41 40 47 42 49 43 45 44 45 47 48 48 49 0 1 2 3 4
50 76 0 11 0 32 0 23 0 3 0 1 1 2 1 10 2 3 2 40 3 21 4 46 4 27 4 38 5 26 5 16 5 43 6 30 6 24 6 28 7 16 7 12 7 25 8 38 8 39 8 46 9 39 9 17 9 12 10 48 10 11 11 34 12 25 13 15 13 17 13 28 14 45 14 17 14 27 15 37 15 29 16 42 18 19 18 20 18 31 19 23 19 32 20 22 20 36 21 22 21 23 22 41 24 29 24 41 25 30 26 38 26 39 27 44 28 37 29 43 30 47 31 33 31 35 32 34 33 34 33 49 35 36 35 42 36 44 37 46 40 41 40 47 42 49 43 45 44 45 47 48 48 49 0 1 2 3 4
50 76 0 11 0 1 0 3 0 23 0 32 1 2 1 10 2 3 2 40 3 21 4 46 4 27 4 38 5 26 5 16 5 43 6 30 6 24 6 28 7 16 7 12 7 25 8 38 8 39 8 46 9 39 9 17 9 12 10 48 10 11 11 34 12 25 13 15 13 17 13 28 14 45 14 17 14 27 15 37 15 29 16 42 18 19 18 20 18 31 19 23 19 32 20 22 20 36 21 22 21 23 22 41 24 29 24 41 25 30 26 38 26 39 27 44 28 37 29 43 30 47 31 33 31 35 32 34 33 34 33 49 35 36 35 42 36 44 37 46 40 41 40 47 42 49 43 45 44 45 47 48 48 49 0 1 2 3 4
50 76 0 11 0 1 0 3 0 23 0 32 1 2 1 10 2 3 2 40 3 21 4 46 4 27 4 38 5 26 5 16 5 43 6 30 6 24 6 28 7 16 7 12 7 25 8 38 8 39 8 24 9 39 9 17 9 12 10 48 10 11 11 34 12 25 13 15 13 17 13 28 14 45 14 17 14 27 15 37 15 29 16 42 18 19 18 20 18 31 19 23 19 32 20 22 20 36 21 22 21 23 22 41 24 41 25 30 26 38 26 39 27 44 28 37 29 43 29 46 30 47 31 33 31 35 32 34 33 34 33 49 35 36 35 42 36 44 37 46 40 41 40 47 42 49 43 45 44 45 47 48 48 49 0 1 2 3 4
50 76 0 11 0 1 0 3 0 23 0 32 1 2 1 10 2 3 2 40 3 21 4 46 4 27 4 38 5 26 5 16 5 43 6 30 6 24 6 28 7 16 7 12 7 25 8 38 8 39 8 24 9 39 9 17 9 41 10 48 10 11 11 34 12 24 12 25 13 15 13 17 13 28 14 45 14 17 14 27 15 37 15 29 16 42 18 19 18 20 18 31 19 23 19 32 20 22 20 36 21 22 21 23 22 41 25 30 26 38 26 39 27 44 28 37 29 43 29 46 30 47 31 33 31 35 32 34 33 34 33 49 35 36 35 42 36 44 37 46 40 41 40 47 42 49 43 45 44 45 47 48 48 49 0 1 2 3 4
50 76 0 11 0 1 0 3 0 23 0 32 1 2 1 10 2 3 2 40 3 21 4 46 4 27 4 38 5 26 5 16 5 43 6 30 6 24 6 28 7 12 7 16 7 25 8 38 8 39 8 24 9 39 9 17 9 41 10 48 10 11 11 34 12 24 12 25 13 15 13 17 13 28 14 45 14 17 14 27 15 37 15 29 16 42 18 19 18 20 18 31 19 23 19 32 20 22 20 36 21 22 21 23 22 41 25 30 26 38 26 39 27 44 28 37 29 43 29 46 30 47 31 33 31 35 32 34 33 34 33 49 35 36 35 42 36 44 37 46 40 41 40 47 42 49 43 45 44 45 47 48 48 49 0 1 2 3 4
54 82 0 11 0 21 0 22 0 53 0 13 1 2 1 4 1 5 2 47 2 52 3 4 3 5 3 32 4 31 5 28 6 7 6 8 6 15 7 10 7 16 8 9 8 43 9 10 9 33 10 36 11 12 11 17 12 13 12 15 13 43 14 15 14 16 14 18 16 35 17 18 17 21 18 34 19 20 19 21 19 29 20 22 20 31 22 27 23 24 23 27 23 31 24 28 24 38 25 26 25 27 25 44 26 28 26 40 29 30 29 34 30 33 30 36 32 53 32 33 34 35 35 36 37 38 37 39 37 40 38 42 39 51 39 46 40 41 41 42 41 45 42 52 43 47 44 45 44 50 45 49 46 47 46 51 48 49 48 50 48 51 49 52 50 53 0 1 2 3 4
54 82 0 11 0 21 0 22 0 53 0 13 1 2 1 4 1 5 2 47 2 52 3 4 3 5 3 32 4 31 5 28 6 7 6 8 6 15 7 10 7 16 8 9 8 43 9 10 9 33 10 36 11 12 11 17 12 15 12 13 13 43 14 15 14 16 14 18 16 35 17 18 17 21 18 34 19 20 19 21 19 29 20 22 20 31 22 27 23 24 23 27 23 31 24 28 24 38 25 26 25 27 25 44 26 28 26 40 29 30 29 34 30 33 30 36 32 53 32 33 34 35 35 36 37 38 37 39 37 40 38 42 39 51 39 46 40 41 41 42 41 45 42 52 43 47 44 45 44 50 45 49 46 47 46 51 48 49 48 50 48 51 49 52 50 53 0 1 2 3 4
54 82 0 11 0 21 0 22 0 53 0 13 1 2 1 4 1 5 2 47 2 52 3 4 3 5 3 32 4 31 5 28 6 7 6 8 6 15 7 10 7 16 8 9 8 43 9 10 9 33 10 36 11 12 11 17 12 15 12 13 13 43 14 15 14 16 14 18 16 35 17 18 17 21 18 34 19 20 19 21 19 29 20 22 20 31 22 27 23 24 23 27 23 31 24 28 24 38 25 26 25 43 25 44 26 28 26 40 27 47 29 30 29 34 30 33 30 36 32 53 32 33 34 35 35 36 37 38 37 39 37 40 38 42 39 51 39 46 40 41 41 42 41 45 42 52 44 45 44 50 45 49 46 47 46 51 48 49 48 50 48 51 49 52 50 53 0 1 2 3 4
54 82 0 11 0 21 0 22 0 53 0 13 1 2 1 4 1 5 2 47 2 50 3 4 3 5 3 32 4 31 5 28 6 7 6 8 6 15 7 10 7 16 8 9 8 43 9 10 9 33 10 36 11 12 11 17 12 15 12 13 13 43 14 15 14 16 14 18 16 35 17 18 17 21 18 34 19 20 19 21 19 29 20 22 20 31 22 27 23 24 23 27 23 31 24 28 24 38 25 26 25 43 25 44 26 28 26 40 27 47 29 30 29 34 30 33 30 36 32 53 32 33 34 35 35 36 37 38 37 39 37 40 38 42 39 51 39 46 40 41 41 42 41 45 42 52 44 45 44 50 45 49 46 47 46 51 48 49 48 50 48 51 49 52 52 53 0 1 2 3 4
54 82 0 11 0 21 0 22 0 53 0 13 1 41 1 4 1 5 2 42 2 47 2 50 3 4 3 5 3 32 4 31 5 28 6 7 6 8 6 15 7 10 7 16 8 9 8 43 9 10 9 33 10 36 11 12 11 17 12 15 12 13 13 43 14 15 14 16 14 18 16 35 17 18 17 21 18 34 19 20 19 21 19 29 20 22 20 31 22 27 23 24 23 27 23 46 24 28 24 38 25 26 25 43 25 44 26 28 26 40 27 47 29 30 29 34 30 33 30 36 31 47 32 53 32 33 34 35 35 36 37 38 37 39 37 40 38 42 39 51 39 46 40 41 41 45 42 52 44 45 44 50 45 49 46 51 48 49 48 50 48 51 49 52 52 53 0 1 2 3 4
54 82 0 11 0 21 0 22 0 53 0 13 1 41 1 4 1 5 2 42 2 47 2 50 3 4 3 5 3 32 4 31 5 28 6 7 6 8 6 15 7 10 7 16 8 9 8 43 9 10 9 33 10 36 11 12 11 17 12 15 12 13 13 43 14 15 14 16 14 18 16 35 17 18 17 21 18 34 19 20 19 21 19 29 20 22 20 31 22 27 23 24 23 27 23 46 24 28 24 38 25 26 25 43 25 44 26 28 26 40 27 47 29 30 29 34 30 33 30 36 31 47 32 53 32 33 34 35 35 36 37 48 37 39 37 40 38 50 38 42 39 51 39 46 40 41 41 45 42 52 44 45 44 50 45 49 46 51 48 49 48 51 49 52 52 53 0 1 2 3 4
54 82 0 11 0 21 0 22 0 53 0 13 1 41 1 4 1 5 2 42 2 47 2 50 3 4 3 5 3 32 4 31 5 28 6 15 6 8 6 7 7 10 7 16 8 9 8 43 9 10 9 33 10 36 11 12 11 17 12 15 12 13 13 43 14 15 14 16 14 18 16 35 17 18 17 21 18 34 19 20 19 21 19 29 20 22 20 31 22 27 23 24 23 27 23 46 24 28 24 38 25 26 25 43 25 44 26 28 26 40 27 47 29 30 29 34 30 33 30 36 31 47 32 53 32 33 34 35 35 36 37 48 37 39 37 40 38 50 38 42 39 51 39 46 40 41 41 45 42 52 44 45 44 50 45 49 46 51 48 49 48 51 49 52 52 53 0 1 2 3 4
54 82 0 11 0 21 0 22 0 53 0 13 1 41 1 4 1 5 2 42 2 47 2 50 3 4 3 5 3 32 4 31 5 28 6 15 6 8 6 7 7 10 7 16 8 9 8 43 9 10 9 33 10 36 11 12 11 17 12 15 12 13 13 43 14 15 14 16 14 18 16 35 17 18 17 21 18 34 19 20 19 21 19 29 20 22 20 31 22 27 23 24 23 27 23 46 24 28 24 38 25 26 25 43 25 44 26 28 26 40 27 47 29 30 29 34 30 33 30 36 31 47 32 53 32 33 34 35 35 36 37 48 37 39 37 40 38 50 38 42 39 51 39 46 40 46 41 51 41 45 42 52 44 45 44 50 45 49 48 49 48 51 49 52 52 53 0 1 2 3 4
54 82 0 11 0 21 0 22 0 53 0 13 1 41 1 4 1 5 2 52 2 47 2 50 3 4 3 5 3 32 4 31 5 28 6 15 6 8 6 7 7 10 7 16 8 9 8 43 9 10 9 33 10 36 11 12 11 17 12 15 12 13 13 43 14 15 14 16 14 18 16 35 17 18 17 21 18 34 19 20 19 21 19 29 20 22 20 31 22 27 23 24 23 27 23 46 24 28 24 38 25 26 25 43 25 44 26 28 26 40 27 47 29 30 29 34 30 33 30 36 31 47 32 53 32 33 34 35 35 36 37 48 37 39 37 40 38 50 38 42 39 51 39 46 40 46 41 51 41 45 42 53 42 52 44 45 44 50 45 49 48 49 48 51 49 52 0 1 2 3 4
54 82 0 11 0 21 0 22 0 53 0 13 1 41 1 4 1 5 2 52 2 47 2 50 3 4 3 5 3 32 4 31 5 28 6 15 6 8 6 7 7 10 7 16 8 9 8 43 9 10 9 33 10 36 11 12 11 17 12 15 12 13 13 43 14 15 14 16 14 18 16 35 17 18 17 21 18 34 19 20 19 21 19 29 20 22 20 31 22 27 23 24 23 27 23 46 24 28 24 38 25 26 25 50 25 44 26 28 26 40 27 47 29 30 29 34 30 33 30 36 31 47 32 53 32 33 34 35 35 36 37 48 37 39 37 40 38 50 38 42 39 51 39 46 40 46 41 51 41 45 42 53 42 52 43 44 44 45 45 49 48 49 48 51 49 52 0 1 2 3 4
54 82 0 11 0 21 0 22 0 53 0 13 1 41 1 4 1 5 2 52 2 47 2 50 3 4 3 5 3 32 4 31 5 28 6 15 6 8 6 7 7 10 7 16 8 9 8 43 9 10 9 33 10 36 11 12 11 17 12 15 12 13 13 43 14 15 14 16 14 18 16 35 17 21 17 18 18 34 19 20 19 21 19 29 20 22 20 31 22 27 23 24 23 27 23 46 24 28 24 38 25 26 25 50 25 44 26 28 26 40 27 47 29 30 29 34 30 33 30 36 31 47 32 53 32 33 34 35 35 36 37 48 37 39 37 40 38 50 38 42 39 51 39 46 40 46 41 51 41 45 42 53 42 52 43 44 44 45 45 49 48 49 48 51 49 52 0 1 2 3 4
54 82 0 11 0 21 0 22 0 53 0 13 1 41 1 4 1 5 2 52 2 47 2 50 3 4 3 32 3 5 4 31 5 28 6 15 6 8 6 7 7 10 7 16 8 9 8 43 9 10 9 33 10 36 11 12 11 17 12 15 12 13 13 43 14 15 14 16 14 18 16 35 17 21 17 18 18 34 19 20 19 21 19 29 20 22 20 31 22 27 23 24 23 27 23 46 24 28 24 38 25 26 25 50 25 44 26 28 26 40 27 47 29 30 29 34 30 33 30 36 31 47 32 53 32 33 34 35 35 36 37 48 37 39 37 40 38 50 38 42 39 51 39 46 40 46 41 51 41 45 42 53 42 52 43 44 44 45 45 49 48 49 48 51 49 52 0 1 2 3 4
54 82 0 11 0 21 0 22 0 53 0 13 1 41 1 4 1 5 2 52 2 47 2 50 3 4 3 32 3 5 4 31 5 28 6 15 6 8 6 7 7 10 7 16 8 9 8 43 9 10 9 33 10 36 11 12 11 17 12 15 12 13 13 43 14 15 14 16 14 18 16 35 17 21 17 18 18 34 19 20 19 21 19 29 20 22 20 31 22 27 23 24 23 27 23 46 24 28 24 40 25 26 25 50 25 44 26 28 26 38 27 47 29 30 29 34 30 33 30 36 31 47 32 53 32 33 34 35 35 36 37 48 37 39 37 40 38 50 38 42 39 51 39 46 40 46 41 51 41 45 42 53 42 52 43 44 44 45 45 49 48 49 48 51 49 52 0 1 2 3 4
54 82 0 53 0 13 0 11 0 21 0 22 1 41 1 4 1 5 2 52 2 47 2 50 3 4 3 32 3 5 4 31 5 28 6 15 6 8 6 7 7 10 7 16 8 9 8 43 9 10 9 33 10 36 11 12 11 17 12 15 12 13 13 43 14 15 14 16 14 18 16 35 17 21 17 18 18 34 19 20 19 21 19 29 20 22 20 31 22 27 23 24 23 27 23 46 24 28 24 40 25 26 25 50 25 44 26 28 26 38 27 47 29 30 29 34 30 33 30 36 31 47 32 53 32 33 34 35 35 36 37 48 37 39 37 40 38 50 38 42 39 51 39 46 40 46 41 51 41 45 42 53 42 52 43 44 44 45 45 49 48 49 48 51 49 52 0 1 2 3 4
54 82 0 53 0 13 0 11 0 21 0 22 1 41 1 4 1 5 2 52 2 47 2 50 3 20 3 32 3 5 4 38 4 31 5 28 6 15 6 8 6 7 7 10 7 16 8 9 8 43 9 10 9 33 10 36 11 12 11 17 12 15 12 13 13 43 14 15 14 16 14 18 16 35 17 21 17 18 18 34 19 20 19 21 19 29 20 22 22 27 23 24 23 27 23 46 24 28 24 40 25 26 25 50 25 44 26 28 26 38 27 47 29 30 29 34 30 33 30 36 31 42 31 47 32 53 32 33 34 35 35 36 37 48 37 39 37 40 38 50 39 51 39 46 40 46 41 51 41 45 42 53 42 52 43 44 44 45 45 49 48 49 48 51 49 52 0 1 2 3 4
54 82 0 53 0 13 0 11 0 21 0 22 1 41 1 4 1 5 2 52 2 47 2 50 3 20 3 32 3 5 4 38 4 31 5 28 6 15 6 8 6 7 7 10 7 16 8 43 8 9 9 10 9 33 10 36 11 12 11 17 12 15 12 13 13 43 14 15 14 16 14 18 16 35 17 21 17 18 18 34 19 20 19 21 19 29 20 22 22 27 23 24 23 27 23 46 24 28 24 40 25 26 25 50 25 44 26 28 26 38 27 47 29 30 29 34 30 33 30 36 31 42 31 47 32 53 32 33 34 35 35 36 37 48 37 39 37 40 38 50 39 51 39 46 40 46 41 51 41 45 42 53 42 52 43 44 44 45 45 49 48 49 48 51 49 52 0 1 2 3 4
54 82 0 53 0 13 0 11 0 21 0 22 1 41 1 4 1 5 2 52 2 47 2 50 3 20 3 32 3 31 4 38 4 31 5 47 5 28 6 15 6 8 6 7 7 10 7 16 8 43 8 9 9 10 9 33 10 36 11 12 11 17 12 15 12 13 13 43 14 15 14 16 14 18 16 35 17 21 17 18 18 34 19 20 19 21 19 29 20 22 22 27 23 24 23 27 23 46 24 28 24 40 25 26 25 50 25 44 26 28 26 38 27 47 29 30 29 34 30 33 30 36 31 42 32 53 32 33 34 35 35 36 37 48 37 39 37 40 38 50 39 51 39 46 40 46 41 51 41 45 42 53 42 52 43 44 44 45 45 49 48 49 48 51 49 52 0 1 2 3 4
54 82 0 53 0 13 0 11 0 21 0 22 1 41 1 4 1 5 2 52 2 47 2 50 3 20 3 32 3 31 4 38 4 31 5 47 5 28 6 15 6 8 6 7 7 10 7 16 8 43 8 9 9 10 9 33 10 36 11 12 11 17 12 15 12 13 13 43 14 15 14 16 14 18 16 35 17 21 17 18 18 34 19 20 19 21 19 29 20 22 22 27 23 24 23 27 23 46 24 28 24 40 25 26 25 50 25 44 26 45 26 38 27 47 28 44 29 30 29 34 30 33 30 36 31 42 32 53 32 33 34 35 35 36 37 48 37 39 37 40 38 50 39 51 39 46 40 46 41 51 41 45 42 53 42 52 43 44 45 49 48 49 48 51 49 52 0 1 2 3 4
54 82 0 53 0 13 0 11 0 21 0 22 1 41 1 4 1 26 2 52 2 47 2 50 3 20 3 32 3 31 4 38 4 31 5 47 5 38 5 28 6 15 6 8 6 7 7 10 7 16 8 43 8 9 9 10 9 33 10 36 11 12 11 17 12 15 12 13 13 43 14 15 14 16 14 18 16 35 17 21 17 18 18 34 19 20 19 21 19 29 20 22 22 27 23 24 23 27 23 46 24 28 24 40 25 26 25 50 25 44 26 45 27 47 28 44 29 30 29 34 30 33 30 36 31 42 32 53 32 33 34 35 35 36 37 48 37 39 37 40 38 50 39 51 39 46 40 46 41 51 41 45 42 53 42 52 43 44 45 49 48 49 48 51 49 52 0 1 2 3 4
54 82 0 53 0 13 0 11 0 21 0 22 1 41 1 4 1 26 2 52 2 47 2 50 3 20 3 32 3 27 4 38 4 31 5 47 5 38 5 28 6 15 6 8 6 7 7 10 7 16 8 43 8 9 9 10 9 33 10 36 11 12 11 17 12 15 12 13 13 43 14 15 14 16 14 18 16 35 17 21 17 18 18 34 19 20 19 21 19 29 20 22 22 31 23 24 23 27 23 46 24 28 24 40 25 26 25 50 25 44 26 45 27 47 28 44 29 30 29 34 30 33 30 36 31 42 32 53 32 33 34 35 35 36 37 48 37 39 37 40 38 50 39 51 39 46 40 46 41 51 41 45 42 53 42 52 43 44 45 49 48 49 48 51 49 52 0 1 2 3 4
54 82 0 53 0 13 0 11 0 21 0 22 1 41 1 4 1 26 2 52 2 47 2 50 3 20 3 32 3 27 4 38 4 31 5 47 5 38 5 28 6 15 6 8 6 7 7 10 7 16 8 43 8 9 9 10 9 33 10 36 11 12 11 17 12 15 12 13 13 43 14 15 14 16 14 18 16 35 17 21 17 18 18 34 19 20 19 21 19 29 20 22 22 31 23 24 23 27 23 46 24 25 24 40 25 50 25 44 26 28 26 45 27 47 28 44 29 30 29 34 30 33 30 36 31 42 32 53 32 33 34 35 35 36 37 48 37 39 37 40 38 50 39 51 39 46 40 46 41 51 41 45 42 53 42 52 43 44 45 49 48 49 48 51 49 52 0 1 2 3 4
54 82 0 53 0 13 0 11 0 21 0 22 1 2 1 4 1 26 2 47 2 50 3 20 3 32 3 27 4 38 4 31 5 47 5 38 5 28 6 15 6 8 6 7 7 10 7 16 8 43 8 9 9 10 9 33 10 36 11 12 11 17 12 15 12 13 13 43 14 15 14 16 14 18 16 35 17 21 17 18 18 34 19 20 19 21 19 29 20 22 22 31 23 24 23 27 23 46 24 25 24 40 25 50 25 44 26 28 26 45 27 47 28 44 29 30 29 34 30 33 30 36 31 42 32 53 32 33 34 35 35 36 37 48 37 39 37 40 38 50 39 51 39 46 40 46 41 51 41 52 41 45 42 53 42 52 43 44 45 49 48 49 48 51 49 52 0 1 2 3 4
54 82 0 53 0 13 0 11 0 21 0 22 1 2 1 4 1 26 2 47 2 50 3 20 3 32 3 27 4 38 4 31 5 47 5 38 5 28 6 15 6 8 6 7 7 10 7 16 8 43 8 9 9 10 9 33 10 36 11 12 11 17 12 15 12 13 13 43 14 15 14 16 14 18 16 35 17 21 17 18 18 34 19 20 19 21 19 29 20 22 22 31 23 24 23 27 23 46 24 25 24 40 25 50 25 44 26 28 26 45 27 47 28 44 29 30 29 34 30 33 30 36 31 42 32 53 32 33 34 35 35 36 37 48 37 39 37 40 38 50 39 51 39 46 40 46 41 51 41 52 41 45 42 53 42 52 43 51 44 48 45 49 48 49 49 52 0 1 2 3 4
54 82 0 53 0 13 0 11 0 21 0 22 1 2 1 4 1 26 2 47 2 50 3 20 3 32 3 27 4 38 4 31 5 47 5 38 5 28 6 15 6 8 6 7 7 10 7 16 8 43 8 9 9 10 9 33 10 36 11 12 11 17 12 15 12 13 13 43 14 15 14 16 14 18 16 35 17 21 17 18 18 34 19 20 19 21 19 29 20 22 22 31 23 24 23 27 23 46 24 25 24 40 25 39 25 44 26 28 26 45 27 47 28 44 29 30 29 34 30 33 30 36 31 42 32 53 32 33 34 35 35 36 37 48 37 50 37 40 38 50 39 51 39 46 40 46 41 51 41 52 41 45 42 53 42 52 43 51 44 48 45 49 48 49 49 52 0 1 2 3 4
54 82 0 53 0 13 0 11 0 21 0 22 1 2 1 4 1 26 2 47 2 50 3 20 3 32 3 27 4 38 4 31 5 47 5 38 5 28 6 15 6 8 6 7 7 10 7 16 8 43 8 9 9 10 9 33 10 36 11 12 11 17 12 15 12 13 13 43 14 15 14 16 14 18 16 35 17 21 17 18 18 34 19 20 19 21 19 29 20 22 22 31 23 24 23 27 23 46 24 25 24 40 25 39 25 44 26 28 26 45 27 47 28 52 29 30 29 34 30 33 30 36 31 42 32 53 32 33 34 35 35 36 37 48 37 50 37 40 38 50 39 51 39 46 40 46 41 51 41 44 41 45 42 53 42 52 43 51 44 48 45 49 48 49 49 52 0 1 2 3 4
54 82 0 53 0 13 0 11 0 21 0 22 1 2 1 4 1 26 2 47 2 50 3 20 3 32 3 27 4 38 4 31 5 47 5 38 5 28 6 15 6 8 6 7 7 10 7 16 8 43 8 9 9 10 9 33 10 36 11 12 11 17 12 15 12 13 13 43 14 15 14 16 14 18 16 35 17 21 17 18 18 34 19 20 19 21 19 29 20 22 22 31 23 24 23 27 23 46 24 25 24 40 25 39 25 44 26 28 26 45 27 47 28 52 29 30 29 34 30 33 30 36 31 42 32 53 32 33 34 35 35 36 37 48 37 50 37 40 38 50 39 51 39 46 40 46 41 51 41 44 41 45 42 53 42 49 43 51 44 48 45 52 48 49 49 52 0 1 2 3 4
54 82 0 53 0 13 0 11 0 21 0 22 1 2 1 4 1 26 2 47 2 50 3 20 3 32 3 27 4 38 4 31 5 47 5 38 5 28 6 15 6 8 6 7 7 10 7 16 8 43 8 9 9 10 9 33 10 36 11 12 11 17 12 15 12 13 13 43 14 15 14 16 14 18 16 35 17 21 17 18 18 34 19 20 19 21 19 29 20 22 22 31 23 24 23 27 23 46 24 41 24 40 25 46 25 39 25 44 26 28 26 45 27 47 28 52 29 30 29 34 30 33 30 36 31 42 32 53 32 33 34 35 35 36 37 48 37 50 37 40 38 50 39 51 39 46 40 44 41 51 41 45 42 53 42 49 43 51 44 48 45 52 48 49 49 52 0 1 2 3 4
54 82 0 53 0 13 0 11 0 21 0 22 1 2 1 4 1 26 2 47 2 50 3 20 3 32 3 27 4 38 4 31 5 47 5 38 5 28 6 15 6 8 6 7 7 10 7 16 8 43 8 9 9 10 9 33 10 36 11 12 11 17 12 15 12 13 13 43 14 15 14 16 14 18 16 35 17 21 17 18 18 34 19 20 19 21 19 29 20 22 22 31 23 24 23 27 23 46 24 41 24 40 25 46 25 39 25 44 26 28 26 45 27 47 28 52 29 30 29 34 30 33 30 36 31 42 32 53 32 33 34 35 35 36 37 48 37 50 37 40 38 50 39 51 39 46 40 41 41 51 42 53 42 49 43 51 44 45 44 48 45 52 48 49 49 52 0 1 2 3 4
54 82 0 53 0 13 0 11 0 21 0 22 1 2 1 4 1 26 2 47 2 50 3 20 3 32 3 27 4 38 4 31 5 47 5 38 5 28 6 15 6 8 6 7 7 10 7 16 8 43 8 9 9 10 9 33 10 36 11 12 11 17 12 15 12 13 13 43 14 15 14 16 14 18 16 35 17 21 17 18 18 34 19 20 19 21 19 29 20 22 22 31 23 24 23 27 23 46 24 41 24 40 25 46 25 39 25 44 26 28 26 45 27 47 28 52 29 30 29 34 30 33 30 36 31 42 32 53 32 33 34 35 35 36 37 48 37 49 37 40 38 50 39 51 39 46 40 41 41 51 42 53 42 49 43 51 44 45 44 48 45 52 48 50 49 52 0 1 2 3 4
54 82 0 53 0 13 0 11 0 21 0 22 1 37 1 4 1 26 2 40 2 45 2 50 3 20 3 32 3 27 4 38 4 31 5 47 5 38 5 28 6 15 6 8 6 7 7 10 7 16 8 43 8 9 9 10 9 33 10 36 11 12 11 17 12 15 12 13 13 43 14 15 14 16 14 18 16 35 17 21 17 18 18 34 19 20 19 21 19 29 20 22 22 31 23 24 23 27 23 46 24 41 24 40 25 46 25 39 25 44 26 28 26 45 27 47 28 52 29 30 29 34 30 33 30 36 31 42 32 53 32 33 34 35 35 36 37 48 37 49 38 50 39 51 39 46 40 41 41 51 42 53 42 49 43 51 44 45 44 48 47 52 48 50 49 52 0 1 2 3 4
54 82 0 53 0 13 0 11 0 21 0 22 1 37 1 4 1 26 2 40 2 45 2 50 3 20 3 32 3 27 4 38 4 31 5 47 5 38 5 25 6 15 6 8 6 7 7 10 7 16 8 43 8 9 9 10 9 33 10 36 11 12 11 17 12 15 12 13 13 43 14 15 14 16 14 18 16 35 17 21 17 18 18 34 19 20 19 21 19 29 20 22 22 31 23 24 23 27 23 46 24 41 24 40 25 46 25 39 26 28 26 45 27 47 28 52 28 44 29 30 29 34 30 33 30 36 31 42 32 53 32 33 34 35 35 36 37 48 37 49 38 50 39 51 39 46 40 41 41 51 42 53 42 49 43 51 44 45 44 48 47 52 48 50 49 52 0 1 2 3 4
54 82 0 53 0 13 0 11 0 21 0 22 1 37 1 47 1 26 2 40 2 45 2 50 3 20 3 32 3 27 4 38 4 52 4 31 5 47 5 38 5 25 6 15 6 8 6 7 7 10 7 16 8 43 8 9 9 10 9 33 10 36 11 12 11 17 12 15 12 13 13 43 14 15 14 16 14 18 16 35 17 21 17 18 18 34 19 20 19 21 19 29 20 22 22 31 23 24 23 27 23 46 24 41 24 40 25 46 25 39 26 28 26 45 27 47 28 52 28 44 29 30 29 34 30 33 30 36 31 42 32 53 32 33 34 35 35 36 37 48 37 49 38 50 39 51 39 46 40 41 41 51 42 53 42 49 43 51 44 45 44 48 48 50 49 52 0 1 2 3 4
54 82 0 53 0 13 0 11 0 21 0 22 1 37 1 47 1 26 2 40 2 45 2 50 3 20 3 32 3 27 4 38 4 52 4 31 5 47 5 48 5 25 6 15 6 8 6 7 7 10 7 16 8 43 8 9 9 10 9 33 10 36 11 12 11 17 12 15 12 13 13 43 14 15 14 16 14 18 16 35 17 21 17 18 18 34 19 20 19 21 19 29 20 22 22 31 23 24 23 27 23 46 24 41 24 40 25 49 25 39 26 28 26 45 27 47 28 52 28 44 29 30 29 34 30 33 30 36 31 42 32 53 32 33 34 35 35 36 37 48 37 49 38 50 38 44 39 51 39 46 40 41 41 51 42 53 42 49 43 51 44 45 46 52 48 50 0 1 2 3 4
54 82 0 53 0 13 0 11 0 21 0 22 1 37 1 47 1 26 2 40 2 45 2 50 3 20 3 32 3 27 4 38 4 52 4 31 5 47 5 48 5 25 6 15 6 8 6 7 7 10 7 16 8 43 8 9 9 10 9 33 10 36 11 12 11 17 12 15 12 13 13 43 14 15 14 16 14 18 16 35 17 21 17 18 18 34 19 20 19 21 19 29 20 22 22 31 23 24 23 27 23 46 24 41 24 40 25 49 25 39 26 28 26 45 27 47 28 52 28 44 29 30 29 34 30 33 30 36 31 42 32 53 32 33 34 35 35 36 37 48 37 49 38 50 38 44 39 51 39 46 40 41 41 51 42 53 42 44 43 51 45 49 46 52 48 50 0 1 2 3 4
54 82 0 53 0 13 0 11 0 21 0 22 1 37 1 47 1 26 2 40 2 45 2 50 3 20 3 32 3 27 4 38 4 52 4 31 5 47 5 48 5 25 6 15 6 8 6 7 7 10 7 16 8 43 8 9 9 10 9 33 10 36 11 12 11 17 12 15 12 13 13 43 14 15 14 16 14 18 16 35 17 21 17 18 18 34 19 20 19 21 19 29 20 22 22 31 23 24 23 27 23 45 24 41 24 40 25 49 25 39 26 28 26 45 27 47 28 52 28 44 29 30 29 34 30 33 30 36 31 42 32 53 32 33 34 35 35 36 37 48 37 49 38 50 38 44 39 51 39 46 40 41 41 51 42 53 42 44 43 51 46 49 46 52 48 50 0 1 2 3 4
54 82 0 53 0 13 0 11 0 21 0 22 1 37 1 47 1 26 2 40 2 45 2 50 3 20 3 32 3 27 4 38 4 52 4 31 5 47 5 48 5 25 6 15 6 8 6 7 7 10 7 16 8 43 8 9 9 10 9 33 10 36 11 12 11 17 12 15 12 13 13 43 14 15 14 16 14 18 16 35 17 21 17 18 18 34 19 20 19 21 19 29 20 22 22 31 23 24 23 27 23 31 24 41 24 40 25 49 25 39 26 28 26 45 27 47 28 52 28 44 29 30 29 34 30 33 30 36 32 53 32 33 34 35 35 36 37 48 37 49 38 50 38 44 39 51 39 46 40 41 41 51 42 53 42 45 42 44 43 51 46 49 46 52 48 50 0 1 2 3 4
54 82 0 53 0 13 0 11 0 21 0 22 1 37 1 47 1 26 2 40 2 45 2 50 3 20 3 32 3 27 4 38 4 52 4 31 5 47 5 48 5 41 6 15 6 8 6 7 7 10 7 16 8 43 8 9 9 10 9 33 10 36 11 12 11 17 12 15 12 13 13 43 14 15 14 16 14 18 16 35 17 21 17 18 18 34 19 20 19 21 19 29 20 22 22 31 23 24 23 27 23 31 24 41 24 40 25 49 25 39 25 51 26 28 26 45 27 47 28 52 28 44 29 30 29 34 30 33 30 36 32 53 32 33 34 35 35 36 37 48 37 49 38 50 38 44 39 51 39 46 40 41 42 53 42 45 42 44 43 51 46 49 46 52 48 50 0 1 2 3 4
54 82 0 53 0 13 0 11 0 21 0 22 1 37 1 47 1 26 2 40 2 45 2 50 3 20 3 32 3 27 4 38 4 52 4 31 5 47 5 44 5 41 6 15 6 8 6 7 7 10 7 16 8 43 8 9 9 10 9 33 10 36 11 12 11 17 12 15 12 13 13 43 14 15 14 16 14 18 16 35 17 21 17 18 18 34 19 20 19 21 19 29 20 22 22 31 23 24 23 27 23 31 24 41 24 40 25 49 25 39 25 51 26 28 26 45 27 47 28 52 28 48 29 30 29 34 30 33 30 36 32 53 32 33 34 35 35 36 37 48 37 49 38 50 38 44 39 51 39 46 40 41 42 53 42 45 42 44 43 51 46 49 46 52 48 50 0 1 2 3 4
