22 34 0 7 0 2 0 1 0 19 0 14 1 3 2 4 2 10 3 17 3 13 4 6 4 5 21 16 16 19 5 17 5 14 6 13 6 9 7 18 7 9 14 12 15 12 12 1 8 11 8 15 8 17 9 21 10 20 10 11 11 18 13 15 16 18 19 20 20 21 0 1 2 3 4
22 34 0 7 0 2 0 1 0 19 0 14 1 3 2 4 2 10 3 17 3 13 4 6 4 5 21 16 16 19 5 17 5 14 6 13 6 9 7 18 7 9 14 12 15 12 12 1 8 11 8 15 8 17 9 21 10 20 10 11 11 18 13 15 16 18 19 20 20 21 0 1 2 4 3
22 34 0 7 0 2 0 1 0 19 0 14 1 3 2 4 2 10 3 17 3 13 4 6 4 5 21 16 16 19 5 17 5 14 6 13 6 9 7 18 7 9 14 12 15 12 12 1 8 11 8 15 8 17 9 21 10 20 10 11 11 18 13 15 16 18 19 20 20 21 0 1 3 2 4
22 34 0 7 0 2 0 1 0 19 0 14 1 3 2 4 2 10 3 17 3 13 4 6 4 5 21 16 16 19 5 17 5 14 6 13 6 9 7 18 7 9 14 12 15 12 12 1 8 11 8 15 8 17 9 21 10 20 10 11 11 18 13 15 16 18 19 20 20 21 0 1 3 4 2
22 34 0 7 0 2 0 1 0 19 0 14 1 3 2 4 2 10 3 17 3 13 4 6 4 5 21 16 16 19 5 17 5 14 6 13 6 9 7 18 7 9 14 12 15 12 12 1 8 11 8 15 8 17 9 21 10 20 10 11 11 18 13 15 16 18 19 20 20 21 0 1 4 2 3
22 34 0 7 0 2 0 1 0 19 0 14 1 3 2 4 2 10 3 17 3 13 4 6 4 5 21 16 16 19 5 17 5 14 6 13 6 9 7 18 7 9 14 12 15 12 12 1 8 11 8 15 8 17 9 21 10 20 10 11 11 18 13 15 16 18 19 20 20 21 0 1 4 3 2
22 34 0 7 0 2 0 1 0 19 0 14 1 3 2 4 2 10 3 17 3 13 4 6 4 5 21 16 16 19 5 17 5 14 6 13 6 9 7 18 7 9 14 12 15 12 12 1 8 11 8 15 8 17 9 21 10 20 10 11 11 18 13 15 16 18 19 20 20 21 0 2 1 3 4
22 34 0 7 0 2 0 1 0 19 0 14 1 3 2 4 2 10 3 17 3 13 4 6 4 5 21 16 16 19 5 17 5 14 6 13 6 9 7 18 7 9 14 12 15 12 12 1 8 11 8 15 8 17 9 21 10 20 10 11 11 18 13 15 16 18 19 20 20 21 0 2 1 4 3
22 34 0 7 0 2 0 1 0 19 0 14 1 3 2 4 2 10 3 17 3 13 4 6 4 5 21 16 16 19 5 17 5 14 6 13 6 9 7 18 7 9 14 12 15 12 12 1 8 11 8 15 8 17 9 21 10 20 10 11 11 18 13 15 16 18 19 20 20 21 0 2 3 1 4
22 34 0 7 0 2 0 1 0 19 0 14 1 3 2 4 2 10 3 17 3 13 4 6 4 5 21 16 16 19 5 17 5 14 6 13 6 9 7 18 7 9 14 12 15 12 12 1 8 11 8 15 8 17 9 21 10 20 10 11 11 18 13 15 16 18 19 20 20 21 0 2 3 4 1
22 34 0 7 0 2 0 1 0 19 0 14 1 3 2 4 2 10 3 17 3 13 4 6 4 5 21 16 16 19 5 17 5 14 6 13 6 9 7 18 7 9 14 12 15 12 12 1 8 11 8 15 8 17 9 21 10 20 10 11 11 18 13 15 16 18 19 20 20 21 0 2 4 1 3
22 34 0 7 0 2 0 1 0 19 0 14 1 3 2 4 2 10 3 17 3 13 4 6 4 5 21 16 16 19 5 17 5 14 6 13 6 9 7 18 7 9 14 12 15 12 12 1 8 11 8 15 8 17 9 21 10 20 10 11 11 18 13 15 16 18 19 20 20 21 0 2 4 3 1
22 34 0 7 0 2 0 1 0 19 0 14 1 3 2 4 2 10 3 17 3 13 4 6 4 5 21 16 16 19 5 17 5 14 6 13 6 9 7 18 7 9 14 12 15 12 12 1 8 11 8 15 8 17 9 21 10 20 10 11 11 18 13 15 16 18 19 20 20 21 0 3 1 2 4
22 34 0 7 0 2 0 1 0 19 0 14 1 3 2 4 2 10 3 17 3 13 4 6 4 5 21 16 16 19 5 17 5 14 6 13 6 9 7 18 7 9 14 12 15 12 12 1 8 11 8 15 8 17 9 21 10 20 10 11 11 18 13 15 16 18 19 20 20 21 0 3 1 4 2
22 34 0 7 0 2 0 1 0 19 0 14 1 3 2 4 2 10 3 17 3 13 4 6 4 5 21 16 16 19 5 17 5 14 6 13 6 9 7 18 7 9 14 12 15 12 12 1 8 11 8 15 8 17 9 21 10 20 10 11 11 18 13 15 16 18 19 20 20 21 0 3 2 1 4
22 34 0 7 0 2 0 1 0 19 0 14 1 3 2 4 2 10 3 17 3 13 4 6 4 5 21 16 16 19 5 17 5 14 6 13 6 9 7 18 7 9 14 12 15 12 12 1 8 11 8 15 8 17 9 21 10 20 10 11 11 18 13 15 16 18 19 20 20 21 0 3 2 4 1
22 34 0 7 0 2 0 1 0 19 0 14 1 3 2 4 2 10 3 17 3 13 4 6 4 5 21 16 16 19 5 17 5 14 6 13 6 9 7 18 7 9 14 12 15 12 12 1 8 11 8 15 8 17 9 21 10 20 10 11 11 18 13 15 16 18 19 20 20 21 0 3 4 1 2
22 34 0 7 0 2 0 1 0 19 0 14 1 3 2 4 2 10 3 17 3 13 4 6 4 5 21 16 16 19 5 17 5 14 6 13 6 9 7 18 7 9 14 12 15 12 12 1 8 11 8 15 8 17 9 21 10 20 10 11 11 18 13 15 16 18 19 20 20 21 0 3 4 2 1
22 34 0 7 0 2 0 1 0 19 0 14 1 3 2 4 2 10 3 17 3 13 4 6 4 5 21 16 16 19 5 17 5 14 6 13 6 9 7 18 7 9 14 12 15 12 12 1 8 11 8 15 8 17 9 21 10 20 10 11 11 18 13 15 16 18 19 20 20 21 0 4 1 2 3
22 34 0 7 0 2 0 1 0 19 0 14 1 3 2 4 2 10 3 17 3 13 4 6 4 5 21 16 16 19 5 17 5 14 6 13 6 9 7 18 7 9 14 12 15 12 12 1 8 11 8 15 8 17 9 21 10 20 10 11 11 18 13 15 16 18 19 20 20 21 0 4 1 3 2
22 34 0 7 0 2 0 1 0 19 0 14 1 3 2 4 2 10 3 17 3 13 4 6 4 5 21 16 16 19 5 17 5 14 6 13 6 9 7 18 7 9 14 12 15 12 12 1 8 11 8 15 8 17 9 21 10 20 10 11 11 18 13 15 16 18 19 20 20 21 0 4 2 1 3
22 34 0 7 0 2 0 1 0 19 0 14 1 3 2 4 2 10 3 17 3 13 4 6 4 5 21 16 16 19 5 17 5 14 6 13 6 9 7 18 7 9 14 12 15 12 12 1 8 11 8 15 8 17 9 21 10 20 10 11 11 18 13 15 16 18 19 20 20 21 0 4 2 3 1
22 34 0 7 0 2 0 1 0 19 0 14 1 3 2 4 2 10 3 17 3 13 4 6 4 5 21 16 16 19 5 17 5 14 6 13 6 9 7 18 7 9 14 12 15 12 12 1 8 11 8 15 8 17 9 21 10 20 10 11 11 18 13 15 16 18 19 20 20 21 0 4 3 1 2
22 34 0 7 0 2 0 1 0 19 0 14 1 3 2 4 2 10 3 17 3 13 4 6 4 5 21 16 16 19 5 17 5 14 6 13 6 9 7 18 7 9 14 12 15 12 12 1 8 11 8 15 8 17 9 21 10 20 10 11 11 18 13 15 16 18 19 20 20 21 0 4 3 2 1
22 34 0 7 0 2 0 1 0 19 0 14 1 3 2 4 2 10 3 17 3 13 4 6 4 5 21 16 16 19 5 17 5 14 6 13 6 9 7 18 7 9 14 12 15 12 12 1 8 11 8 15 8 17 9 21 10 20 10 11 11 18 13 15 16 18 19 20 20 21 1 0 2 3 4
22 34 0 7 0 2 0 1 0 19 0 14 1 3 2 4 2 10 3 17 3 13 4 6 4 5 21 16 16 19 5 17 5 14 6 13 6 9 7 18 7 9 14 12 15 12 12 1 8 11 8 15 8 17 9 21 10 20 10 11 11 18 13 15 16 18 19 20 20 21 1 0 2 4 3
22 34 0 7 0 2 0 1 0 19 0 14 1 3 2 4 2 10 3 17 3 13 4 6 4 5 21 16 16 19 5 17 5 14 6 13 6 9 7 18 7 9 14 12 15 12 12 1 8 11 8 15 8 17 9 21 10 20 10 11 11 18 13 15 16 18 19 20 20 21 1 0 3 2 4
22 34 0 7 0 2 0 1 0 19 0 14 1 3 2 4 2 10 3 17 3 13 4 6 4 5 21 16 16 19 5 17 5 14 6 13 6 9 7 18 7 9 14 12 15 12 12 1 8 11 8 15 8 17 9 21 10 20 10 11 11 18 13 15 16 18 19 20 20 21 1 0 3 4 2
22 34 0 7 0 2 0 1 0 19 0 14 1 3 2 4 2 10 3 17 3 13 4 6 4 5 21 16 16 19 5 17 5 14 6 13 6 9 7 18 7 9 14 12 15 12 12 1 8 11 8 15 8 17 9 21 10 20 10 11 11 18 13 15 16 18 19 20 20 21 1 0 4 2 3
22 34 0 7 0 2 0 1 0 19 0 14 1 3 2 4 2 10 3 17 3 13 4 6 4 5 21 16 16 19 5 17 5 14 6 13 6 9 7 18 7 9 14 12 15 12 12 1 8 11 8 15 8 17 9 21 10 20 10 11 11 18 13 15 16 18 19 20 20 21 1 0 4 3 2
22 34 0 7 0 2 0 1 0 19 0 14 1 3 2 4 2 10 3 17 3 13 4 6 4 5 21 16 16 19 5 17 5 14 6 13 6 9 7 18 7 9 14 12 15 12 12 1 8 11 8 15 8 17 9 21 10 20 10 11 11 18 13 15 16 18 19 20 20 21 1 2 0 3 4
22 34 0 7 0 2 0 1 0 19 0 14 1 3 2 4 2 10 3 17 3 13 4 6 4 5 21 16 16 19 5 17 5 14 6 13 6 9 7 18 7 9 14 12 15 12 12 1 8 11 8 15 8 17 9 21 10 20 10 11 11 18 13 15 16 18 19 20 20 21 1 2 0 4 3
22 34 0 7 0 2 0 1 0 19 0 14 1 3 2 4 2 10 3 17 3 13 4 6 4 5 21 16 16 19 5 17 5 14 6 13 6 9 7 18 7 9 14 12 15 12 12 1 8 11 8 15 8 17 9 21 10 20 10 11 11 18 13 15 16 18 19 20 20 21 1 2 3 0 4
22 34 0 7 0 2 0 1 0 19 0 14 1 3 2 4 2 10 3 17 3 13 4 6 4 5 21 16 16 19 5 17 5 14 6 13 6 9 7 18 7 9 14 12 15 12 12 1 8 11 8 15 8 17 9 21 10 20 10 11 11 18 13 15 16 18 19 20 20 21 1 2 3 4 0
22 34 0 7 0 2 0 1 0 19 0 14 1 3 2 4 2 10 3 17 3 13 4 6 4 5 21 16 16 19 5 17 5 14 6 13 6 9 7 18 7 9 14 12 15 12 12 1 8 11 8 15 8 17 9 21 10 20 10 11 11 18 13 15 16 18 19 20 20 21 1 2 4 0 3
22 34 0 7 0 2 0 1 0 19 0 14 1 3 2 4 2 10 3 17 3 13 4 6 4 5 21 16 16 19 5 17 5 14 6 13 6 9 7 18 7 9 14 12 15 12 12 1 8 11 8 15 8 17 9 21 10 20 10 11 11 18 13 15 16 18 19 20 20 21 1 2 4 3 0
22 34 0 7 0 2 0 1 0 19 0 14 1 3 2 4 2 10 3 17 3 13 4 6 4 5 21 16 16 19 5 17 5 14 6 13 6 9 7 18 7 9 14 12 15 12 12 1 8 11 8 15 8 17 9 21 10 20 10 11 11 18 13 15 16 18 19 20 20 21 1 3 0 2 4
22 34 0 7 0 2 0 1 0 19 0 14 1 3 2 4 2 10 3 17 3 13 4 6 4 5 21 16 16 19 5 17 5 14 6 13 6 9 7 18 7 9 14 12 15 12 12 1 8 11 8 15 8 17 9 21 10 20 10 11 11 18 13 15 16 18 19 20 20 21 1 3 0 4 2
22 34 0 7 0 2 0 1 0 19 0 14 1 3 2 4 2 10 3 17 3 13 4 6 4 5 21 16 16 19 5 17 5 14 6 13 6 9 7 18 7 9 14 12 15 12 12 1 8 11 8 15 8 17 9 21 10 20 10 11 11 18 13 15 16 18 19 20 20 21 1 3 2 0 4
22 34 0 7 0 2 0 1 0 19 0 14 1 3 2 4 2 10 3 17 3 13 4 6 4 5 21 16 16 19 5 17 5 14 6 13 6 9 7 18 7 9 14 12 15 12 12 1 8 11 8 15 8 17 9 21 10 20 10 11 11 18 13 15 16 18 19 20 20 21 1 3 2 4 0
22 34 0 7 0 2 0 1 0 19 0 14 1 3 2 4 2 10 3 17 3 13 4 6 4 5 21 16 16 19 5 17 5 14 6 13 6 9 7 18 7 9 14 12 15 12 12 1 8 11 8 15 8 17 9 21 10 20 10 11 11 18 13 15 16 18 19 20 20 21 1 3 4 0 2
22 34 0 7 0 2 0 1 0 19 0 14 1 3 2 4 2 10 3 17 3 13 4 6 4 5 21 16 16 19 5 17 5 14 6 13 6 9 7 18 7 9 14 12 15 12 12 1 8 11 8 15 8 17 9 21 10 20 10 11 11 18 13 15 16 18 19 20 20 21 1 3 4 2 0
22 34 0 7 0 2 0 1 0 19 0 14 1 3 2 4 2 10 3 17 3 13 4 6 4 5 21 16 16 19 5 17 5 14 6 13 6 9 7 18 7 9 14 12 15 12 12 1 8 11 8 15 8 17 9 21 10 20 10 11 11 18 13 15 16 18 19 20 20 21 1 4 0 2 3
22 34 0 7 0 2 0 1 0 19 0 14 1 3 2 4 2 10 3 17 3 13 4 6 4 5 21 16 16 19 5 17 5 14 6 13 6 9 7 18 7 9 14 12 15 12 12 1 8 11 8 15 8 17 9 21 10 20 10 11 11 18 13 15 16 18 19 20 20 21 1 4 0 3 2
22 34 0 7 0 2 0 1 0 19 0 14 1 3 2 4 2 10 3 17 3 13 4 6 4 5 21 16 16 19 5 17 5 14 6 13 6 9 7 18 7 9 14 12 15 12 12 1 8 11 8 15 8 17 9 21 10 20 10 11 11 18 13 15 16 18 19 20 20 21 1 4 2 0 3
22 34 0 7 0 2 0 1 0 19 0 14 1 3 2 4 2 10 3 17 3 13 4 6 4 5 21 16 16 19 5 17 5 14 6 13 6 9 7 18 7 9 14 12 15 12 12 1 8 11 8 15 8 17 9 21 10 20 10 11 11 18 13 15 16 18 19 20 20 21 1 4 2 3 0
22 34 0 7 0 2 0 1 0 19 0 14 1 3 2 4 2 10 3 17 3 13 4 6 4 5 21 16 16 19 5 17 5 14 6 13 6 9 7 18 7 9 14 12 15 12 12 1 8 11 8 15 8 17 9 21 10 20 10 11 11 18 13 15 16 18 19 20 20 21 1 4 3 0 2
22 34 0 7 0 2 0 1 0 19 0 14 1 3 2 4 2 10 3 17 3 13 4 6 4 5 21 16 16 19 5 17 5 14 6 13 6 9 7 18 7 9 14 12 15 12 12 1 8 11 8 15 8 17 9 21 10 20 10 11 11 18 13 15 16 18 19 20 20 21 1 4 3 2 0
22 34 0 7 0 2 0 1 0 19 0 14 1 3 2 4 2 10 3 17 3 13 4 6 4 5 21 16 16 19 5 17 5 14 6 13 6 9 7 18 7 9 14 12 15 12 12 1 8 11 8 15 8 17 9 21 10 20 10 11 11 18 13 15 16 18 19 20 20 21 2 0 1 3 4
22 34 0 7 0 2 0 1 0 19 0 14 1 3 2 4 2 10 3 17 3 13 4 6 4 5 21 16 16 19 5 17 5 14 6 13 6 9 7 18 7 9 14 12 15 12 12 1 8 11 8 15 8 17 9 21 10 20 10 11 11 18 13 15 16 18 19 20 20 21 2 0 1 4 3
22 34 0 7 0 2 0 1 0 19 0 14 1 3 2 4 2 10 3 17 3 13 4 6 4 5 21 16 16 19 5 17 5 14 6 13 6 9 7 18 7 9 14 12 15 12 12 1 8 11 8 15 8 17 9 21 10 20 10 11 11 18 13 15 16 18 19 20 20 21 2 0 3 1 4
22 34 0 7 0 2 0 1 0 19 0 14 1 3 2 4 2 10 3 17 3 13 4 6 4 5 21 16 16 19 5 17 5 14 6 13 6 9 7 18 7 9 14 12 15 12 12 1 8 11 8 15 8 17 9 21 10 20 10 11 11 18 13 15 16 18 19 20 20 21 2 0 3 4 1
22 34 0 7 0 2 0 1 0 19 0 14 1 3 2 4 2 10 3 17 3 13 4 6 4 5 21 16 16 19 5 17 5 14 6 13 6 9 7 18 7 9 14 12 15 12 12 1 8 11 8 15 8 17 9 21 10 20 10 11 11 18 13 15 16 18 19 20 20 21 2 0 4 1 3
22 34 0 7 0 2 0 1 0 19 0 14 1 3 2 4 2 10 3 17 3 13 4 6 4 5 21 16 16 19 5 17 5 14 6 13 6 9 7 18 7 9 14 12 15 12 12 1 8 11 8 15 8 17 9 21 10 20 10 11 11 18 13 15 16 18 19 20 20 21 2 0 4 3 1
22 34 0 7 0 2 0 1 0 19 0 14 1 3 2 4 2 10 3 17 3 13 4 6 4 5 21 16 16 19 5 17 5 14 6 13 6 9 7 18 7 9 14 12 15 12 12 1 8 11 8 15 8 17 9 21 10 20 10 11 11 18 13 15 16 18 19 20 20 21 2 1 0 3 4
22 34 0 7 0 2 0 1 0 19 0 14 1 3 2 4 2 10 3 17 3 13 4 6 4 5 21 16 16 19 5 17 5 14 6 13 6 9 7 18 7 9 14 12 15 12 12 1 8 11 8 15 8 17 9 21 10 20 10 11 11 18 13 15 16 18 19 20 20 21 2 1 0 4 3
22 34 0 7 0 2 0 1 0 19 0 14 1 3 2 4 2 10 3 17 3 13 4 6 4 5 21 16 16 19 5 17 5 14 6 13 6 9 7 18 7 9 14 12 15 12 12 1 8 11 8 15 8 17 9 21 10 20 10 11 11 18 13 15 16 18 19 20 20 21 2 1 3 0 4
22 34 0 7 0 2 0 1 0 19 0 14 1 3 2 4 2 10 3 17 3 13 4 6 4 5 21 16 16 19 5 17 5 14 6 13 6 9 7 18 7 9 14 12 15 12 12 1 8 11 8 15 8 17 9 21 10 20 10 11 11 18 13 15 16 18 19 20 20 21 2 1 3 4 0
22 34 0 7 0 2 0 1 0 19 0 14 1 3 2 4 2 10 3 17 3 13 4 6 4 5 21 16 16 19 5 17 5 14 6 13 6 9 7 18 7 9 14 12 15 12 12 1 8 11 8 15 8 17 9 21 10 20 10 11 11 18 13 15 16 18 19 20 20 21 2 1 4 0 3
22 34 0 7 0 2 0 1 0 19 0 14 1 3 2 4 2 10 3 17 3 13 4 6 4 5 21 16 16 19 5 17 5 14 6 13 6 9 7 18 7 9 14 12 15 12 12 1 8 11 8 15 8 17 9 21 10 20 10 11 11 18 13 15 16 18 19 20 20 21 2 1 4 3 0
22 34 0 7 0 2 0 1 0 19 0 14 1 3 2 4 2 10 3 17 3 13 4 6 4 5 21 16 16 19 5 17 5 14 6 13 6 9 7 18 7 9 14 12 15 12 12 1 8 11 8 15 8 17 9 21 10 20 10 11 11 18 13 15 16 18 19 20 20 21 2 3 0 1 4
22 34 0 7 0 2 0 1 0 19 0 14 1 3 2 4 2 10 3 17 3 13 4 6 4 5 21 16 16 19 5 17 5 14 6 13 6 9 7 18 7 9 14 12 15 12 12 1 8 11 8 15 8 17 9 21 10 20 10 11 11 18 13 15 16 18 19 20 20 21 2 3 0 4 1
22 34 0 7 0 2 0 1 0 19 0 14 1 3 2 4 2 10 3 17 3 13 4 6 4 5 21 16 16 19 5 17 5 14 6 13 6 9 7 18 7 9 14 12 15 12 12 1 8 11 8 15 8 17 9 21 10 20 10 11 11 18 13 15 16 18 19 20 20 21 2 3 1 0 4
22 34 0 7 0 2 0 1 0 19 0 14 1 3 2 4 2 10 3 17 3 13 4 6 4 5 21 16 16 19 5 17 5 14 6 13 6 9 7 18 7 9 14 12 15 12 12 1 8 11 8 15 8 17 9 21 10 20 10 11 11 18 13 15 16 18 19 20 20 21 2 3 1 4 0
22 34 0 7 0 2 0 1 0 19 0 14 1 3 2 4 2 10 3 17 3 13 4 6 4 5 21 16 16 19 5 17 5 14 6 13 6 9 7 18 7 9 14 12 15 12 12 1 8 11 8 15 8 17 9 21 10 20 10 11 11 18 13 15 16 18 19 20 20 21 2 3 4 0 1
22 34 0 7 0 2 0 1 0 19 0 14 1 3 2 4 2 10 3 17 3 13 4 6 4 5 21 16 16 19 5 17 5 14 6 13 6 9 7 18 7 9 14 12 15 12 12 1 8 11 8 15 8 17 9 21 10 20 10 11 11 18 13 15 16 18 19 20 20 21 2 3 4 1 0
22 34 0 7 0 2 0 1 0 19 0 14 1 3 2 4 2 10 3 17 3 13 4 6 4 5 21 16 16 19 5 17 5 14 6 13 6 9 7 18 7 9 14 12 15 12 12 1 8 11 8 15 8 17 9 21 10 20 10 11 11 18 13 15 16 18 19 20 20 21 2 4 0 1 3
22 34 0 7 0 2 0 1 0 19 0 14 1 3 2 4 2 10 3 17 3 13 4 6 4 5 21 16 16 19 5 17 5 14 6 13 6 9 7 18 7 9 14 12 15 12 12 1 8 11 8 15 8 17 9 21 10 20 10 11 11 18 13 15 16 18 19 20 20 21 2 4 0 3 1
22 34 0 7 0 2 0 1 0 19 0 14 1 3 2 4 2 10 3 17 3 13 4 6 4 5 21 16 16 19 5 17 5 14 6 13 6 9 7 18 7 9 14 12 15 12 12 1 8 11 8 15 8 17 9 21 10 20 10 11 11 18 13 15 16 18 19 20 20 21 2 4 1 0 3
22 34 0 7 0 2 0 1 0 19 0 14 1 3 2 4 2 10 3 17 3 13 4 6 4 5 21 16 16 19 5 17 5 14 6 13 6 9 7 18 7 9 14 12 15 12 12 1 8 11 8 15 8 17 9 21 10 20 10 11 11 18 13 15 16 18 19 20 20 21 2 4 1 3 0
22 34 0 7 0 2 0 1 0 19 0 14 1 3 2 4 2 10 3 17 3 13 4 6 4 5 21 16 16 19 5 17 5 14 6 13 6 9 7 18 7 9 14 12 15 12 12 1 8 11 8 15 8 17 9 21 10 20 10 11 11 18 13 15 16 18 19 20 20 21 2 4 3 0 1
22 34 0 7 0 2 0 1 0 19 0 14 1 3 2 4 2 10 3 17 3 13 4 6 4 5 21 16 16 19 5 17 5 14 6 13 6 9 7 18 7 9 14 12 15 12 12 1 8 11 8 15 8 17 9 21 10 20 10 11 11 18 13 15 16 18 19 20 20 21 2 4 3 1 0
22 34 0 7 0 2 0 1 0 19 0 14 1 3 2 4 2 10 3 17 3 13 4 6 4 5 21 16 16 19 5 17 5 14 6 13 6 9 7 18 7 9 14 12 15 12 12 1 8 11 8 15 8 17 9 21 10 20 10 11 11 18 13 15 16 18 19 20 20 21 3 0 1 2 4
22 34 0 7 0 2 0 1 0 19 0 14 1 3 2 4 2 10 3 17 3 13 4 6 4 5 21 16 16 19 5 17 5 14 6 13 6 9 7 18 7 9 14 12 15 12 12 1 8 11 8 15 8 17 9 21 10 20 10 11 11 18 13 15 16 18 19 20 20 21 3 0 1 4 2
22 34 0 7 0 2 0 1 0 19 0 14 1 3 2 4 2 10 3 17 3 13 4 6 4 5 21 16 16 19 5 17 5 14 6 13 6 9 7 18 7 9 14 12 15 12 12 1 8 11 8 15 8 17 9 21 10 20 10 11 11 18 13 15 16 18 19 20 20 21 3 0 2 1 4
22 34 0 7 0 2 0 1 0 19 0 14 1 3 2 4 2 10 3 17 3 13 4 6 4 5 21 16 16 19 5 17 5 14 6 13 6 9 7 18 7 9 14 12 15 12 12 1 8 11 8 15 8 17 9 21 10 20 10 11 11 18 13 15 16 18 19 20 20 21 3 0 2 4 1
22 34 0 7 0 2 0 1 0 19 0 14 1 3 2 4 2 10 3 17 3 13 4 6 4 5 21 16 16 19 5 17 5 14 6 13 6 9 7 18 7 9 14 12 15 12 12 1 8 11 8 15 8 17 9 21 10 20 10 11 11 18 13 15 16 18 19 20 20 21 3 0 4 1 2
22 34 0 7 0 2 0 1 0 19 0 14 1 3 2 4 2 10 3 17 3 13 4 6 4 5 21 16 16 19 5 17 5 14 6 13 6 9 7 18 7 9 14 12 15 12 12 1 8 11 8 15 8 17 9 21 10 20 10 11 11 18 13 15 16 18 19 20 20 21 3 0 4 2 1
22 34 0 7 0 2 0 1 0 19 0 14 1 3 2 4 2 10 3 17 3 13 4 6 4 5 21 16 16 19 5 17 5 14 6 13 6 9 7 18 7 9 14 12 15 12 12 1 8 11 8 15 8 17 9 21 10 20 10 11 11 18 13 15 16 18 19 20 20 21 3 1 0 2 4
22 34 0 7 0 2 0 1 0 19 0 14 1 3 2 4 2 10 3 17 3 13 4 6 4 5 21 16 16 19 5 17 5 14 6 13 6 9 7 18 7 9 14 12 15 12 12 1 8 11 8 15 8 17 9 21 10 20 10 11 11 18 13 15 16 18 19 20 20 21 3 1 0 4 2
22 34 0 7 0 2 0 1 0 19 0 14 1 3 2 4 2 10 3 17 3 13 4 6 4 5 21 16 16 19 5 17 5 14 6 13 6 9 7 18 7 9 14 12 15 12 12 1 8 11 8 15 8 17 9 21 10 20 10 11 11 18 13 15 16 18 19 20 20 21 3 1 2 0 4
22 34 0 7 0 2 0 1 0 19 0 14 1 3 2 4 2 10 3 17 3 13 4 6 4 5 21 16 16 19 5 17 5 14 6 13 6 9 7 18 7 9 14 12 15 12 12 1 8 11 8 15 8 17 9 21 10 20 10 11 11 18 13 15 16 18 19 20 20 21 3 1 2 4 0
22 34 0 7 0 2 0 1 0 19 0 14 1 3 2 4 2 10 3 17 3 13 4 6 4 5 21 16 16 19 5 17 5 14 6 13 6 9 7 18 7 9 14 12 15 12 12 1 8 11 8 15 8 17 9 21 10 20 10 11 11 18 13 15 16 18 19 20 20 21 3 1 4 0 2
22 34 0 7 0 2 0 1 0 19 0 14 1 3 2 4 2 10 3 17 3 13 4 6 4 5 21 16 16 19 5 17 5 14 6 13 6 9 7 18 7 9 14 12 15 12 12 1 8 11 8 15 8 17 9 21 10 20 10 11 11 18 13 15 16 18 19 20 20 21 3 1 4 2 0
22 34 0 7 0 2 0 1 0 19 0 14 1 3 2 4 2 10 3 17 3 13 4 6 4 5 21 16 16 19 5 17 5 14 6 13 6 9 7 18 7 9 14 12 15 12 12 1 8 11 8 15 8 17 9 21 10 20 10 11 11 18 13 15 16 18 19 20 20 21 3 2 0 1 4
22 34 0 7 0 2 0 1 0 19 0 14 1 3 2 4 2 10 3 17 3 13 4 6 4 5 21 16 16 19 5 17 5 14 6 13 6 9 7 18 7 9 14 12 15 12 12 1 8 11 8 15 8 17 9 21 10 20 10 11 11 18 13 15 16 18 19 20 20 21 3 2 0 4 1
22 34 0 7 0 2 0 1 0 19 0 14 1 3 2 4 2 10 3 17 3 13 4 6 4 5 21 16 16 19 5 17 5 14 6 13 6 9 7 18 7 9 14 12 15 12 12 1 8 11 8 15 8 17 9 21 10 20 10 11 11 18 13 15 16 18 19 20 20 21 3 2 1 0 4
22 34 0 7 0 2 0 1 0 19 0 14 1 3 2 4 2 10 3 17 3 13 4 6 4 5 21 16 16 19 5 17 5 14 6 13 6 9 7 18 7 9 14 12 15 12 12 1 8 11 8 15 8 17 9 21 10 20 10 11 11 18 13 15 16 18 19 20 20 21 3 2 1 4 0
22 34 0 7 0 2 0 1 0 19 0 14 1 3 2 4 2 10 3 17 3 13 4 6 4 5 21 16 16 19 5 17 5 14 6 13 6 9 7 18 7 9 14 12 15 12 12 1 8 11 8 15 8 17 9 21 10 20 10 11 11 18 13 15 16 18 19 20 20 21 3 2 4 0 1
22 34 0 7 0 2 0 1 0 19 0 14 1 3 2 4 2 10 3 17 3 13 4 6 4 5 21 16 16 19 5 17 5 14 6 13 6 9 7 18 7 9 14 12 15 12 12 1 8 11 8 15 8 17 9 21 10 20 10 11 11 18 13 15 16 18 19 20 20 21 3 2 4 1 0
22 34 0 7 0 2 0 1 0 19 0 14 1 3 2 4 2 10 3 17 3 13 4 6 4 5 21 16 16 19 5 17 5 14 6 13 6 9 7 18 7 9 14 12 15 12 12 1 8 11 8 15 8 17 9 21 10 20 10 11 11 18 13 15 16 18 19 20 20 21 3 4 0 1 2
22 34 0 7 0 2 0 1 0 19 0 14 1 3 2 4 2 10 3 17 3 13 4 6 4 5 21 16 16 19 5 17 5 14 6 13 6 9 7 18 7 9 14 12 15 12 12 1 8 11 8 15 8 17 9 21 10 20 10 11 11 18 13 15 16 18 19 20 20 21 3 4 0 2 1
22 34 0 7 0 2 0 1 0 19 0 14 1 3 2 4 2 10 3 17 3 13 4 6 4 5 21 16 16 19 5 17 5 14 6 13 6 9 7 18 7 9 14 12 15 12 12 1 8 11 8 15 8 17 9 21 10 20 10 11 11 18 13 15 16 18 19 20 20 21 3 4 1 0 2
22 34 0 7 0 2 0 1 0 19 0 14 1 3 2 4 2 10 3 17 3 13 4 6 4 5 21 16 16 19 5 17 5 14 6 13 6 9 7 18 7 9 14 12 15 12 12 1 8 11 8 15 8 17 9 21 10 20 10 11 11 18 13 15 16 18 19 20 20 21 3 4 1 2 0
22 34 0 7 0 2 0 1 0 19 0 14 1 3 2 4 2 10 3 17 3 13 4 6 4 5 21 16 16 19 5 17 5 14 6 13 6 9 7 18 7 9 14 12 15 12 12 1 8 11 8 15 8 17 9 21 10 20 10 11 11 18 13 15 16 18 19 20 20 21 3 4 2 0 1
22 34 0 7 0 2 0 1 0 19 0 14 1 3 2 4 2 10 3 17 3 13 4 6 4 5 21 16 16 19 5 17 5 14 6 13 6 9 7 18 7 9 14 12 15 12 12 1 8 11 8 15 8 17 9 21 10 20 10 11 11 18 13 15 16 18 19 20 20 21 3 4 2 1 0
22 34 0 7 0 2 0 1 0 19 0 14 1 3 2 4 2 10 3 17 3 13 4 6 4 5 21 16 16 19 5 17 5 14 6 13 6 9 7 18 7 9 14 12 15 12 12 1 8 11 8 15 8 17 9 21 10 20 10 11 11 18 13 15 16 18 19 20 20 21 4 0 1 2 3
22 34 0 7 0 2 0 1 0 19 0 14 1 3 2 4 2 10 3 17 3 13 4 6 4 5 21 16 16 19 5 17 5 14 6 13 6 9 7 18 7 9 14 12 15 12 12 1 8 11 8 15 8 17 9 21 10 20 10 11 11 18 13 15 16 18 19 20 20 21 4 0 1 3 2
22 34 0 7 0 2 0 1 0 19 0 14 1 3 2 4 2 10 3 17 3 13 4 6 4 5 21 16 16 19 5 17 5 14 6 13 6 9 7 18 7 9 14 12 15 12 12 1 8 11 8 15 8 17 9 21 10 20 10 11 11 18 13 15 16 18 19 20 20 21 4 0 2 1 3
22 34 0 7 0 2 0 1 0 19 0 14 1 3 2 4 2 10 3 17 3 13 4 6 4 5 21 16 16 19 5 17 5 14 6 13 6 9 7 18 7 9 14 12 15 12 12 1 8 11 8 15 8 17 9 21 10 20 10 11 11 18 13 15 16 18 19 20 20 21 4 0 2 3 1
22 34 0 7 0 2 0 1 0 19 0 14 1 3 2 4 2 10 3 17 3 13 4 6 4 5 21 16 16 19 5 17 5 14 6 13 6 9 7 18 7 9 14 12 15 12 12 1 8 11 8 15 8 17 9 21 10 20 10 11 11 18 13 15 16 18 19 20 20 21 4 0 3 1 2
22 34 0 7 0 2 0 1 0 19 0 14 1 3 2 4 2 10 3 17 3 13 4 6 4 5 21 16 16 19 5 17 5 14 6 13 6 9 7 18 7 9 14 12 15 12 12 1 8 11 8 15 8 17 9 21 10 20 10 11 11 18 13 15 16 18 19 20 20 21 4 0 3 2 1
22 34 0 7 0 2 0 1 0 19 0 14 1 3 2 4 2 10 3 17 3 13 4 6 4 5 21 16 16 19 5 17 5 14 6 13 6 9 7 18 7 9 14 12 15 12 12 1 8 11 8 15 8 17 9 21 10 20 10 11 11 18 13 15 16 18 19 20 20 21 4 1 0 2 3
22 34 0 7 0 2 0 1 0 19 0 14 1 3 2 4 2 10 3 17 3 13 4 6 4 5 21 16 16 19 5 17 5 14 6 13 6 9 7 18 7 9 14 12 15 12 12 1 8 11 8 15 8 17 9 21 10 20 10 11 11 18 13 15 16 18 19 20 20 21 4 1 0 3 2
22 34 0 7 0 2 0 1 0 19 0 14 1 3 2 4 2 10 3 17 3 13 4 6 4 5 21 16 16 19 5 17 5 14 6 13 6 9 7 18 7 9 14 12 15 12 12 1 8 11 8 15 8 17 9 21 10 20 10 11 11 18 13 15 16 18 19 20 20 21 4 1 2 0 3
22 34 0 7 0 2 0 1 0 19 0 14 1 3 2 4 2 10 3 17 3 13 4 6 4 5 21 16 16 19 5 17 5 14 6 13 6 9 7 18 7 9 14 12 15 12 12 1 8 11 8 15 8 17 9 21 10 20 10 11 11 18 13 15 16 18 19 20 20 21 4 1 2 3 0
22 34 0 7 0 2 0 1 0 19 0 14 1 3 2 4 2 10 3 17 3 13 4 6 4 5 21 16 16 19 5 17 5 14 6 13 6 9 7 18 7 9 14 12 15 12 12 1 8 11 8 15 8 17 9 21 10 20 10 11 11 18 13 15 16 18 19 20 20 21 4 1 3 0 2
22 34 0 7 0 2 0 1 0 19 0 14 1 3 2 4 2 10 3 17 3 13 4 6 4 5 21 16 16 19 5 17 5 14 6 13 6 9 7 18 7 9 14 12 15 12 12 1 8 11 8 15 8 17 9 21 10 20 10 11 11 18 13 15 16 18 19 20 20 21 4 1 3 2 0
22 34 0 7 0 2 0 1 0 19 0 14 1 3 2 4 2 10 3 17 3 13 4 6 4 5 21 16 16 19 5 17 5 14 6 13 6 9 7 18 7 9 14 12 15 12 12 1 8 11 8 15 8 17 9 21 10 20 10 11 11 18 13 15 16 18 19 20 20 21 4 2 0 1 3
22 34 0 7 0 2 0 1 0 19 0 14 1 3 2 4 2 10 3 17 3 13 4 6 4 5 21 16 16 19 5 17 5 14 6 13 6 9 7 18 7 9 14 12 15 12 12 1 8 11 8 15 8 17 9 21 10 20 10 11 11 18 13 15 16 18 19 20 20 21 4 2 0 3 1
22 34 0 7 0 2 0 1 0 19 0 14 1 3 2 4 2 10 3 17 3 13 4 6 4 5 21 16 16 19 5 17 5 14 6 13 6 9 7 18 7 9 14 12 15 12 12 1 8 11 8 15 8 17 9 21 10 20 10 11 11 18 13 15 16 18 19 20 20 21 4 2 1 0 3
22 34 0 7 0 2 0 1 0 19 0 14 1 3 2 4 2 10 3 17 3 13 4 6 4 5 21 16 16 19 5 17 5 14 6 13 6 9 7 18 7 9 14 12 15 12 12 1 8 11 8 15 8 17 9 21 10 20 10 11 11 18 13 15 16 18 19 20 20 21 4 2 1 3 0
22 34 0 7 0 2 0 1 0 19 0 14 1 3 2 4 2 10 3 17 3 13 4 6 4 5 21 16 16 19 5 17 5 14 6 13 6 9 7 18 7 9 14 12 15 12 12 1 8 11 8 15 8 17 9 21 10 20 10 11 11 18 13 15 16 18 19 20 20 21 4 2 3 0 1
22 34 0 7 0 2 0 1 0 19 0 14 1 3 2 4 2 10 3 17 3 13 4 6 4 5 21 16 16 19 5 17 5 14 6 13 6 9 7 18 7 9 14 12 15 12 12 1 8 11 8 15 8 17 9 21 10 20 10 11 11 18 13 15 16 18 19 20 20 21 4 2 3 1 0
22 34 0 7 0 2 0 1 0 19 0 14 1 3 2 4 2 10 3 17 3 13 4 6 4 5 21 16 16 19 5 17 5 14 6 13 6 9 7 18 7 9 14 12 15 12 12 1 8 11 8 15 8 17 9 21 10 20 10 11 11 18 13 15 16 18 19 20 20 21 4 3 0 1 2
22 34 0 7 0 2 0 1 0 19 0 14 1 3 2 4 2 10 3 17 3 13 4 6 4 5 21 16 16 19 5 17 5 14 6 13 6 9 7 18 7 9 14 12 15 12 12 1 8 11 8 15 8 17 9 21 10 20 10 11 11 18 13 15 16 18 19 20 20 21 4 3 0 2 1
22 34 0 7 0 2 0 1 0 19 0 14 1 3 2 4 2 10 3 17 3 13 4 6 4 5 21 16 16 19 5 17 5 14 6 13 6 9 7 18 7 9 14 12 15 12 12 1 8 11 8 15 8 17 9 21 10 20 10 11 11 18 13 15 16 18 19 20 20 21 4 3 1 0 2
22 34 0 7 0 2 0 1 0 19 0 14 1 3 2 4 2 10 3 17 3 13 4 6 4 5 21 16 16 19 5 17 5 14 6 13 6 9 7 18 7 9 14 12 15 12 12 1 8 11 8 15 8 17 9 21 10 20 10 11 11 18 13 15 16 18 19 20 20 21 4 3 1 2 0
22 34 0 7 0 2 0 1 0 19 0 14 1 3 2 4 2 10 3 17 3 13 4 6 4 5 21 16 16 19 5 17 5 14 6 13 6 9 7 18 7 9 14 12 15 12 12 1 8 11 8 15 8 17 9 21 10 20 10 11 11 18 13 15 16 18 19 20 20 21 4 3 2 0 1
22 34 0 7 0 2 0 1 0 19 0 14 1 3 2 4 2 10 3 17 3 13 4 6 4 5 21 16 16 19 5 17 5 14 6 13 6 9 7 18 7 9 14 12 15 12 12 1 8 11 8 15 8 17 9 21 10 20 10 11 11 18 13 15 16 18 19 20 20 21 4 3 2 1 0
