22 34 0 7 0 2 0 1 0 19 0 14 1 3 2 4 2 10 3 17 3 13 4 6 4 5 21 16 16 19 5 17 5 14 6 13 6 9 7 18 7 9 14 12 15 12 12 1 8 11 8 15 8 17 9 21 10 20 10 11 11 18 13 15 16 18 19 20 20 21 0 1 2 3 4
22 34 0 4 0 19 0 20 0 5 0 16 1 15 1 12 1 7 15 6 2 3 2 16 2 21 3 18 3 13 4 12 4 8 5 8 5 7 6 14 6 8 7 14 9 12 9 20 9 10 10 14 10 13 11 15 11 17 11 21 13 19 16 18 17 18 17 20 19 21 0 1 2 3 4
22 34 0 7 0 2 0 1 0 19 0 14 1 3 2 4 2 11 3 17 3 13 4 6 4 5 21 16 16 19 5 17 5 14 6 13 6 10 7 18 7 10 14 9 9 1 15 9 8 12 8 15 8 17 10 21 11 20 11 12 12 18 13 15 16 18 19 20 20 21 0 1 2 3 4
22 34 0 20 0 7 0 18 0 2 0 9 1 11 1 13 1 5 3 4 3 10 3 17 4 16 4 18 7 13 13 2 12 2 5 12 5 19 14 21 16 14 6 15 6 8 6 7 8 19 8 9 9 21 10 21 10 18 11 14 11 15 12 15 16 20 17 20 17 19 0 1 2 3 4
22 34 0 7 0 2 0 1 0 19 0 14 1 3 2 4 2 11 3 16 3 13 4 6 4 5 21 17 17 18 5 16 5 14 6 13 6 10 7 18 7 10 14 9 9 1 15 9 8 12 8 15 8 16 10 21 11 20 11 12 12 18 13 15 17 19 19 20 20 21 0 1 2 3 4
22 34 0 10 0 15 0 18 0 7 0 20 1 13 1 12 1 21 8 12 2 8 13 10 2 9 2 7 3 19 3 5 3 14 4 11 4 16 4 17 5 6 6 7 6 15 8 14 9 19 9 10 11 21 11 18 12 5 13 16 14 15 16 18 17 19 17 20 20 21 0 1 2 3 4
22 34 0 20 0 8 0 18 0 2 0 10 1 12 1 14 1 5 3 4 3 11 3 17 4 16 4 18 8 14 14 2 13 2 5 13 5 19 6 12 6 16 7 15 7 9 7 8 9 19 9 10 10 21 11 21 11 18 12 15 21 6 13 15 16 20 17 20 17 19 0 1 2 3 4
22 34 0 20 0 9 0 18 0 2 0 11 1 13 1 6 2 5 3 4 3 12 3 17 4 16 4 18 5 9 5 1 14 2 6 14 6 19 7 13 7 16 8 15 8 10 8 9 10 19 10 11 11 21 12 21 12 18 13 15 21 7 14 15 16 20 17 20 17 19 0 1 2 3 4
22 34 0 7 0 2 0 1 0 19 0 14 1 3 2 4 2 10 3 16 3 13 4 6 4 5 21 17 17 18 5 16 5 14 6 13 6 9 7 18 7 9 14 12 15 12 12 1 8 11 8 15 8 16 9 21 10 20 10 11 11 18 13 15 17 19 19 20 20 21 0 1 2 3 4
22 34 0 8 0 2 0 1 0 19 0 15 1 3 1 10 2 4 2 12 3 17 3 14 4 7 4 6 5 21 5 19 6 17 6 15 7 14 7 11 10 15 8 18 8 11 10 16 9 13 9 16 9 17 11 21 12 20 12 13 13 18 14 16 18 5 19 20 20 21 0 1 2 3 4
22 34 0 9 0 2 0 1 0 19 0 15 1 3 1 8 2 4 2 12 3 17 3 14 4 7 4 6 5 21 5 19 6 17 6 15 7 14 7 11 8 15 9 18 9 11 16 8 10 13 10 16 10 17 11 21 12 20 12 13 13 18 14 16 18 5 19 20 20 21 0 1 2 3 4
22 34 0 8 0 2 0 1 0 19 0 14 1 3 1 7 2 4 2 11 3 16 3 13 4 6 4 5 21 17 17 18 5 16 5 14 6 13 6 10 8 18 8 10 14 7 7 15 9 12 9 15 9 16 10 21 11 20 11 12 12 18 13 15 17 19 19 20 20 21 0 1 2 3 4
22 34 0 4 0 19 0 20 0 5 0 16 1 15 1 12 1 7 2 3 2 16 2 21 3 18 3 13 4 12 4 8 5 8 5 7 6 14 6 15 8 6 7 14 9 12 9 20 9 10 10 14 10 13 11 15 11 17 11 21 13 19 16 18 17 18 17 20 19 21 0 1 2 3 4
22 34 0 8 0 2 0 1 0 19 0 14 1 3 1 7 2 4 2 11 3 17 3 13 4 6 4 5 21 16 16 19 5 17 5 14 6 13 6 10 8 18 8 10 14 7 7 15 9 12 9 15 9 17 10 21 11 20 11 12 12 18 13 15 16 18 19 20 20 21 0 1 2 3 4
22 34 0 9 0 15 0 18 0 7 0 20 1 12 1 11 1 21 2 3 2 13 12 9 3 8 3 7 11 2 4 19 4 14 4 13 5 10 5 16 5 17 14 6 6 7 6 15 8 19 8 9 10 21 10 18 11 14 12 16 13 15 16 18 17 19 17 20 20 21 0 1 2 3 4
22 34 0 8 0 2 0 1 0 19 0 15 1 3 1 13 2 4 2 11 3 17 3 14 4 7 4 6 5 21 5 19 6 17 6 15 7 14 7 10 13 16 8 18 8 10 15 13 9 12 9 16 9 17 10 21 11 20 11 12 12 18 14 16 18 5 19 20 20 21 0 1 2 3 4
22 34 0 7 0 2 0 1 0 19 0 14 1 3 1 8 2 4 2 11 3 17 3 13 4 6 4 5 21 16 16 19 5 17 5 14 6 13 6 10 7 18 7 10 8 14 8 15 9 12 9 15 9 17 10 21 11 20 11 12 12 18 13 15 16 18 19 20 20 21 0 1 2 3 4
22 34 0 20 0 8 0 18 0 2 0 10 1 12 1 5 2 6 3 4 3 11 3 17 4 16 4 18 8 6 6 1 13 2 5 13 5 19 14 21 16 14 7 15 7 9 7 8 9 19 9 10 10 21 11 21 11 18 12 14 12 15 13 15 16 20 17 20 17 19 0 1 2 3 4
22 34 0 9 0 15 0 18 0 7 0 20 1 12 1 11 1 21 2 3 3 13 12 9 2 8 2 7 3 11 4 19 4 14 4 13 5 10 5 16 5 17 14 6 6 7 6 15 8 19 8 9 10 21 10 18 11 14 12 16 13 15 16 18 17 19 17 20 20 21 0 1 2 3 4
22 34 0 9 0 15 0 18 0 6 0 20 1 12 1 11 1 21 7 11 2 7 12 9 2 8 2 6 3 19 3 14 3 13 4 10 4 16 4 17 14 11 5 6 5 14 5 15 7 13 8 19 8 9 10 21 10 18 12 16 13 15 16 18 17 19 17 20 20 21 0 1 2 3 4
22 34 0 4 0 19 0 20 0 5 0 16 1 15 1 12 1 7 6 15 2 3 2 16 2 21 3 18 3 13 4 12 4 8 5 8 5 7 6 14 6 8 7 14 9 12 9 20 9 10 10 14 10 13 11 15 11 17 11 21 13 19 16 18 17 18 17 20 19 21 0 1 2 3 4
22 34 0 9 0 15 0 18 0 6 0 20 1 12 1 11 1 21 7 11 2 7 12 9 2 8 2 6 3 19 3 14 3 13 4 10 4 16 4 17 14 5 5 6 5 15 7 13 8 19 8 9 10 21 10 18 11 14 12 16 13 15 16 18 17 19 17 20 20 21 0 1 2 3 4
22 34 0 4 0 19 0 20 0 5 0 16 1 15 1 12 1 7 2 3 2 16 2 21 3 18 3 13 4 12 4 8 5 8 5 7 14 6 6 15 6 8 7 14 9 12 9 20 9 10 10 14 10 13 11 15 11 17 11 21 13 19 16 18 17 18 17 20 19 21 0 1 2 3 4
22 34 0 20 0 8 0 18 0 2 0 10 1 12 1 6 2 5 3 4 3 11 3 17 4 16 4 18 5 8 5 1 13 2 6 13 6 19 14 21 16 14 7 15 7 9 7 8 9 19 9 10 10 21 11 21 11 18 12 14 12 15 13 15 16 20 17 20 17 19 0 1 2 3 4
22 34 0 20 0 9 0 18 0 2 0 11 1 13 1 5 2 7 3 4 3 12 3 17 4 16 4 18 9 7 7 1 14 2 5 14 5 19 6 13 6 16 8 15 8 10 8 9 10 19 10 11 11 21 12 21 12 18 13 15 21 6 14 15 16 20 17 20 17 19 0 1 2 3 4
22 34 0 4 0 19 0 20 0 5 0 16 1 15 1 12 1 7 6 15 2 3 2 16 2 21 3 18 3 13 4 12 4 8 5 8 5 7 14 6 6 8 7 14 9 12 9 20 9 10 10 14 10 13 11 15 11 17 11 21 13 19 16 18 17 18 17 20 19 21 0 1 2 3 4
22 34 0 5 0 19 0 20 0 6 0 16 1 15 1 12 1 7 2 15 3 4 3 16 3 21 4 18 4 13 5 12 5 8 6 8 6 7 14 2 2 8 7 14 9 12 9 20 9 10 10 14 10 13 11 15 11 17 11 21 13 19 16 18 17 18 17 20 19 21 0 1 2 3 4
22 34 0 8 0 2 0 1 0 19 0 15 1 3 2 4 2 11 3 17 3 14 4 7 4 6 5 21 5 19 6 17 6 15 7 14 7 10 8 18 8 10 15 13 16 13 13 1 9 12 9 16 9 17 10 21 11 20 11 12 12 18 14 16 18 5 19 20 20 21 0 1 2 3 4
22 34 0 6 0 10 0 20 0 2 0 18 1 8 1 14 1 5 2 7 2 8 3 4 3 17 3 11 4 21 4 18 5 19 5 7 6 12 6 8 7 15 9 19 9 20 9 12 10 16 10 17 11 18 11 16 12 15 13 21 13 14 13 16 14 15 17 19 20 21 0 1 2 3 4
22 34 0 6 0 10 0 20 0 4 0 18 1 8 1 14 1 5 4 7 8 4 2 3 2 17 2 11 3 21 3 18 5 19 5 7 6 12 6 8 7 15 9 19 9 20 9 12 10 16 10 17 11 18 11 16 12 15 13 21 13 14 13 16 14 15 17 19 20 21 0 1 2 3 4
22 34 0 7 0 2 0 1 0 19 0 14 1 3 1 8 2 4 2 11 3 16 3 13 4 6 4 5 21 17 17 18 5 16 5 14 6 13 6 10 7 18 7 10 8 14 8 15 9 12 9 15 9 16 10 21 11 20 11 12 12 18 13 15 17 19 19 20 20 21 0 1 2 3 4
