== ab25: (5,5,5,5,6) holes 29233, excursions 5852474, positive-mass 164631; credit < mass: all exits 79448, exits to other cycles 119466; min slack all (-14, 'p25#17944', 3), cross (-20, 'p25#7197', 4)
   mass distribution: [(1, 104345), (2, 43196), (3, 9745), (4, 4549), (5, 1151), (6, 564), (7, 279), (8, 208), (9, 217), (10, 121), (11, 157), (12, 26), (13, 32), (14, 10), (15, 19), (16, 3), (17, 4), (18, 3), (20, 2)]
   failures (all exits) [name, hole, cycle, w, u, f, mass, credit_all, credit_cross]: [('p25#11', 14, 0, -4, 4, 1, 1, 0, 0), ('p25#11', 14, 0, -4, 4, 1, 1, 0, 0), ('p25#11', 14, 0, -4, 4, 1, 1, 0, 0), ('p25#11', 14, 1, -56, 4, 1, 1, 0, 0), ('p25#11', 14, 1, -56, 4, 1, 1, 0, 0), ('p25#11', 14, 1, -56, 4, 1, 1, 0, 0)]
   on positive cycles: 1 of 79448 ; cross-only failures: 119466 [('p25#11', 14, 0, -4, 4, 1, 1, 0, 0), ('p25#11', 14, 0, -4, 4, 1, 1, 0, 0), ('p25#11', 14, 0, -4, 4, 1, 1, 0, 0)]
== ab25m: (5,5,5,5,6) holes 29233, excursions 5852474, positive-mass 164322; credit < mass: all exits 79458, exits to other cycles 119285; min slack all (-14, 'p25#20643', 17), cross (-16, 'p25#17659', 4)
   mass distribution: [(1, 104159), (2, 43108), (3, 9819), (4, 4554), (5, 1063), (6, 535), (7, 260), (8, 233), (9, 217), (10, 124), (11, 159), (12, 29), (13, 33), (14, 10), (15, 6), (16, 4), (17, 2), (18, 5), (20, 2)]
   failures (all exits) [name, hole, cycle, w, u, f, mass, credit_all, credit_cross]: [('p25#11', 14, 0, -4, 4, 1, 1, 0, 0), ('p25#11', 14, 3, -40, 6, 1, 3, 0, 0), ('p25#11', 14, 3, -40, 4, 1, 1, 0, 0), ('p25#11', 14, 3, -40, 4, 1, 1, 0, 0), ('p25#11', 14, 3, -40, 4, 1, 1, 0, 0), ('p25#11', 14, 3, -40, 4, 1, 1, 0, 0)]
   on positive cycles: 1 of 79458 ; cross-only failures: 119285 [('p25#11', 14, 0, -4, 4, 1, 1, 0, 0), ('p25#11', 14, 3, -40, 6, 1, 3, 0, 0), ('p25#11', 14, 3, -40, 4, 1, 1, 0, 0)]
== ab26: (5,5,5,5,6) holes 105278, excursions 27611745, positive-mass 779318; credit < mass: all exits 375417, exits to other cycles 561760; min slack all (-20, 'p26#19905', 21), cross (-26, 'p26#21951', 22)
   mass distribution: [(1, 497166), (2, 206262), (3, 45774), (4, 20058), (5, 4250), (6, 1974), (7, 805), (8, 739), (9, 835), (10, 494), (11, 570), (12, 135), (13, 109), (14, 45), (15, 50), (16, 24), (17, 10), (18, 5), (20, 3), (21, 4), (22, 1), (24, 3), (26, 1), (29, 1)]
   failures (all exits) [name, hole, cycle, w, u, f, mass, credit_all, credit_cross]: [('p26#17', 14, 0, -86, 7, 1, 4, 0, 0), ('p26#17', 14, 0, -86, 4, 1, 1, 0, 0), ('p26#17', 14, 0, -86, 4, 1, 1, 0, 0), ('p26#17', 14, 6, -4, 4, 1, 1, 0, 0), ('p26#17', 14, 7, -8, 4, 1, 1, 0, 0), ('p26#17', 14, 7, -8, 4, 1, 1, 0, 0)]
   on positive cycles: 9 of 375417 ; cross-only failures: 561760 [('p26#17', 14, 0, -86, 7, 1, 4, 0, 0), ('p26#17', 14, 0, -86, 5, 1, 2, 2, 0), ('p26#17', 14, 0, -86, 4, 1, 1, 2, 0)]
== ab26m: (5,5,5,5,6) holes 105278, excursions 27611745, positive-mass 778782; credit < mass: all exits 375988, exits to other cycles 561079; min slack all (-20, 'p26#19905', 21), cross (-23, 'p26#21951', 22)
   mass distribution: [(1, 497813), (2, 205405), (3, 45350), (4, 20322), (5, 4209), (6, 1886), (7, 778), (8, 699), (9, 831), (10, 497), (11, 576), (12, 140), (13, 104), (14, 53), (15, 56), (16, 31), (17, 13), (18, 7), (20, 2), (21, 4), (22, 1), (23, 1), (24, 3), (29, 1)]
   failures (all exits) [name, hole, cycle, w, u, f, mass, credit_all, credit_cross]: [('p26#17', 14, 0, -4, 4, 1, 1, 0, 0), ('p26#17', 14, 1, -5, 4, 1, 1, 0, 0), ('p26#17', 14, 10, -56, 4, 1, 1, 0, 0), ('p26#17', 14, 31, -2, 4, 1, 1, 0, 0), ('p26#17', 14, 49, 0, 4, 1, 1, 0, 0), ('p26#17', 14, 49, 0, 4, 1, 1, 0, 0)]
   on positive cycles: 7 of 375988 ; cross-only failures: 561079 [('p26#17', 14, 0, -4, 4, 1, 1, 0, 0), ('p26#17', 14, 1, -5, 4, 1, 1, 0, 0), ('p26#17', 14, 10, -56, 4, 1, 1, 0, 0)]
== ab27: (5,5,5,5,6) holes 378715, excursions 129844844, positive-mass 3735697; credit < mass: all exits 1816925, exits to other cycles 2679770; min slack all (-19, 'p27#162314', 4), cross (-36, 'p27#316194', 25)
   mass distribution: [(1, 2382945), (2, 994091), (3, 216658), (4, 92118), (5, 21230), (6, 9737), (7, 4002), (8, 3405), (9, 4069), (10, 2220), (11, 3262), (12, 594), (13, 613), (14, 189), (15, 306), (16, 131), (17, 36), (18, 24), (19, 11), (20, 17), (21, 8), (22, 9), (23, 3), (24, 4), (25, 2), (26, 1), (27, 1), (28, 1), (30, 1), (31, 1), (32, 1), (33, 2), (36, 1), (37, 4)]
   failures (all exits) [name, hole, cycle, w, u, f, mass, credit_all, credit_cross]: [('p27#14', 15, 0, -186, 4, 1, 1, 0, 0), ('p27#14', 15, 8, 0, 4, 1, 1, 0, 0), ('p27#14', 15, 14, 0, 4, 1, 1, 0, 0), ('p27#15', 15, 17, -43, 4, 1, 1, 0, 0), ('p27#15', 15, 23, 0, 4, 1, 1, 0, 0), ('p27#37', 14, 1, -132, 4, 1, 1, 0, 0)]
   on positive cycles: 35 of 1816925 ; cross-only failures: 2679770 [('p27#14', 15, 0, -186, 4, 1, 1, 5, 0), ('p27#14', 15, 0, -186, 4, 1, 1, 0, 0), ('p27#14', 15, 8, 0, 4, 1, 1, 0, 0)]
== ab27m: (5,5,5,5,6) holes 378715, excursions 129844844, positive-mass 3733250; credit < mass: all exits 1818019, exits to other cycles 2677446; min slack all (-22, 'p27#162314', 4), cross (-34, 'p27#316122', 21)
   mass distribution: [(1, 2382271), (2, 992192), (3, 215642), (4, 92737), (5, 21596), (6, 9635), (7, 4118), (8, 3596), (9, 4146), (10, 2237), (11, 3229), (12, 609), (13, 550), (14, 206), (15, 228), (16, 127), (17, 37), (18, 31), (19, 8), (20, 17), (21, 3), (22, 7), (23, 4), (24, 7), (25, 1), (26, 2), (27, 1), (28, 1), (29, 1), (30, 2), (33, 1), (34, 2), (35, 1), (36, 1), (37, 4)]
   failures (all exits) [name, hole, cycle, w, u, f, mass, credit_all, credit_cross]: [('p27#14', 15, 0, -101, 4, 1, 1, 0, 0), ('p27#14', 15, 21, 0, 4, 1, 1, 0, 0), ('p27#14', 15, 22, 0, 4, 1, 1, 0, 0), ('p27#15', 15, 2, -2, 4, 1, 1, 0, 0), ('p27#15', 15, 6, -105, 4, 1, 1, 0, 0), ('p27#37', 14, 1, -33, 6, 1, 3, 2, 2)]
   on positive cycles: 83 of 1818019 ; cross-only failures: 2677446 [('p27#14', 15, 0, -101, 4, 1, 1, 0, 0), ('p27#14', 15, 21, 0, 4, 1, 1, 0, 0), ('p27#14', 15, 22, 0, 4, 1, 1, 0, 0)]
