=== totals {'holes': 3950258, 'groups': 113712664, 'fail': 1, 'pos': 2136, 'posok': 2135}
=== first failing group: ('f26', 'p26#70869', 11, '5,6,5,6,6', 'hole states', 782, 'npos', 1, {'ncomp': 15, 'cross_edges': 18, 'endpoints': 76, 'max_ncycles': 7, 'max_sumw': 1, 'fail': 1, 'first_fail': {'sumw': 1, 'ncycles': 2}})
pattern         holes     groups   fail   posH  maxgrp  endpoints   cross%
5,5,5,5,6      285730    9677207      0     75      60    6021948     38.1
5,5,6,5,7      250362    7458527      0    257      48    7037310     32.2
5,5,5,6,7      244322    6643482      0    186      36    5837442     31.4
5,5,6,5,6      203738    5043403      0    174      43    9336096     34.1
5,5,5,6,6      201372    4889101      0     28      54    6675382     32.7
5,5,5,5,7      194144    6528178      0    201      49    4997172     36.3
5,5,6,5,8+     188720    6290168      0    130      49    5263860     33.1
5,5,5,5,8+     185328    6414329      0     65      57    3750896     34.5
5,5,5,6,8+     175030    5046862      0     40      38    3926956     31.3
5,6,5,6,7      138902    3260543      0    101      42    5365218     31.5
5,5,6,6,7      137088    3148548      0     51      31    4129804     30.6
5,6,5,6,6      130688    2716504      1     89      46    5434366     31.6
5,5,6,6,6      129038    2569672      0     25      37    4426652     30.9
5,5,7,5,8+      82416    3170052      0     27      46    1546516     33.5
5,6,6,6,6       72824    1378283      0     20      40    2635788     31.2
5,5,6,6,8+      72646    1982103      0     18      32    2005742     31.9
5,6,5,6,8+      71258    1946698      0     40      46    2562556     31.7
5,6,6,5,7       70962    1736517      0     47      31    2483902     31.9
5,5,5,5,5       70250    2758062      0    143      98    2831616     48.5
5,5,7,5,7       69304    2249095      0     39      34    1623186     31.8
5,5,5,7,8+      68316    2078250      0     11      33    1097060     30.5
5,5,6,7,6       67342    1448280      0     22      33    2358372     30.6
5,5,5,7,7       64756    1830553      0     52      32    1337668     30.4
5,6,7,5,7       63032    1781775      0     20      48    1760318     32.6
5,6,6,6,7       62406    1338705      0     17      32    2039914     31.6
5,6,6,7,6       60515    1348634      0     33   32493    2723330     34.2
5,5,6,7,7       57322    1439009      0     25      36    1496758     30.0
5,6,6,5,8+      39708    1161867      0     12      33    1315820     32.5
5,5,6,8+,6      32506     796461      0      0      33    1019328     31.7
5,5,7,6,7       30678     834850      0     22      26     655306     31.5
5,6,5,7,7       29894     822752      0     19      45     902278     31.1
5,6,7,5,8+      27344     985927      0      6      54     709608     33.5
5,5,7,6,8+      25640     872946      0      6      34     476936     34.4
5,6,8+,5,7      23982     842587      0      9      42     662698     34.2
5,5,8+,5,8+     22514    1104829      0      5      31     347706     36.3
5,6,6,6,8+      22236     625030      0      4      37     738042     33.5
5,5,6,7,8+      21350     655336      0      6      31     523910     33.1
5,6,5,7,8+      19980     654668      0      9      43     613704     32.1
5,6,7,6,7       19636     480304      0      9      43     655200     31.3
5,6,6,8+,6      18818     471193      0      0      36     724826     31.7
5,6,6,7,7       18280     433966      0      3      38     619176     30.9
5,5,6,8+,7      18184     531496      0      3      30     435174     32.6
5,5,5,8+,8+     13770     447446      0      1      25     144930     31.2
5,6,8+,5,8+     10318     503406      0      1      28     246882     33.3
5,7,6,6,7       10280     270573      0      0      35     292418     33.5
5,7,5,7,7       10272     336767      0      0      32     230456     33.9
5,5,7,7,7        9450     273031      0      3      31     162574     31.3
6,6,6,6,7        9442     193222      0      0      35     341462     32.9
5,6,7,7,6        8984     204980      0      4      34     349238     29.9
6,6,6,6,6        6683     793271      0     64    3404    3242009     42.2
5,5,8+,6,8+      5990     282616      0      4      26      87246     38.5
5,6,7,6,8+       5954     210172      0      0      25     173074     31.1
5,5,7,7,8+       5768     219169      0      1      33      66740     36.2
5,7,6,6,8+       5426     206659      0      3      31     139076     37.1
5,5,6,8+,8+      5204     186097      0      0      35     112308     36.1
5,6,8+,6,7       4816     162862      0      1      24     149372     32.3
5,7,5,7,8+       4394     188366      0      0      29      88772     37.1
5,6,6,7,8+       3978     130911      0      0      27     124294     32.0
5,7,6,7,7        3876     123849      0      0      31     100344     34.9
5,6,7,7,7        3542     109433      0      0      47     107908     32.6
5,7,7,5,8+       3492     164817      0      0      36      59082     37.3
5,6,7,8+,6       3348     103777      0      2      27     126204     30.3
5,6,6,8+,7       3034      94868      0      1      30     103758     32.7
5,6,5,8+,8+      2260      90084      0      0      20      62616     32.6
5,6,8+,6,8+      2122     107522      0      1      23      52946     30.7
6,6,7,6,7        1866      46755      0      1      33      67932     33.2
6,6,6,6,8+       1852      54258      0      0      28      69468     37.2
5,5,7,8+,7       1758      61372      0      0      28      19922     34.9
6,6,6,7,7        1572      37564      0      0      24      61692     34.5
5,7,8+,5,8+      1446      99866      0      0      53      22848     42.8
5,5,8+,7,8+      1186      65406      0      0      18      11286     47.4
5,7,7,6,8+       1036      54363      0      0      36      21642     39.2
5,8+,6,6,8+       886      56205      0      0      34      17662     43.5
5,5,7,8+,8+       870      37738      0      0      17       6072     42.9
5,6,7,7,8+        810      37180      0      0      24      17636     32.6
6,6,7,6,8+        766      31887      0      0      31      23582     37.8
5,6,8+,7,7        664      31219      0      0      17      15008     30.6
5,7,6,7,8+        532      27968      0      0      39      10816     42.0
5,7,6,8+,7        434      19937      0      0      26      10516     40.9
5,6,6,8+,8+       370      15763      0      0      26      10840     31.2
6,6,6,7,8+        302      13272      0      0      28      11746     46.0
5,6,8+,7,8+       286      16570      0      0      18       5124     32.4
5,6,7,8+,7        286      13318      0      0      30       6250     35.6
5,6,8+,8+,6       254      10325      0      0      18       8326     30.6
5,7,8+,6,8+       212      14558      0      0      22       3954     38.9
5,7,7,7,7         210       9450      0      0      29       3626     42.0
5,7,5,8+,8+       200      12181      0      0      27       2460     42.1
6,7,6,7,7         186       6766      0      0      28       6714     34.5
5,8+,6,7,8+       178      15858      0      0      25       3140     42.2
5,5,8+,8+,8+      170      11224      0      0      16        496     49.8
6,6,8+,6,8+       164       8605      0      0      18       3970     36.3
6,6,7,7,7         164       6197      0      0      26       5646     39.1
5,7,7,7,8+         86       6470      0      0      24       1296     58.4
6,7,7,6,8+         72       3868      0      0      16       2296     33.6
6,6,7,7,8+         68       3527      0      0      24       1736     53.8
5,8+,5,8+,8+       58       6074      0      0      16        880     48.4
5,6,7,8+,8+        54       3247      0      0       6        580     24.1
5,6,8+,8+,7        50       3185      0      0      14        932     30.9
6,7,6,7,8+         50       3382      0      0      15       1404     23.5
5,7,7,8+,7         38       2687      0      0      24        432     59.3
6,7,8+,6,8+        28       2151      0      0       8        504     25.4
6,7,7,7,7          18        989      0      0      18       1200     24.0
6,6,8+,7,8+        18        879      0      0       8        264     68.9
5,7,8+,7,8+        16       1526      0      0       6        240     41.7
5,8+,7,7,8+        14       1904      0      0       4        288     41.7
5,7,6,8+,8+        14       1514      0      0       2         48     50.0
5,6,8+,8+,8+       14        934      0      0      12        256     50.0
5,8+,6,8+,8+       12       1570      0      0       3        288     25.0
6,7,7,7,8+         10        882      0      0       1          0      0.0
6,6,7,8+,7          6        436      0      0       1          0      0.0
5,7,7,8+,8+         4        676      0      0       1          0      0.0
6,6,6,8+,8+         4        308      0      0      12        144     66.7
