=== H1_sigmap totals {'holes': 3950194, 'groups': 100844926, 'cycles': 132785095, 'fail': 0, 'pos': 2072, 'onegroup': 1355}; first failure: None
pattern         holes     cycles     groups   fail   posH  maxgrp   cross%  1-group%
5,5,5,5,6      285730   10990868    8720446      0     75      92     58.3       0.0
5,5,6,5,7      250362    8733170    6675308      0    257      51     53.1       0.0
5,5,5,6,7      244322    7615319    5862996      0    186      66     52.0       0.0
5,5,6,5,6      203738    6546712    4433216      0    174      63     49.8       0.1
5,5,5,6,6      201372    5875996    4217435      0     28      54     50.2       0.0
5,5,5,5,7      194144    7448780    5885181      0    201      68     54.1       0.0
5,5,6,5,8+     188720    7294664    5678911      0    130      73     53.9       0.0
5,5,5,5,8+     185328    7163051    5817486      0     65     111     55.5       0.0
5,5,5,6,8+     175030    5691603    4488195      0     40      62     51.1       0.1
5,6,5,6,7      138902    4142993    2840193      0    101      53     51.5       0.0
5,5,6,6,7      137088    3801076    2725122      0     51      45     51.4       0.0
5,6,5,6,6      130688    3567403    2317196      0     89      49     53.0       0.0
5,5,6,6,6      129038    3238959    2201977      0     25      45     51.6       0.1
5,5,7,5,8+      82416    3510459    2947821      0     27      50     55.4       0.0
5,6,6,6,6       72824    1784174    1172610      0     20      52     52.7       0.1
5,5,6,6,8+      72646    2337217    1739508      0     18      49     53.4       0.1
5,6,5,6,8+      71258    2386336    1707395      0     40      46     52.8       0.0
5,6,6,5,7       70962    2148639    1504283      0     47      59     53.4       0.0
5,5,5,5,5       70250    3330938    2696590      0    143      96     56.4       0.0
5,5,7,5,7       69304    2555624    2040639      0     39      44     53.3       0.0
5,5,5,7,8+      68316    2263474    1895925      0     11      65     51.9       0.1
5,5,6,7,6       67342    1784261    1257751      0     22      42     48.6       0.1
5,5,5,7,7       64756    2053359    1638262      0     52      57     51.2       0.0
5,6,7,5,7       63032    2121616    1611138      0     20      48     52.8       0.0
5,6,6,6,7       62406    1676228    1170167      0     17      46     52.0       0.0
5,6,6,7,6       60514    1552896    1034362      0     32      50     51.6       0.1
5,5,6,7,7       57322    1672302    1271145      0     25      44     49.9       0.0
5,6,6,5,8+      39708    1395998    1020180      0     12      68     54.4       0.0
5,5,6,8+,6      32506     954588     689662      0      0      48     49.5       0.1
5,5,7,6,7       30678     954120     757807      0     22      36     51.6       0.0
5,6,5,7,7       29894     981505     731670      0     19      50     52.3       0.0
5,6,7,5,8+      27344    1133625     907043      0      6      48     53.8       0.0
5,5,7,6,8+      25640     972466     808571      0      6      45     53.6       0.0
5,6,8+,5,7      23982     977775     771040      0      9      46     53.7       0.0
5,5,8+,5,8+     22514    1192435    1047614      0      5      39     57.4       0.0
5,6,6,6,8+      22236     757407     552895      0      4      50     53.0       0.0
5,5,6,7,8+      21350     748606     588674      0      6      46     51.8       0.0
5,6,5,7,8+      19980     767016     585923      0      9      51     53.3       0.0
5,6,7,6,7       19636     587569     427819      0      9      42     49.9       0.0
5,6,6,8+,6      18818     587537     399464      0      0      48     52.5       0.1
5,6,6,7,7       18280     532820     373677      0      3      60     51.3       0.1
5,5,6,8+,7      18184     605312     472540      0      3      48     50.8       0.0
5,5,5,8+,8+     13770     472695     418173      0      1      51     54.2       0.1
5,6,8+,5,8+     10318     555232     471629      0      1      36     53.2       0.0
5,7,6,6,7       10280     328139     244937      0      0      48     52.6       0.0
5,7,5,7,7       10272     386323     311298      0      0      36     53.3       0.0
5,5,7,7,7        9450     301807     250937      0      3      43     50.3       0.0
6,6,6,6,7        9442     248886     167801      0      0      56     51.9       0.1
5,6,7,7,6        8984     257013     174565      0      4      51     50.5       0.1
6,6,6,6,6        6620     154083     106726      0      1      37     50.8       0.1
5,5,8+,6,8+      5990     304467     269622      0      4      34     55.2       0.0
5,6,7,6,8+       5954     240611     191927      0      0      34     50.8       0.0
5,5,7,7,8+       5768     234134     208982      0      1      41     54.6       0.0
5,7,6,6,8+       5426     239282     192300      0      3      36     54.8       0.0
5,5,6,8+,8+      5204     208975     168539      0      0      48     54.6       0.1
5,6,8+,6,7       4816     189046     148374      0      1      34     48.9       0.0
5,7,5,7,8+       4394     210112     179341      0      0      42     54.6       0.0
5,6,6,7,8+       3978     151683     115252      0      0      62     52.8       0.0
5,7,6,7,7        3876     144933     115026      0      0      42     52.0       0.0
5,6,7,7,7        3542     127877      99095      0      0      45     50.6       0.1
5,7,7,5,8+       3492     180211     157486      0      0      39     56.4       0.0
5,6,7,8+,6       3348     122748      89220      0      2      44     49.8       0.0
5,6,6,8+,7       3034     112637      81802      0      1      44     52.3       0.2
5,6,5,8+,8+      2260     101761      81326      0      0      40     55.3       0.0
5,6,8+,6,8+      2122     117042     100691      0      1      33     47.3       0.0
6,6,7,6,7        1866      58003      41267      0      1      37     50.9       0.0
6,6,6,6,8+       1852      67656      48104      0      0      45     54.0       0.1
5,5,7,8+,7       1758      65532      58050      0      0      36     51.4       0.0
6,6,6,7,7        1572      48328      32228      0      0      42     52.3       0.0
5,7,8+,5,8+      1446     106901      97645      0      0      52     58.2       0.0
5,5,8+,7,8+      1186      68759      64028      0      0      33     57.7       0.0
5,7,7,6,8+       1036      60011      52509      0      0      38     53.6       0.0
5,8+,6,6,8+       886      61488      54256      0      0      33     56.0       0.0
5,5,7,8+,8+       870      39431      37043      0      0      36     56.8       0.0
5,6,7,7,8+        810      40248      34612      0      0      51     53.7       0.0
6,6,7,6,8+        766      36972      29542      0      0      38     53.9       0.0
5,6,8+,7,7        664      33715      28865      0      0      43     47.4       0.0
5,7,6,7,8+        532      30875      26953      0      0      54     55.6       0.0
5,7,6,8+,7        434      22426      18909      0      0      34     52.5       0.0
5,6,6,8+,8+       370      17555      13635      0      0      43     52.8       0.0
6,6,6,7,8+        302      15907      11959      0      0      48     56.8       0.0
5,6,8+,7,8+       286      17495      15695      0      0      35     53.5       0.0
5,6,7,8+,7        286      14577      12433      0      0      54     51.8       0.0
5,6,8+,8+,6       254      11728       8958      0      0      33     48.4       0.0
5,7,8+,6,8+       212      15720      14250      0      0      34     50.9       0.0
5,7,7,7,7         210      10391       9182      0      0      37     46.9       0.0
5,7,5,8+,8+       200      12886      11978      0      0      27     59.5       0.0
6,7,6,7,7         186       7897       6244      0      0      28     44.8       0.0
5,8+,6,7,8+       178      16814      15744      0      0      31     49.5       0.0
5,5,8+,8+,8+      170      11378      11196      0      0      18     54.2       0.0
6,6,8+,6,8+       164       9486       8061      0      0      26     53.8       0.0
6,6,7,7,7         164       7271       5347      0      0      54     52.7       0.0
5,7,7,7,8+         86       6938       6497      0      0      16     48.4       0.0
6,7,7,6,8+         72       4297       3729      0      0      34     40.2       0.0
6,6,7,7,8+         68       4011       3321      0      0      30     70.6       0.0
5,8+,5,8+,8+       58       6398       6041      0      0      21     73.4       0.0
5,6,7,8+,8+        54       3331       3140      0      0       9     43.1       0.0
5,6,8+,8+,7        50       3336       3021      0      0      26     41.2       0.0
6,7,6,7,8+         50       3545       3318      0      0      12     29.2       0.0
5,7,7,8+,7         38       2841       2672      0      0      10     47.2       0.0
6,7,8+,6,8+        28       2214       2168      0      0       3     21.4       0.0
6,7,7,7,7          18       1096        934      0      0      12     29.0       0.0
6,6,8+,7,8+        18        956        833      0      0      12     86.4       0.0
5,7,8+,7,8+        16       1605       1512      0      0       8     46.7       0.0
5,8+,7,7,8+        14       1982       1904      0      0       4     66.7       0.0
5,7,6,8+,8+        14       1532       1514      0      0       2     50.0       0.0
5,6,8+,8+,8+       14        966        886      0      0      14     56.2       0.0
5,8+,6,8+,8+       12       1642       1552      0      0       3     75.0       0.0
6,7,7,7,8+         10        882        882      0      0       1      0.0       0.0
6,6,7,8+,7          6        436        436      0      0       1      0.0       0.0
5,7,7,8+,8+         4        676        676      0      0       1      0.0       0.0
6,6,6,8+,8+         4        368        311      0      0      10     66.7       0.0
=== H2_sigmap_plus_sigmaR3 totals {'holes': 3950194, 'groups': 99805054, 'cycles': 132785095, 'fail': 0, 'pos': 2072, 'onegroup': 1581}; first failure: None
pattern         holes     cycles     groups   fail   posH  maxgrp   cross%  1-group%
5,5,5,5,6      285730   10990868    8632310      0     75      92     58.3       0.0
5,5,6,5,7      250362    8733170    6612173      0    257      53     53.1       0.0
5,5,5,6,7      244322    7615319    5810822      0    186      66     52.0       0.0
5,5,6,5,6      203738    6546712    4390754      0    174      63     49.8       0.1
5,5,5,6,6      201372    5875996    4163803      0     28      54     50.2       0.1
5,5,5,5,7      194144    7448780    5815596      0    201      69     54.1       0.0
5,5,6,5,8+     188720    7294664    5632980      0    130      84     53.9       0.0
5,5,5,5,8+     185328    7163051    5752981      0     65     111     55.5       0.0
5,5,5,6,8+     175030    5691603    4452902      0     40      62     51.1       0.1
5,6,5,6,7      138902    4142993    2811300      0    101      53     51.5       0.0
5,5,6,6,7      137088    3801076    2692941      0     51      48     51.4       0.1
5,6,5,6,6      130688    3567403    2287577      0     89      50     53.0       0.0
5,5,6,6,6      129038    3238959    2170728      0     25      45     51.6       0.1
5,5,7,5,8+      82416    3510459    2917872      0     27      54     55.4       0.0
5,6,6,6,6       72824    1784174    1154700      0     20      52     52.7       0.1
5,5,6,6,8+      72646    2337217    1719785      0     18      52     53.4       0.1
5,6,5,6,8+      71258    2386336    1691370      0     40      46     52.8       0.0
5,6,6,5,7       70962    2148639    1484986      0     47      59     53.4       0.0
5,5,5,5,5       70250    3330938    2664164      0    143      98     56.4       0.0
5,5,7,5,7       69304    2555624    2016586      0     39      45     53.3       0.0
5,5,5,7,8+      68316    2263474    1883746      0     11      65     51.9       0.1
5,5,6,7,6       67342    1784261    1245930      0     22      42     48.6       0.1
5,5,5,7,7       64756    2053359    1622510      0     52      57     51.2       0.1
5,6,7,5,7       63032    2121616    1592525      0     20      48     52.8       0.0
5,6,6,6,7       62406    1676228    1152333      0     17      46     52.0       0.0
5,6,6,7,6       60514    1552896    1022288      0     32      50     51.6       0.1
5,5,6,7,7       57322    1672302    1260297      0     25      47     49.9       0.0
5,6,6,5,8+      39708    1395998    1010061      0     12      68     54.4       0.0
5,5,6,8+,6      32506     954588     684062      0      0      48     49.5       0.1
5,5,7,6,7       30678     954120     751473      0     22      36     51.6       0.0
5,6,5,7,7       29894     981505     726046      0     19      57     52.3       0.0
5,6,7,5,8+      27344    1133625     898244      0      6      54     53.8       0.0
5,5,7,6,8+      25640     972466     801082      0      6      45     53.6       0.0
5,6,8+,5,7      23982     977775     763006      0      9      46     53.7       0.0
5,5,8+,5,8+     22514    1192435    1039743      0      5      41     57.4       0.0
5,6,6,6,8+      22236     757407     544951      0      4      52     53.0       0.0
5,5,6,7,8+      21350     748606     584505      0      6      51     51.8       0.0
5,6,5,7,8+      19980     767016     581443      0      9      58     53.3       0.0
5,6,7,6,7       19636     587569     423281      0      9      45     49.9       0.0
5,6,6,8+,6      18818     587537     394518      0      0      48     52.5       0.1
5,6,6,7,7       18280     532820     369256      0      3      60     51.3       0.1
5,5,6,8+,7      18184     605312     468820      0      3      48     50.8       0.1
5,5,5,8+,8+     13770     472695     416795      0      1      51     54.2       0.1
5,6,8+,5,8+     10318     555232     468065      0      1      37     53.2       0.0
5,7,6,6,7       10280     328139     239865      0      0      48     52.6       0.0
5,7,5,7,7       10272     386323     307698      0      0      37     53.3       0.0
5,5,7,7,7        9450     301807     249231      0      3      43     50.3       0.0
6,6,6,6,7        9442     248886     164216      0      0      56     51.9       0.1
5,6,7,7,6        8984     257013     172963      0      4      51     50.5       0.2
6,6,6,6,6        6620     154083     104541      0      1      37     50.8       0.1
5,5,8+,6,8+      5990     304467     267574      0      4      36     55.2       0.0
5,6,7,6,8+       5954     240611     190390      0      0      36     50.8       0.0
5,5,7,7,8+       5768     234134     207666      0      1      42     54.6       0.0
5,7,6,6,8+       5426     239282     188707      0      3      38     54.8       0.0
5,5,6,8+,8+      5204     208975     167491      0      0      54     54.6       0.1
5,6,8+,6,7       4816     189046     147122      0      1      34     48.9       0.0
5,7,5,7,8+       4394     210112     177511      0      0      48     54.6       0.0
5,6,6,7,8+       3978     151683     114234      0      0      62     52.8       0.0
5,7,6,7,7        3876     144933     113566      0      0      45     52.0       0.0
5,6,7,7,7        3542     127877      98350      0      0      57     50.6       0.1
5,7,7,5,8+       3492     180211     156322      0      0      44     56.4       0.0
5,6,7,8+,6       3348     122748      88480      0      2      44     49.8       0.0
5,6,6,8+,7       3034     112637      80899      0      1      44     52.3       0.2
5,6,5,8+,8+      2260     101761      80908      0      0      40     55.3       0.0
5,6,8+,6,8+      2122     117042     100072      0      1      34     47.3       0.0
6,6,7,6,7        1866      58003      40429      0      1      37     50.9       0.1
6,6,6,6,8+       1852      67656      47059      0      0      45     54.0       0.1
5,5,7,8+,7       1758      65532      57772      0      0      36     51.4       0.0
6,6,6,7,7        1572      48328      31711      0      0      42     52.3       0.0
5,7,8+,5,8+      1446     106901      96959      0      0      53     58.2       0.0
5,5,8+,7,8+      1186      68759      63673      0      0      33     57.7       0.0
5,7,7,6,8+       1036      60011      51988      0      0      42     53.6       0.0
5,8+,6,6,8+       886      61488      53416      0      0      38     56.0       0.0
5,5,7,8+,8+       870      39431      36831      0      0      36     56.8       0.0
5,6,7,7,8+        810      40248      34406      0      0      51     53.7       0.0
6,6,7,6,8+        766      36972      29029      0      0      38     53.9       0.0
5,6,8+,7,7        664      33715      28708      0      0      43     47.4       0.0
5,7,6,7,8+        532      30875      26683      0      0      58     55.6       0.0
5,7,6,8+,7        434      22426      18757      0      0      34     52.5       0.0
5,6,6,8+,8+       370      17555      13528      0      0      44     52.8       0.0
6,6,6,7,8+        302      15907      11751      0      0      48     56.8       0.0
5,6,8+,7,8+       286      17495      15610      0      0      35     53.5       0.0
5,6,7,8+,7        286      14577      12386      0      0      60     51.8       0.0
5,6,8+,8+,6       254      11728       8907      0      0      33     48.4       0.0
5,7,8+,6,8+       212      15720      14194      0      0      34     50.9       0.0
5,7,7,7,7         210      10391       9139      0      0      38     46.9       0.0
5,7,5,8+,8+       200      12886      11880      0      0      27     59.5       0.0
6,7,6,7,7         186       7897       6154      0      0      30     44.8       0.0
5,8+,6,7,8+       178      16814      15582      0      0      31     49.5       0.0
5,5,8+,8+,8+      170      11378      11176      0      0      18     54.2       0.0
6,6,8+,6,8+       164       9486       7980      0      0      26     53.8       0.0
6,6,7,7,7         164       7271       5240      0      0      54     52.7       0.0
5,7,7,7,8+         86       6938       6455      0      0      17     48.4       0.0
6,7,7,6,8+         72       4297       3672      0      0      38     40.2       0.0
6,6,7,7,8+         68       4011       3265      0      0      30     70.6       0.0
5,8+,5,8+,8+       58       6398       5986      0      0      22     73.4       0.0
5,6,7,8+,8+        54       3331       3116      0      0       9     43.1       0.0
5,6,8+,8+,7        50       3336       2997      0      0      26     41.2       0.0
6,7,6,7,8+         50       3545       3294      0      0      12     29.2       0.0
5,7,7,8+,7         38       2841       2666      0      0      12     47.2       0.0
6,7,8+,6,8+        28       2214       2157      0      0       8     21.4       0.0
6,7,7,7,7          18       1096        920      0      0      12     29.0       0.0
6,6,8+,7,8+        18        956        805      0      0      14     86.4       0.0
5,7,8+,7,8+        16       1605       1510      0      0       8     46.7       0.0
5,8+,7,7,8+        14       1982       1900      0      0       4     66.7       0.0
5,7,6,8+,8+        14       1532       1514      0      0       2     50.0       0.0
5,6,8+,8+,8+       14        966        878      0      0      20     56.2       0.0
5,8+,6,8+,8+       12       1642       1552      0      0       3     75.0       0.0
6,7,7,7,8+         10        882        882      0      0       1      0.0       0.0
6,6,7,8+,7          6        436        436      0      0       1      0.0       0.0
5,7,7,8+,8+         4        676        676      0      0       1      0.0       0.0
6,6,6,8+,8+         4        368        309      0      0      12     66.7       0.0
=== H1_sigmap totals {'holes': 64, 'groups': 742820, 'cycles': 911250, 'fail': 0, 'pos': 64, 'onegroup': 0}; first failure: None
pattern         holes     cycles     groups   fail   posH  maxgrp   cross%  1-group%
6,6,6,6,6          63     747465     625504      0     63    5075     73.5       0.0
5,6,6,7,6           1     163785     117316      0      1   46467     81.3       0.0
=== H2_sigmap_plus_sigmaR3 totals {'holes': 64, 'groups': 735421, 'cycles': 911250, 'fail': 0, 'pos': 64, 'onegroup': 0}; first failure: None
pattern         holes     cycles     groups   fail   posH  maxgrp   cross%  1-group%
6,6,6,6,6          63     747465     621264      0     63    5280     73.5       0.0
5,6,6,7,6           1     163785     114157      0      1   49625     81.3       0.0
