=== H1_sigmap totals {'holes': 10803532, 'groups': 368421554, 'cycles': 487364373, 'fail': 0, 'pos': 6214, 'onegroup': 1964}; first failure: None
pattern         holes     cycles     groups   fail   posH  maxgrp   cross%  1-group%
5,5,5,5,6      757430   38949059   30736939      0    251     136     59.8       0.0
5,5,6,5,7      639160   30438424   23254368      0    759      71     55.0       0.0
5,5,5,6,7      624012   26016399   19939025      0    363      92     53.6       0.0
5,5,6,5,6      529808   23072251   15611391      0    318      98     51.5       0.0
5,5,5,6,6      522882   20340505   14536971      0     53      96     51.8       0.0
5,5,6,5,8+     519746   27180517   21027221      0    607      88     55.1       0.0
5,5,5,5,7      504948   26020730   20539936      0    446     110     55.5       0.0
5,5,5,5,8+     498516   25967826   20996317      0    289     142     56.9       0.0
5,5,5,6,8+     488228   21064343   16443099      0    192     114     52.4       0.1
5,6,5,6,7      353438   14241607    9672108      0    270      71     53.5       0.0
5,5,6,6,7      349908   13029974    9291003      0     98      67     53.3       0.0
5,6,5,6,6      329346   12125290    7797002      0    212      80     54.7       0.0
5,5,6,6,6      325890   10914659    7356555      0     78      62     53.5       0.0
5,5,7,5,8+     234420   13477209   11204467      0    107      85     56.7       0.0
5,5,6,6,8+     214898    9139940    6769230      0     64      78     54.3       0.0
5,6,5,6,8+     212316    9373251    6626991      0    148      78     53.8       0.0
5,5,5,7,8+     203818    8884045    7310653      0     79      76     53.5       0.1
5,5,5,5,5      186856   11875080    9639344      0    463     104     57.0       0.0
5,6,6,6,6      182374    5899458    3828229      0     25      70     54.7       0.0
5,6,6,5,7      179324    7335756    5058142      0    128      59     55.1       0.0
5,5,7,5,7      175536    8864790    7042949      0    155      75     55.4       0.0
5,5,6,7,6      172666    6073752    4228931      0     26      63     50.8       0.0
5,6,6,6,7      167904    5927086    4107420      0     61      66     53.9       0.0
5,6,7,5,7      167722    7569655    5695512      0    114      75     54.4       0.0
5,5,5,7,7      166942    7062333    5574621      0     92      73     53.4       0.0
5,6,6,7,6      164676    5532371    3662358      0     80      66     53.4       0.0
5,5,6,7,7      157462    6060879    4548743      0     76      64     52.1       0.0
5,6,6,5,8+     114360    5373728    3880118      0     79      72     55.7       0.0
5,5,6,8+,6      99148    3733038    2652763      0     22      64     50.7       0.0
5,6,7,5,8+      85418    4659003    3668022      0     33      66     55.5       0.0
5,5,7,6,7       82320    3427290    2710146      0     67      53     53.7       0.0
5,5,7,6,8+      81626    4078850    3359636      0     25      63     54.3       0.0
5,6,5,7,7       81048    3570867    2644437      0     50      62     54.1       0.0
5,6,8+,5,7      78494    4167138    3242807      0     42      75     54.9       0.0
5,6,6,6,8+      74864    3274400    2377774      0     22      79     54.4       0.0
5,5,6,7,8+      72098    3263289    2534121      0     32      66     53.3       0.0
5,6,5,7,8+      69716    3449606    2615344      0     55      73     54.0       0.0
5,5,8+,5,8+     68032    4828180    4186047      0     34      65     58.4       0.0
5,6,6,8+,6      67218    2675794    1812354      0     13      65     53.5       0.0
5,5,6,8+,7      65108    2730463    2092161      0     12      71     51.4       0.0
5,6,7,6,7       61534    2394295    1732667      0     29      67     52.3       0.0
5,6,6,7,7       59092    2213725    1549123      0     22      62     53.4       0.0
5,5,5,8+,8+     46842    2105667    1813412      0      9      69     54.4       0.1
5,6,8+,5,8+     36668    2510760    2089402      0     11      66     54.9       0.0
5,7,6,6,7       31568    1293868     962548      0      6      57     54.2       0.0
5,7,5,7,7       31344    1550343    1233439      0      9      59     54.8       0.0
6,6,6,6,7       30380    1002359     682229      0      9      60     53.7       0.0
5,5,7,7,7       29518    1235398    1008065      0     12      67     52.7       0.0
5,6,7,7,6       29036    1058277     716247      0      8      67     52.2       0.0
5,6,7,6,8+      22642    1157927     904890      0      8      53     52.8       0.0
5,5,6,8+,8+     22288    1115767     884054      0      1      59     54.0       0.0
5,5,7,7,8+      21964    1142545     987061      0      6      77     55.6       0.0
5,7,6,6,8+      21570    1177715     932358      0      5      52     55.4       0.0
5,5,8+,6,8+     20124    1331924    1162984      0      9      49     54.8       0.0
5,6,8+,6,7      19758     970131     743097      0      4      66     51.4       0.0
5,7,5,7,8+      19096    1145497     953377      0      1      63     55.7       0.0
5,6,6,7,8+      17856     833687     619248      0      2      69     53.5       0.0
6,6,6,6,6       17440     514567     356801      0      1      54     52.7       0.0
5,7,6,7,7       16202     742682     578289      0      1      57     53.8       0.0
5,6,7,8+,6      15826     705036     498657      0      0      69     51.9       0.0
5,6,7,7,7       15226     664238     501596      0      2      67     52.2       0.0
5,6,6,8+,7      15202     693494     498373      0      4      63     54.0       0.0
5,7,7,5,8+      12648     833538     706101      0      8      61     58.7       0.0
5,6,5,8+,8+     10488     586746     460909      0      3      61     54.6       0.0
5,6,8+,6,8+      8724     591093     494837      0      1      44     50.2       0.0
6,6,6,6,8+       8506     377946     269409      0      1      68     54.2       0.0
5,5,7,8+,7       8074     380345     328281      0      0      50     53.2       0.0
6,6,7,6,7        7916     306098     218272      0      0      60     52.9       0.0
6,6,6,7,7        7276     276100     185885      0      0      67     54.0       0.1
5,7,8+,5,8+      7012     619189     549265      0      1      57     59.5       0.0
5,7,7,6,8+       4894     331154     279250      0      0      49     55.0       0.0
5,5,8+,7,8+      4624     337947     307815      0      0      52     57.7       0.0
5,5,7,8+,8+      4598     265626     242395      0      0      48     57.3       0.0
5,6,7,7,8+       4148     249676     205486      0      0      53     52.6       0.0
6,6,7,6,8+       3956     225879     178107      0      0      52     53.8       0.0
5,8+,6,6,8+      3868     313143     268521      0      1      47     57.5       0.0
5,6,8+,7,7       3606     212299     171753      0      0      50     49.7       0.0
5,7,6,7,8+       3424     222257     185439      0      0      69     54.7       0.0
5,7,6,8+,7       2996     181888     149154      0      0      55     51.9       0.0
5,6,6,8+,8+      2942     164835     125739      0      0      60     55.4       0.0
6,6,6,7,8+       2424     134713      97807      0      0      74     56.5       0.0
5,6,7,8+,7       2332     135542     109986      0      0      66     52.2       0.0
5,6,8+,8+,6      1652      89166      67036      0      0      58     49.5       0.0
5,7,5,8+,8+      1630     120890     106351      0      0      69     57.1       0.0
5,6,8+,7,8+      1526     117883     102601      0      0      46     49.2       0.0
5,7,7,7,7        1354      77926      64339      0      0      62     52.5       0.0
5,7,8+,6,8+      1302     118280     105631      0      0      42     52.5       0.0
6,7,6,7,7        1274      62051      47405      0      0      63     49.7       0.0
6,6,7,7,7        1174      57163      41610      0      0      53     53.7       0.0
5,8+,6,7,8+      1154     123417     112636      0      0      50     53.9       0.0
6,6,8+,6,8+       828      63439      53719      0      0      36     57.3       0.0
5,5,8+,8+,8+      812      69460      67102      0      0      24     57.7       0.0
5,7,7,7,8+        626      57524      50566      0      0      58     56.8       0.0
6,6,7,7,8+        530      38931      31701      0      0      44     56.8       0.0
5,6,8+,8+,7       468      35116      30703      0      0      54     47.3       0.0
5,8+,5,8+,8+      450      56533      53415      0      0      31     60.6       0.0
5,6,7,8+,8+       450      34016      30347      0      0      36     54.8       0.0
6,7,6,7,8+        436      33335      28429      0      0      61     46.6       0.0
6,7,7,6,8+        416      31445      27609      0      0      32     43.7       0.0
5,7,7,8+,7        342      27374      24213      0      0      52     50.8       0.0
5,7,6,8+,8+       280      26714      24243      0      0      40     49.1       0.0
6,7,8+,6,8+       210      18897      17500      0      0      28     37.8       0.0
5,7,8+,7,8+       156      16652      15130      0      0      30     56.1       0.0
6,7,7,7,7         150      10271       8605      0      0      38     41.9       0.0
5,6,8+,8+,8+      144      12563      11455      0      0      35     52.8       0.0
5,8+,6,8+,8+      126      17515      16542      0      0      16     50.6       0.0
6,6,6,8+,8+       124      10228       7838      0      0      54     62.6       0.0
6,6,7,8+,7        122       9859       8159      0      0      48     52.1       0.0
6,6,8+,7,8+       100       7734       6496      0      0      32     69.5       0.0
6,7,7,7,8+         90       8339       7733      0      0      26     36.3       0.0
5,8+,7,7,8+        80      11299      10523      0      0      29     61.8       0.0
6,7,7,8+,7         42       4096       3808      0      0      22     28.6       0.0
5,7,7,8+,8+        36       4508       4302      0      0      10     48.6       0.0
6,6,7,8+,8+        30       2481       2239      0      0       9     77.6       0.0
6,8+,7,7,8+        16       1628       1596      0      0       2     22.2       0.0
6,7,6,8+,8+        16       1977       1929      0      0       5     20.0       0.0
5,8+,7,8+,8+       16       3244       3049      0      0      12     64.6       0.0
5,7,8+,8+,7        16       1602       1407      0      0      24     49.3       0.0
6,7,8+,7,8+        14       1576       1562      0      0       2     18.8       0.0
6,8+,6,8+,8+       12       1642       1642      0      0       1      0.0       0.0
5,7,8+,8+,8+        8       1274       1226      0      0       5     50.0       0.0
7,7,7,7,7           4        418        418      0      0       1      0.0       0.0
7,7,7,7,8+          4        616        616      0      0       1      0.0       0.0
6,7,7,8+,8+         2        214        214      0      0       1      0.0       0.0
6,6,8+,8+,8+        2        326        326      0      0       1      0.0       0.0
=== H2_sigmap_plus_sigmaR3 totals {'holes': 10803532, 'groups': 364318267, 'cycles': 487364373, 'fail': 0, 'pos': 6214, 'onegroup': 2401}; first failure: None
pattern         holes     cycles     groups   fail   posH  maxgrp   cross%  1-group%
5,5,5,5,6      757430   38949059   30397073      0    251     136     59.8       0.0
5,5,6,5,7      639160   30438424   23011104      0    759      71     55.0       0.0
5,5,5,6,7      624012   26016399   19751904      0    363      92     53.6       0.0
5,5,6,5,6      529808   23072251   15436468      0    318      98     51.5       0.0
5,5,5,6,6      522882   20340505   14344127      0     53      96     51.8       0.0
5,5,6,5,8+     519746   27180517   20835490      0    607     104     55.1       0.0
5,5,5,5,7      504948   26020730   20289856      0    446     110     55.5       0.0
5,5,5,5,8+     498516   25967826   20762935      0    289     142     56.9       0.0
5,5,5,6,8+     488228   21064343   16304329      0    192     114     52.4       0.1
5,6,5,6,7      353438   14241607    9553619      0    270      72     53.5       0.0
5,5,6,6,7      349908   13029974    9172199      0     98      67     53.3       0.0
5,6,5,6,6      329346   12125290    7681700      0    212      80     54.7       0.0
5,5,6,6,6      325890   10914659    7246993      0     78      62     53.5       0.1
5,5,7,5,8+     234420   13477209   11083793      0    107      85     56.7       0.0
5,5,6,6,8+     214898    9139940    6687784      0     64      82     54.3       0.0
5,6,5,6,8+     212316    9373251    6554804      0    148      78     53.8       0.0
5,5,5,7,8+     203818    8884045    7259966      0     79      79     53.5       0.1
5,5,5,5,5      186856   11875080    9523721      0    463     105     57.0       0.0
5,6,6,6,6      182374    5899458    3764057      0     25      70     54.7       0.0
5,6,6,5,7      179324    7335756    4982083      0    128      61     55.1       0.0
5,5,7,5,7      175536    8864790    6953593      0    155      79     55.4       0.0
5,5,6,7,6      172666    6073752    4185017      0     26      64     50.8       0.0
5,6,6,6,7      167904    5927086    4038515      0     61      68     53.9       0.0
5,6,7,5,7      167722    7569655    5622033      0    114      75     54.4       0.0
5,5,5,7,7      166942    7062333    5518967      0     92      73     53.4       0.0
5,6,6,7,6      164676    5532371    3614288      0     80      66     53.4       0.0
5,5,6,7,7      157462    6060879    4504460      0     76      67     52.1       0.0
5,6,6,5,8+     114360    5373728    3834414      0     79      73     55.7       0.0
5,5,6,8+,6      99148    3733038    2627078      0     22      66     50.7       0.0
5,6,7,5,8+      85418    4659003    3628123      0     33      66     55.5       0.0
5,5,7,6,7       82320    3427290    2686920      0     67      53     53.7       0.0
5,5,7,6,8+      81626    4078850    3329853      0     25      64     54.3       0.0
5,6,5,7,7       81048    3570867    2619747      0     50      63     54.1       0.0
5,6,8+,5,7      78494    4167138    3205475      0     42      75     54.9       0.0
5,6,6,6,8+      74864    3274400    2340413      0     22      79     54.4       0.0
5,5,6,7,8+      72098    3263289    2514111      0     32      66     53.3       0.0
5,6,5,7,8+      69716    3449606    2593276      0     55      77     54.0       0.0
5,5,8+,5,8+     68032    4828180    4152213      0     34      68     58.4       0.0
5,6,6,8+,6      67218    2675794    1789283      0     13      65     53.5       0.0
5,5,6,8+,7      65108    2730463    2074309      0     12      75     51.4       0.0
5,6,7,6,7       61534    2394295    1712747      0     29      76     52.3       0.0
5,6,6,7,7       59092    2213725    1528172      0     22      62     53.4       0.0
5,5,5,8+,8+     46842    2105667    1805757      0      9      70     54.4       0.1
5,6,8+,5,8+     36668    2510760    2071329      0     11      66     54.9       0.0
5,7,6,6,7       31568    1293868     942393      0      6      57     54.2       0.0
5,7,5,7,7       31344    1550343    1217253      0      9      59     54.8       0.0
6,6,6,6,7       30380    1002359     668225      0      9      60     53.7       0.0
5,5,7,7,7       29518    1235398    1000365      0     12      69     52.7       0.0
5,6,7,7,6       29036    1058277     708751      0      8      67     52.2       0.0
5,6,7,6,8+      22642    1157927     895999      0      8      54     52.8       0.0
5,5,6,8+,8+     22288    1115767     878123      0      1      59     54.0       0.0
5,5,7,7,8+      21964    1142545     980413      0      6      77     55.6       0.0
5,7,6,6,8+      21570    1177715     913943      0      5      54     55.4       0.0
5,5,8+,6,8+     20124    1331924    1154185      0      9      49     54.8       0.0
5,6,8+,6,7      19758     970131     735895      0      4      66     51.4       0.0
5,7,5,7,8+      19096    1145497     942879      0      1      67     55.7       0.0
5,6,6,7,8+      17856     833687     612145      0      2      71     53.5       0.0
6,6,6,6,6       17440     514567     349269      0      1      54     52.7       0.0
5,7,6,7,7       16202     742682     570582      0      1      61     53.8       0.0
5,6,7,8+,6      15826     705036     494333      0      0      69     51.9       0.0
5,6,7,7,7       15226     664238     497071      0      2      67     52.2       0.0
5,6,6,8+,7      15202     693494     492557      0      4      66     54.0       0.0
5,7,7,5,8+      12648     833538     699077      0      8      67     58.7       0.0
5,6,5,8+,8+     10488     586746     457890      0      3      61     54.6       0.0
5,6,8+,6,8+      8724     591093     491017      0      1      45     50.2       0.0
6,6,6,6,8+       8506     377946     263742      0      1      68     54.2       0.0
5,5,7,8+,7       8074     380345     326517      0      0      51     53.2       0.0
6,6,7,6,7        7916     306098     213928      0      0      62     52.9       0.0
6,6,6,7,7        7276     276100     182342      0      0      68     54.0       0.1
5,7,8+,5,8+      7012     619189     544792      0      1      66     59.5       0.0
5,7,7,6,8+       4894     331154     276255      0      0      55     55.0       0.0
5,5,8+,7,8+      4624     337947     306079      0      0      52     57.7       0.0
5,5,7,8+,8+      4598     265626     240874      0      0      48     57.3       0.0
5,6,7,7,8+       4148     249676     204104      0      0      54     52.6       0.0
6,6,7,6,8+       3956     225879     174694      0      0      54     53.8       0.0
5,8+,6,6,8+      3868     313143     264399      0      1      52     57.5       0.0
5,6,8+,7,7       3606     212299     170355      0      0      51     49.7       0.0
5,7,6,7,8+       3424     222257     183314      0      0      71     54.7       0.0
5,7,6,8+,7       2996     181888     147237      0      0      59     51.9       0.0
5,6,6,8+,8+      2942     164835     124458      0      0      61     55.4       0.0
6,6,6,7,8+       2424     134713      96132      0      0      74     56.5       0.0
5,6,7,8+,7       2332     135542     109172      0      0      78     52.2       0.0
5,6,8+,8+,6      1652      89166      66610      0      0      58     49.5       0.0
5,7,5,8+,8+      1630     120890     105455      0      0      69     57.1       0.0
5,6,8+,7,8+      1526     117883     101846      0      0      46     49.2       0.0
5,7,7,7,7        1354      77926      63756      0      0      66     52.5       0.1
5,7,8+,6,8+      1302     118280     104958      0      0      55     52.5       0.0
6,7,6,7,7        1274      62051      46726      0      0      63     49.7       0.0
6,6,7,7,7        1174      57163      40754      0      0      53     53.7       0.0
5,8+,6,7,8+      1154     123417     111493      0      0      51     53.9       0.0
6,6,8+,6,8+       828      63439      52933      0      0      38     57.3       0.0
5,5,8+,8+,8+      812      69460      66865      0      0      28     57.7       0.0
5,7,7,7,8+        626      57524      50233      0      0      65     56.8       0.0
6,6,7,7,8+        530      38931      31130      0      0      48     56.8       0.0
5,6,8+,8+,7       468      35116      30546      0      0      54     47.3       0.0
5,8+,5,8+,8+      450      56533      53008      0      0      42     60.6       0.0
5,6,7,8+,8+       450      34016      30217      0      0      36     54.8       0.0
6,7,6,7,8+        436      33335      28110      0      0      63     46.6       0.0
6,7,7,6,8+        416      31445      27319      0      0      34     43.7       0.0
5,7,7,8+,7        342      27374      24092      0      0      58     50.8       0.0
5,7,6,8+,8+       280      26714      24039      0      0      40     49.1       0.0
6,7,8+,6,8+       210      18897      17324      0      0      28     37.8       0.0
5,7,8+,7,8+       156      16652      15068      0      0      32     56.1       0.0
6,7,7,7,7         150      10271       8459      0      0      39     41.9       0.0
5,6,8+,8+,8+      144      12563      11411      0      0      38     52.8       0.0
5,8+,6,8+,8+      126      17515      16463      0      0      18     50.6       0.0
6,6,6,8+,8+       124      10228       7702      0      0      54     62.6       0.0
6,6,7,8+,7        122       9859       8068      0      0      49     52.1       0.0
6,6,8+,7,8+       100       7734       6417      0      0      42     69.5       0.0
6,7,7,7,8+         90       8339       7693      0      0      26     36.3       0.0
5,8+,7,7,8+        80      11299      10450      0      0      29     61.8       0.0
6,7,7,8+,7         42       4096       3781      0      0      22     28.6       0.0
5,7,7,8+,8+        36       4508       4301      0      0      10     48.6       0.0
6,6,7,8+,8+        30       2481       2215      0      0      21     77.6       0.0
6,8+,7,7,8+        16       1628       1592      0      0       4     22.2       0.0
6,7,6,8+,8+        16       1977       1929      0      0       5     20.0       0.0
5,8+,7,8+,8+       16       3244       3041      0      0      12     64.6       0.0
5,7,8+,8+,7        16       1602       1407      0      0      24     49.3       0.0
6,7,8+,7,8+        14       1576       1557      0      0       8     18.8       0.0
6,8+,6,8+,8+       12       1642       1642      0      0       1      0.0       0.0
5,7,8+,8+,8+        8       1274       1226      0      0       5     50.0       0.0
7,7,7,7,7           4        418        418      0      0       1      0.0       0.0
7,7,7,7,8+          4        616        616      0      0       1      0.0       0.0
6,7,7,8+,8+         2        214        214      0      0       1      0.0       0.0
6,6,8+,8+,8+        2        326        326      0      0       1      0.0       0.0
