ipr#28 38 1,2,3,4,5,6;0,6,7,8,9,2;0,1,9,10,11,3;0,2,11,12,13,4;0,3,13,14,15,5;0,4,15,16,17,6;0,5,17,18,7,1;1,6,18,19,8;1,7,19,20,21,9;1,8,21,10,2;2,9,21,22,23,11;2,10,23,12,3;3,11,23,24,25,13;3,12,25,14,4;4,13,25,26,27,15;4,14,27,16,5;5,15,27,28,29,17;5,16,29,18,6;6,17,29,30,19,7;7,18,30,31,20,8;8,19,31,32,21;8,20,32,22,10,9;10,21,32,33,23;10,22,33,24,12,11;12,23,33,34,25;12,24,34,26,14,13;14,25,34,35,27;14,26,35,28,16,15;16,27,35,36,29;16,28,36,30,18,17;18,29,36,31,19;19,30,36,37,32,20;20,31,37,33,22,21;22,32,37,34,24,23;24,33,37,35,26,25;26,34,37,36,28,27;28,35,37,31,30,29;31,36,35,34,33,32
ipr#29 41 1,2,3,4,5,6;0,6,7,8,2;0,1,8,9,10,3;0,2,10,11,4;0,3,11,12,13,5;0,4,13,14,15,6;0,5,15,16,7,1;1,6,16,17,18,8;1,7,18,19,9,2;2,8,19,20,21,10;2,9,21,22,11,3;3,10,22,23,12,4;4,11,23,24,25,13;4,12,25,14,5;5,13,25,26,27,15;5,14,27,16,6;6,15,27,28,17,7;7,16,28,29,30,18;7,17,30,31,19,8;8,18,31,20,9;9,19,31,32,33,21;9,20,33,22,10;10,21,33,34,23,11;11,22,34,35,24,12;12,23,35,36,25;12,24,36,26,14,13;14,25,36,37,27;14,26,37,28,16,15;16,27,37,29,17;17,28,37,38,39,30;17,29,39,31,18;18,30,39,32,20,19;20,31,39,40,33;20,32,40,34,22,21;22,33,40,35,23;23,34,40,38,36,24;24,35,38,37,26,25;26,36,38,29,28,27;29,37,36,35,40,39;29,38,40,32,31,30;32,39,38,35,34,33
ipr#160 42 1,2,3,4,5;0,5,6,7,8,2;0,1,8,9,10,3;0,2,10,11,12,4;0,3,12,13,14,5;0,4,14,15,6,1;1,5,15,16,17,7;1,6,17,18,19,8;1,7,19,9,2;2,8,19,20,21,10;2,9,21,11,3;3,10,21,22,23,12;3,11,23,13,4;4,12,23,24,25,14;4,13,25,26,15,5;5,14,26,27,16,6;6,15,27,28,17;6,16,28,29,18,7;7,17,29,30,31,19;7,18,31,20,9,8;9,19,31,32,21;9,20,32,22,11,10;11,21,32,33,23;11,22,33,24,13,12;13,23,33,34,35,25;13,24,35,36,26,14;14,25,36,27,15;15,26,36,37,28,16;16,27,37,38,29,17;17,28,38,30,18;18,29,38,39,40,31;18,30,40,32,20,19;20,31,40,33,22,21;22,32,40,34,24,23;24,33,40,39,41,35;24,34,41,36,25;25,35,41,37,27,26;27,36,41,38,28;28,37,41,39,30,29;30,38,41,34,40;30,39,34,33,32,31;34,39,38,37,36,35
ipr#183 42 1,2,3,4,5;0,5,6,7,8,2;0,1,8,9,10,3;0,2,10,11,12,4;0,3,12,13,14,5;0,4,14,15,6,1;1,5,15,16,17,7;1,6,17,18,8;1,7,18,19,9,2;2,8,19,20,21,10;2,9,21,11,3;3,10,21,22,23,12;3,11,23,13,4;4,12,23,24,25,14;4,13,25,26,15,5;5,14,26,27,16,6;6,15,27,28,17;6,16,28,29,18,7;7,17,29,30,19,8;8,18,30,31,20,9;9,19,31,32,21;9,20,32,22,11,10;11,21,32,33,23;11,22,33,24,13,12;13,23,33,34,35,25;13,24,35,36,26,14;14,25,36,27,15;15,26,36,37,28,16;16,27,37,38,29,17;17,28,38,30,18;18,29,38,39,31,19;19,30,39,40,32,20;20,31,40,33,22,21;22,32,40,34,24,23;24,33,40,39,41,35;24,34,41,36,25;25,35,41,37,27,26;27,36,41,38,28;28,37,41,39,30,29;30,38,41,34,40,31;31,39,34,33,32;34,39,38,37,36,35
ipr#211 40 1,2,3,4,5;0,5,6,7,8,2;0,1,8,9,10,3;0,2,10,11,12,4;0,3,12,13,14,5;0,4,14,15,6,1;1,5,15,16,7;1,6,16,17,18,8;1,7,18,9,2;2,8,18,19,20,10;2,9,20,21,11,3;3,10,21,22,23,12;3,11,23,13,4;4,12,23,24,25,14;4,13,25,15,5;5,14,25,26,16,6;6,15,26,27,17,7;7,16,27,28,18;7,17,28,19,9,8;9,18,28,29,30,20;9,19,30,21,10;10,20,30,31,22,11;11,21,31,32,33,23;11,22,33,24,13,12;13,23,33,34,35,25;13,24,35,26,15,14;15,25,35,36,27,16;16,26,36,37,28,17;17,27,37,29,19,18;19,28,37,38,30;19,29,38,31,21,20;21,30,38,32,22;22,31,38,39,34,33;22,32,34,24,23;24,33,32,39,36,35;24,34,36,26,25;26,35,34,39,37,27;27,36,39,38,29,28;29,37,39,32,31,30;32,38,37,36,34
ipr#212 43 1,2,3,4,5,6;0,6,7,8,9,2;0,1,9,10,11,3;0,2,11,12,4;0,3,12,13,14,5;0,4,14,15,16,6;0,5,16,17,7,1;1,6,17,18,8;1,7,18,19,20,9;1,8,20,10,2;2,9,20,21,22,11;2,10,22,23,12,3;3,11,23,24,13,4;4,12,24,25,26,14;4,13,26,15,5;5,14,26,27,28,16;5,15,28,17,6;6,16,28,29,18,7;7,17,29,30,19,8;8,18,30,31,20;8,19,31,21,10,9;10,20,31,32,33,22;10,21,33,23,11;11,22,33,34,24,12;12,23,34,25,13;13,24,34,35,36,26;13,25,36,27,15,14;15,26,36,37,38,28;15,27,38,29,17,16;17,28,38,39,30,18;18,29,39,40,31,19;19,30,40,32,21,20;21,31,40,41,33;21,32,41,34,23,22;23,33,41,35,25,24;25,34,41,42,37,36;25,35,37,27,26;27,36,35,42,39,38;27,37,39,29,28;29,38,37,42,40,30;30,39,42,41,32,31;32,40,42,35,34,33;35,41,40,39,37
ipr#292 32 1,2,3,4,5;0,5,6,7,8,2;0,1,8,9,10,3;0,2,10,11,12,4;0,3,12,13,14,5;0,4,14,15,6,1;1,5,15,16,7;1,6,16,17,18,8;1,7,18,9,2;2,8,18,19,20,10;2,9,20,11,3;3,10,20,21,22,12;3,11,22,13,4;4,12,22,23,24,14;4,13,24,15,5;5,14,24,25,16,6;6,15,25,26,17,7;7,16,26,27,18;7,17,27,19,9,8;9,18,27,28,20;9,19,28,21,11,10;11,20,28,29,22;11,21,29,23,13,12;13,22,29,30,24;13,23,30,25,15,14;15,24,30,26,16;16,25,30,31,27,17;17,26,31,28,19,18;19,27,31,29,21,20;21,28,31,30,23,22;23,29,31,26,25,24;26,30,29,28,27
ipr#293 41 1,2,3,4,5;0,5,6,7,8,2;0,1,8,9,10,3;0,2,10,11,12,4;0,3,12,13,14,5;0,4,14,15,6,1;1,5,15,16,7;1,6,16,17,18,8;1,7,18,19,9,2;2,8,19,20,10;2,9,20,21,11,3;3,10,21,22,23,12;3,11,23,24,13,4;4,12,24,25,26,14;4,13,26,15,5;5,14,26,27,16,6;6,15,27,28,17,7;7,16,28,29,18;7,17,29,30,19,8;8,18,30,31,20,9;9,19,31,32,21,10;10,20,32,22,11;11,21,32,33,34,23;11,22,34,24,12;12,23,34,35,25,13;13,24,35,36,26;13,25,36,27,15,14;15,26,36,28,16;16,27,36,37,29,17;17,28,37,38,30,18;18,29,38,39,31,19;19,30,39,32,20;20,31,39,33,22,21;22,32,39,40,34;22,33,40,35,24,23;24,34,40,37,36,25;25,35,37,28,27,26;28,36,35,40,38,29;29,37,40,39,30;30,38,40,33,32,31;33,39,38,37,35,34
ipr#331 41 1,2,3,4,5;0,5,6,7,8,2;0,1,8,9,10,3;0,2,10,11,12,4;0,3,12,13,14,5;0,4,14,15,6,1;1,5,15,16,7;1,6,16,17,18,8;1,7,18,19,9,2;2,8,19,20,21,10;2,9,21,11,3;3,10,21,22,23,12;3,11,23,24,13,4;4,12,24,25,26,14;4,13,26,15,5;5,14,26,27,16,6;6,15,27,28,17,7;7,16,28,29,18;7,17,29,30,19,8;8,18,30,31,20,9;9,19,31,32,21;9,20,32,22,11,10;11,21,32,33,23;11,22,33,34,24,12;12,23,34,35,25,13;13,24,35,36,26;13,25,36,27,15,14;15,26,36,28,16;16,27,36,37,29,17;17,28,37,38,30,18;18,29,38,31,19;19,30,38,39,32,20;20,31,39,33,22,21;22,32,39,40,34,23;23,33,40,35,24;24,34,40,37,36,25;25,35,37,28,27,26;28,36,35,40,38,29;29,37,40,39,31,30;31,38,40,33,32;33,39,38,37,35,34
ipr#383 42 1,2,3,4,5,6;0,6,7,8,9,2;0,1,9,10,3;0,2,10,11,12,4;0,3,12,13,14,5;0,4,14,15,6;0,5,15,16,7,1;1,6,16,17,8;1,7,17,18,19,9;1,8,19,20,10,2;2,9,20,21,11,3;3,10,21,22,23,12;3,11,23,13,4;4,12,23,24,25,14;4,13,25,26,15,5;5,14,26,27,16,6;6,15,27,28,17,7;7,16,28,29,18,8;8,17,29,30,31,19;8,18,31,20,9;9,19,31,32,21,10;10,20,32,22,11;11,21,32,33,34,23;11,22,34,24,13,12;13,23,34,35,36,25;13,24,36,26,14;14,25,36,37,27,15;15,26,37,28,16;16,27,37,38,29,17;17,28,38,30,18;18,29,38,39,40,31;18,30,40,32,20,19;20,31,40,33,22,21;22,32,40,39,35,34;22,33,35,24,23;24,34,33,39,41,36;24,35,41,37,26,25;26,36,41,38,28,27;28,37,41,39,30,29;30,38,41,35,33,40;30,39,33,32,31;35,39,38,37,36
ipr#403 42 1,2,3,4,5,6;0,6,7,8,2;0,1,8,9,10,3;0,2,10,11,12,4;0,3,12,13,14,5;0,4,14,15,6;0,5,15,16,7,1;1,6,16,17,18,8;1,7,18,19,9,2;2,8,19,20,21,10;2,9,21,11,3;3,10,21,22,23,12;3,11,23,13,4;4,12,23,24,25,14;4,13,25,26,15,5;5,14,26,27,16,6;6,15,27,28,17,7;7,16,28,29,18;7,17,29,30,19,8;8,18,30,20,9;9,19,30,31,32,21;9,20,32,22,11,10;11,21,32,33,34,23;11,22,34,24,13,12;13,23,34,35,36,25;13,24,36,26,14;14,25,36,37,27,15;15,26,37,28,16;16,27,37,38,29,17;17,28,38,39,30,18;18,29,39,31,20,19;20,30,39,40,33,32;20,31,33,22,21;22,32,31,40,35,34;22,33,35,24,23;24,34,33,40,41,36;24,35,41,37,26,25;26,36,41,38,28,27;28,37,41,40,39,29;29,38,40,31,30;31,39,38,41,35,33;35,40,38,37,36
ipr#425 43 1,2,3,4,5,6;0,6,7,8,9,2;0,1,9,10,11,3;0,2,11,12,13,4;0,3,13,14,15,5;0,4,15,16,17,6;0,5,17,18,7,1;1,6,18,19,8;1,7,19,20,21,9;1,8,21,10,2;2,9,21,22,23,11;2,10,23,12,3;3,11,23,24,25,13;3,12,25,14,4;4,13,25,26,27,15;4,14,27,16,5;5,15,27,28,29,17;5,16,29,18,6;6,17,29,30,19,7;7,18,30,31,20,8;8,19,31,32,21;8,20,32,22,10,9;10,21,32,33,34,23;10,22,34,24,12,11;12,23,34,35,25;12,24,35,26,14,13;14,25,35,36,37,27;14,26,37,28,16,15;16,27,37,38,29;16,28,38,30,18,17;18,29,38,39,31,19;19,30,39,40,32,20;20,31,40,33,22,21;22,32,40,41,34;22,33,41,35,24,23;24,34,41,36,26,25;26,35,41,42,37;26,36,42,38,28,27;28,37,42,39,30,29;30,38,42,40,31;31,39,42,41,33,32;33,40,42,36,35,34;36,41,40,39,38,37
ipr#464 43 1,2,3,4,5;0,5,6,7,8,2;0,1,8,9,10,3;0,2,10,11,12,4;0,3,12,13,14,5;0,4,14,15,6,1;1,5,15,16,7;1,6,16,17,18,8;1,7,18,9,2;2,8,18,19,20,10;2,9,20,11,3;3,10,20,21,22,12;3,11,22,23,13,4;4,12,23,24,14;4,13,24,25,15,5;5,14,25,26,16,6;6,15,26,27,17,7;7,16,27,28,29,18;7,17,29,19,9,8;9,18,29,30,31,20;9,19,31,21,11,10;11,20,31,32,22;11,21,32,33,23,12;12,22,33,34,24,13;13,23,34,35,25,14;14,24,35,26,15;15,25,35,36,27,16;16,26,36,37,28,17;17,27,37,38,29;17,28,38,30,19,18;19,29,38,39,31;19,30,39,32,21,20;21,31,39,40,33,22;22,32,40,34,23;23,33,40,41,35,24;24,34,41,36,26,25;26,35,41,37,27;27,36,41,42,38,28;28,37,42,39,30,29;30,38,42,40,32,31;32,39,42,41,34,33;34,40,42,37,36,35;37,41,40,39,38
ipr#498 43 1,2,3,4,5;0,5,6,7,8,2;0,1,8,9,10,3;0,2,10,11,12,4;0,3,12,13,14,5;0,4,14,15,6,1;1,5,15,16,7;1,6,16,17,18,8;1,7,18,19,9,2;2,8,19,20,21,10;2,9,21,11,3;3,10,21,22,23,12;3,11,23,24,13,4;4,12,24,25,14;4,13,25,26,15,5;5,14,26,27,16,6;6,15,27,28,17,7;7,16,28,29,30,18;7,17,30,19,8;8,18,30,31,20,9;9,19,31,32,21;9,20,32,22,11,10;11,21,32,33,23;11,22,33,34,24,12;12,23,34,35,25,13;13,24,35,36,26,14;14,25,36,27,15;15,26,36,37,28,16;16,27,37,29,17;17,28,37,38,39,30;17,29,39,31,19,18;19,30,39,40,32,20;20,31,40,33,22,21;22,32,40,41,34,23;23,33,41,42,35,24;24,34,42,36,25;25,35,42,37,27,26;27,36,42,38,29,28;29,37,42,41,39;29,38,41,40,31,30;31,39,41,33,32;33,40,39,38,42,34;34,41,38,37,36,35
ipr#683 43 1,2,3,4,5;0,5,6,7,8,2;0,1,8,9,10,3;0,2,10,11,12,4;0,3,12,13,14,5;0,4,14,15,6,1;1,5,15,16,7;1,6,16,17,18,8;1,7,18,9,2;2,8,18,19,20,10;2,9,20,11,3;3,10,20,21,22,12;3,11,22,23,13,4;4,12,23,24,25,14;4,13,25,26,15,5;5,14,26,27,16,6;6,15,27,28,17,7;7,16,28,29,30,18;7,17,30,19,9,8;9,18,30,31,20;9,19,31,21,11,10;11,20,31,32,33,22;11,21,33,34,23,12;12,22,34,24,13;13,23,34,35,36,25;13,24,36,26,14;14,25,36,37,27,15;15,26,37,38,28,16;16,27,38,29,17;17,28,38,39,40,30;17,29,40,31,19,18;19,30,40,32,21,20;21,31,40,39,41,33;21,32,41,34,22;22,33,41,35,24,23;24,34,41,42,36;24,35,42,37,26,25;26,36,42,38,27;27,37,42,39,29,28;29,38,42,41,32,40;29,39,32,31,30;32,39,42,35,34,33;35,41,39,38,37,36
ipr#718 43 1,2,3,4,5;0,5,6,7,8,2;0,1,8,9,10,3;0,2,10,11,12,4;0,3,12,13,14,5;0,4,14,15,6,1;1,5,15,16,7;1,6,16,17,18,8;1,7,18,9,2;2,8,18,19,20,10;2,9,20,11,3;3,10,20,21,22,12;3,11,22,23,13,4;4,12,23,24,25,14;4,13,25,26,15,5;5,14,26,27,16,6;6,15,27,28,17,7;7,16,28,29,30,18;7,17,30,19,9,8;9,18,30,31,32,20;9,19,32,21,11,10;11,20,32,33,34,22;11,21,34,35,23,12;12,22,35,24,13;13,23,35,36,37,25;13,24,37,26,14;14,25,37,38,27,15;15,26,38,39,28,16;16,27,39,29,17;17,28,39,40,31,30;17,29,31,19,18;19,30,29,40,33,32;19,31,33,21,20;21,32,31,40,41,34;21,33,41,35,22;22,34,41,36,24,23;24,35,41,42,37;24,36,42,38,26,25;26,37,42,39,27;27,38,42,40,29,28;29,39,42,41,33,31;33,40,42,36,35,34;36,41,40,39,38,37
ipr#748 43 1,2,3,4,5,6;0,6,7,8,9,2;0,1,9,10,3;0,2,10,11,12,4;0,3,12,13,14,5;0,4,14,15,6;0,5,15,16,7,1;1,6,16,17,8;1,7,17,18,19,9;1,8,19,20,10,2;2,9,20,21,11,3;3,10,21,22,23,12;3,11,23,13,4;4,12,23,24,25,14;4,13,25,26,15,5;5,14,26,27,16,6;6,15,27,28,17,7;7,16,28,29,18,8;8,17,29,30,31,19;8,18,31,20,9;9,19,31,32,21,10;10,20,32,22,11;11,21,32,33,34,23;11,22,34,24,13,12;13,23,34,35,36,25;13,24,36,37,26,14;14,25,37,27,15;15,26,37,38,28,16;16,27,38,39,29,17;17,28,39,30,18;18,29,39,40,41,31;18,30,41,32,20,19;20,31,41,33,22,21;22,32,41,40,35,34;22,33,35,24,23;24,34,33,40,42,36;24,35,42,37,25;25,36,42,38,27,26;27,37,42,39,28;28,38,42,40,30,29;30,39,42,35,33,41;30,40,33,32,31;35,40,39,38,37,36
ipr#778 43 1,2,3,4,5,6;0,6,7,8,2;0,1,8,9,10,3;0,2,10,11,12,4;0,3,12,13,14,5;0,4,14,15,6;0,5,15,16,7,1;1,6,16,17,18,8;1,7,18,19,9,2;2,8,19,20,21,10;2,9,21,11,3;3,10,21,22,23,12;3,11,23,13,4;4,12,23,24,25,14;4,13,25,26,15,5;5,14,26,27,16,6;6,15,27,28,17,7;7,16,28,29,18;7,17,29,30,19,8;8,18,30,20,9;9,19,30,31,32,21;9,20,32,22,11,10;11,21,32,33,34,23;11,22,34,24,13,12;13,23,34,35,36,25;13,24,36,37,26,14;14,25,37,27,15;15,26,37,38,28,16;16,27,38,39,29,17;17,28,39,40,30,18;18,29,40,31,20,19;20,30,40,41,33,32;20,31,33,22,21;22,32,31,41,35,34;22,33,35,24,23;24,34,33,41,42,36;24,35,42,37,25;25,36,42,38,27,26;27,37,42,39,28;28,38,42,41,40,29;29,39,41,31,30;31,40,39,42,35,33;35,41,39,38,37,36
ipr#819 43 1,2,3,4,5,6;0,6,7,8,9,2;0,1,9,10,3;0,2,10,11,12,4;0,3,12,13,14,5;0,4,14,15,6;0,5,15,16,7,1;1,6,16,17,8;1,7,17,18,19,9;1,8,19,20,10,2;2,9,20,21,11,3;3,10,21,22,23,12;3,11,23,13,4;4,12,23,24,25,14;4,13,25,26,15,5;5,14,26,27,16,6;6,15,27,28,17,7;7,16,28,29,18,8;8,17,29,30,31,19;8,18,31,20,9;9,19,31,32,21,10;10,20,32,22,11;11,21,32,33,34,23;11,22,34,24,13,12;13,23,34,35,25;13,24,35,36,26,14;14,25,36,27,15;15,26,36,37,28,16;16,27,37,38,29,17;17,28,38,30,18;18,29,38,39,40,31;18,30,40,32,20,19;20,31,40,33,22,21;22,32,40,39,41,34;22,33,41,35,24,23;24,34,41,42,36,25;25,35,42,37,27,26;27,36,42,38,28;28,37,42,39,30,29;30,38,42,41,33,40;30,39,33,32,31;33,39,42,35,34;35,41,39,38,37,36
ipr#859 42 1,2,3,4,5;0,5,6,7,8,2;0,1,8,9,10,3;0,2,10,11,12,4;0,3,12,13,14,5;0,4,14,15,6,1;1,5,15,16,7;1,6,16,17,18,8;1,7,18,9,2;2,8,18,19,20,10;2,9,20,21,11,3;3,10,21,22,23,12;3,11,23,24,13,4;4,12,24,25,14;4,13,25,26,15,5;5,14,26,27,16,6;6,15,27,28,17,7;7,16,28,29,18;7,17,29,19,9,8;9,18,29,30,31,20;9,19,31,21,10;10,20,31,32,22,11;11,21,32,33,34,23;11,22,34,24,12;12,23,34,35,25,13;13,24,35,36,26,14;14,25,36,27,15;15,26,36,37,28,16;16,27,37,38,29,17;17,28,38,30,19,18;19,29,38,39,31;19,30,39,32,21,20;21,31,39,33,22;22,32,39,40,41,34;22,33,41,35,24,23;24,34,41,36,25;25,35,41,37,27,26;27,36,41,40,38,28;28,37,40,39,30,29;30,38,40,33,32,31;33,39,38,37,41;33,40,37,36,35,34
ipr#911 42 1,2,3,4,5;0,5,6,7,8,2;0,1,8,9,10,3;0,2,10,11,12,4;0,3,12,13,14,5;0,4,14,15,6,1;1,5,15,16,17,7;1,6,17,18,8;1,7,18,19,9,2;2,8,19,20,10;2,9,20,21,11,3;3,10,21,22,23,12;3,11,23,24,13,4;4,12,24,25,14;4,13,25,26,15,5;5,14,26,27,16,6;6,15,27,28,17;6,16,28,29,18,7;7,17,29,30,19,8;8,18,30,31,20,9;9,19,31,32,21,10;10,20,32,22,11;11,21,32,33,34,23;11,22,34,24,12;12,23,34,35,25,13;13,24,35,36,26,14;14,25,36,27,15;15,26,36,37,28,16;16,27,37,38,29,17;17,28,38,30,18;18,29,38,39,31,19;19,30,39,32,20;20,31,39,33,22,21;22,32,39,40,41,34;22,33,41,35,24,23;24,34,41,36,25;25,35,41,37,27,26;27,36,41,40,38,28;28,37,40,39,30,29;30,38,40,33,32,31;33,39,38,37,41;33,40,37,36,35,34
ipr#954 41 1,2,3,4,5;0,5,6,7,8,2;0,1,8,9,10,3;0,2,10,11,12,4;0,3,12,13,14,5;0,4,14,15,6,1;1,5,15,16,7;1,6,16,17,18,8;1,7,18,19,9,2;2,8,19,20,10;2,9,20,21,11,3;3,10,21,22,23,12;3,11,23,24,13,4;4,12,24,25,14;4,13,25,26,15,5;5,14,26,27,16,6;6,15,27,28,17,7;7,16,28,29,30,18;7,17,30,19,8;8,18,30,31,20,9;9,19,31,32,21,10;10,20,32,22,11;11,21,32,33,34,23;11,22,34,24,12;12,23,34,35,25,13;13,24,35,36,26,14;14,25,36,27,15;15,26,36,37,28,16;16,27,37,29,17;17,28,37,38,39,30;17,29,39,31,19,18;19,30,39,32,20;20,31,39,33,22,21;22,32,39,38,40,34;22,33,40,35,24,23;24,34,40,36,25;25,35,40,37,27,26;27,36,40,38,29,28;29,37,40,33,39;29,38,33,32,31,30;33,38,37,36,35,34
ipr#1050 40 1,2,3,4,5;0,5,6,7,8,2;0,1,8,9,10,3;0,2,10,11,12,4;0,3,12,13,14,5;0,4,14,15,6,1;1,5,15,16,17,7;1,6,17,18,8;1,7,18,19,9,2;2,8,19,20,10;2,9,20,21,11,3;3,10,21,22,23,12;3,11,23,13,4;4,12,23,24,25,14;4,13,25,15,5;5,14,25,26,16,6;6,15,26,27,17;6,16,27,28,18,7;7,17,28,29,19,8;8,18,29,30,20,9;9,19,30,31,21,10;10,20,31,22,11;11,21,31,32,33,23;11,22,33,24,13,12;13,23,33,34,35,25;13,24,35,26,15,14;15,25,35,36,27,16;16,26,36,37,28,17;17,27,37,29,18;18,28,37,38,30,19;19,29,38,31,20;20,30,38,32,22,21;22,31,38,39,34,33;22,32,34,24,23;24,33,32,39,36,35;24,34,36,26,25;26,35,34,39,37,27;27,36,39,38,29,28;29,37,39,32,31,30;32,38,37,36,34
ipr#1056 39 1,2,3,4,5;0,5,6,7,8,2;0,1,8,9,10,3;0,2,10,11,12,4;0,3,12,13,14,5;0,4,14,15,6,1;1,5,15,16,7;1,6,16,17,18,8;1,7,18,9,2;2,8,18,19,20,10;2,9,20,11,3;3,10,20,21,22,12;3,11,22,23,13,4;4,12,23,24,14;4,13,24,25,15,5;5,14,25,26,16,6;6,15,26,27,17,7;7,16,27,28,29,18;7,17,29,19,9,8;9,18,29,30,31,20;9,19,31,21,11,10;11,20,31,32,33,22;11,21,33,23,12;12,22,33,34,24,13;13,23,34,35,25,14;14,24,35,26,15;15,25,35,36,27,16;16,26,36,28,17;17,27,36,37,30,29;17,28,30,19,18;19,29,28,37,32,31;19,30,32,21,20;21,31,30,37,38,33;21,32,38,34,23,22;23,33,38,35,24;24,34,38,36,26,25;26,35,38,37,28,27;28,36,38,32,30;32,37,36,35,34,33
ipr#1108 37 1,2,3,4,5;0,5,6,7,8,2;0,1,8,9,10,3;0,2,10,11,12,4;0,3,12,13,14,5;0,4,14,15,6,1;1,5,15,16,7;1,6,16,17,18,8;1,7,18,9,2;2,8,18,19,20,10;2,9,20,11,3;3,10,20,21,22,12;3,11,22,13,4;4,12,22,23,24,14;4,13,24,15,5;5,14,24,25,16,6;6,15,25,26,17,7;7,16,26,27,28,18;7,17,28,19,9,8;9,18,28,29,30,20;9,19,30,21,11,10;11,20,30,31,32,22;11,21,32,23,13,12;13,22,32,33,34,24;13,23,34,25,15,14;15,24,34,35,26,16;16,25,35,27,17;17,26,35,36,29,28;17,27,29,19,18;19,28,27,36,31,30;19,29,31,21,20;21,30,29,36,33,32;21,31,33,23,22;23,32,31,36,35,34;23,33,35,25,24;25,34,33,36,27,26;27,35,33,31,29
ipr#1139 42 1,2,3,4,5,6;0,6,7,8,2;0,1,8,9,10,3;0,2,10,11,12,4;0,3,12,13,14,5;0,4,14,15,16,6;0,5,16,17,7,1;1,6,17,18,19,8;1,7,19,20,9,2;2,8,20,21,22,10;2,9,22,11,3;3,10,22,23,24,12;3,11,24,13,4;4,12,24,25,26,14;4,13,26,15,5;5,14,26,27,28,16;5,15,28,17,6;6,16,28,29,18,7;7,17,29,30,19;7,18,30,31,20,8;8,19,31,21,9;9,20,31,32,33,22;9,21,33,23,11,10;11,22,33,34,24;11,23,34,25,13,12;13,24,34,35,36,26;13,25,36,27,15,14;15,26,36,37,28;15,27,37,29,17,16;17,28,37,38,30,18;18,29,38,39,31,19;19,30,39,32,21,20;21,31,39,40,33;21,32,40,34,23,22;23,33,40,35,25,24;25,34,40,41,36;25,35,41,37,27,26;27,36,41,38,29,28;29,37,41,39,30;30,38,41,40,32,31;32,39,41,35,34,33;35,40,39,38,37,36
ipr#1191 41 1,2,3,4,5,6;0,6,7,8,2;0,1,8,9,10,3;0,2,10,11,12,4;0,3,12,13,14,5;0,4,14,15,6;0,5,15,16,7,1;1,6,16,17,18,8;1,7,18,19,9,2;2,8,19,20,21,10;2,9,21,11,3;3,10,21,22,23,12;3,11,23,13,4;4,12,23,24,25,14;4,13,25,26,15,5;5,14,26,27,16,6;6,15,27,28,17,7;7,16,28,29,18;7,17,29,30,19,8;8,18,30,20,9;9,19,30,31,32,21;9,20,32,22,11,10;11,21,32,33,23;11,22,33,24,13,12;13,23,33,34,35,25;13,24,35,26,14;14,25,35,36,27,15;15,26,36,28,16;16,27,36,37,29,17;17,28,37,38,30,18;18,29,38,31,20,19;20,30,38,39,32;20,31,39,33,22,21;22,32,39,34,24,23;24,33,39,40,35;24,34,40,36,26,25;26,35,40,37,28,27;28,36,40,38,29;29,37,40,39,31,30;31,38,40,34,33,32;34,39,38,37,36,35
