n1_7511_15_2656 30 1,2,3,4,5;0,2,5,7,12,13,20,26;0,1,3,11,20,22,27;0,2,4,24,25,27,28;0,3,5,8,19,23,24;0,1,4,10,13,19,23;8,10,12,20,29;1,8,11,18,19,27,28;4,6,7,13,19,24;10,14,15,16,17,18,23,27;5,6,9,24,25,27,29;2,7,12,17,19,26,28;1,6,11,21,25,26,29;1,5,8,14,20;9,13,15,23;9,14,16,20,23,24;9,15,17,18,24;9,11,16,18,26,27,29;7,9,16,17,22,26,28;4,5,7,8,11,22,23,27;1,2,6,13,15,21,25,28;12,20,22,25,27,28;2,18,19,21,27;4,5,9,14,15,19,24;3,4,8,10,15,16,23,25,29;3,10,12,20,21,24;1,11,12,17,18,28,29;2,3,7,9,10,17,19,21,22;3,7,11,18,20,21,26;6,10,12,17,24,26
n1_7511_15_3104 30 1,2,3,4,5;0,2,5,7,12,13,26;0,1,3,7,20,22,25;0,2,4,24,25,28;0,3,5,8,19,23,24;0,1,4,10,13,16,19,23;8,10,11,12,18,20,26;1,2,19,21,25,28;4,6,19,22,24;10,14,15,17,18,23,25,27;5,6,9,18,19;6,19,20,21,28;1,6,20,21,26,27;1,5,14,16,23;9,13,15,23;9,14,16,20,23,24,26;5,13,15,17,18,24,25;9,16,18,26,27,29;6,9,10,16,17,19,24,28;4,5,7,8,10,11,18,22,23,26;2,6,11,12,15,27;7,11,12,22,25,28;2,8,19,21,27,29;4,5,9,13,14,15,19;3,4,8,15,16,18;2,3,7,9,16,21;1,6,12,15,17,19,29;9,12,17,20,22,28;3,7,11,18,21,27,29;17,22,26,28
n1_7511_14_2004 32 1,2,3,4,5;0,2,5,8,10,20,23,30;0,1,3,20,21,26;0,2,4,6,16,17,21,26,30;0,3,5,9,16;0,1,4,8,9,14;3,7,8,9,10,21;6,8,11,14,20,31;1,5,6,7,9,13;4,5,6,8,10,12,14,16;1,6,9,11,15,20,22,23,30;7,10,16,17;9,13,19,23,27,29;8,12,14,19,21,22,28;5,7,9,13,15,17,19,21,23,26,27;10,14,27,29;3,4,9,11,17,24;3,11,14,16,21,26,29;19,25,30,31;12,13,14,18,23,24,25;1,2,7,10,22,24,29;2,3,6,13,14,17,25,30;10,13,20,28,29;1,10,12,14,19,24,25,30;16,19,20,23,25,28;18,19,21,23,24,29,31;2,3,14,17,28,31;12,14,15,29,31;13,22,24,26,29,30,31;12,15,17,20,22,25,27,28,31;1,3,10,18,21,23,28;7,18,25,26,27,28,29
n1_7121_17_5 29 1,2,3,4,5;0,2,5,8,14,28;0,1,3,22,28;0,2,4,7,16,17,19,22,23,25,26;0,3,5,12,17,24,25;0,1,4,8,9,12;10,11,16,19,21,22,27;3,10,17,19,23,26,28;1,5,11,18,23,27;5,12,14,15,17,22,27,28;6,7,11,12,13,16;6,8,10,16,20,25;4,5,9,10,15,20,23,25,26;10,14,18,25,28;1,9,13,20,22,25;9,12,21,24,25,27;3,6,10,11,17,19,20,21,26,28;3,4,7,9,16,23,24;8,13,26,28;3,6,7,16,21,28;11,12,14,16,25;6,15,16,19,23,24,27;2,3,6,9,14,24,25,26,28;3,7,8,12,17,21,27;4,15,17,21,22;3,4,11,12,13,14,15,20,22,27;3,7,12,16,18,22;6,8,9,15,21,23,25;1,2,7,9,13,16,18,19,22
n1_7121_119_1473 28 1,2,3,4,5;0,2,5,20,21;0,1,3,8,9,10,12,22;0,2,4,13,25,26,27;0,3,5,6,7;0,1,4,6,7,11,21;4,5,12,17,18,21;4,5,11,13,14,16,20,22,26;2,10,19,23,26,27;2,10,12,13,23,26;2,8,9,15,17,19,20,22,23,25;5,7,16,17,25,27;2,6,9,18,19,21,26,27;3,7,9,25,27;7,16,20,21,22;10,20,22,23,27;7,11,14,17,18,20,22;6,10,11,16,19,24;6,12,16,25;8,10,12,17,23,24;1,7,10,14,15,16,21;1,5,6,12,14,20;2,7,10,14,15,16;8,9,10,15,19,26;17,19,26,27;3,10,11,13,18,27;3,7,8,9,12,23,24;3,8,11,12,13,15,24,25
n1_7121_138_352 29 1,2,3,4,5;0,2,5,8,28;0,1,3,6,21,22,23,28;0,2,4,7,19,22,24;0,3,5,9,12,17,19;0,1,4,8,9,11,13,15;2,10,11,12,16,21,22;3,11,17,23,24,26,27,28;1,5,11,17,18,23;4,5,13,14,15,19,22,27,28;6,11,12,13,16,23;5,6,7,8,10,25;4,6,10,15,16,20,23,24,26;5,9,10,14,18,25,28;9,13,20,22,25;5,9,12,25;6,10,12,19,20,21;4,7,8,21,24,26,28;8,13,26,28;3,4,9,16,21,25;12,14,16,25;2,6,16,17,19,23,24,25,26,27;2,3,6,9,14,26;2,7,8,10,12,21,27;3,7,12,17,21;11,13,14,15,19,20,21;7,12,17,18,21,22;7,9,21,23;1,2,7,9,13,17,18
n1_7221_43_1416 28 1,2,3,4,5;0,2,5,8,19,20,23;0,1,3,6,10,20,22,24,26;0,2,4,12,17,22,27;0,3,5,7,9,11,17;0,1,4,9,23;2,7,12,15,24,25,26,27;4,6,8,9,11;1,7,11,14,20,23,26;4,5,7,11,12,20,22;2,17,18,23,27;4,7,8,9,12,13,22;3,6,9,11,14,23,27;11,17,18,19,22,25;8,12,18,27;6,16,19,21,25,26;15,18,19,21,25,26;3,4,10,13,18,19,21,23,26;10,13,14,16,17,19,27;1,13,15,16,17,18,23,25,26;1,2,8,9,21,24;15,16,17,20,26;2,3,9,11,13;1,5,8,10,12,17,19,24;2,6,20,23,26;6,13,15,16,19;2,6,8,15,16,17,19,21,24;3,6,10,12,14,18
n1_7221_153_2544 28 1,2,3,4,5;0,2,5,10,15;0,1,3,10,18,21,22,27;0,2,4,14,19,26,27;0,3,5,12,13,14,19,20,26;0,1,4,12,23;10,11,17,19,21;8,15,17,22,24;7,16,18,19,21,22,24;10,15,17,21,23,26;1,2,6,9,17,19,25;6,16,19,20,22,26;4,5,13,15,17,27;4,12,14,16,24;3,4,13,16,18,19;1,7,9,12,21;8,11,13,14,17,18,23;6,7,9,10,12,16,19,25,26,27;2,8,14,16,21;3,4,6,8,10,11,14,17,23,25,27;4,11,22,25;2,6,8,9,15,18,23,24,25,26;2,7,8,11,20,23,26;5,9,16,19,21,22,26,27;7,8,13,21,26,27;10,17,19,20,21;3,4,9,11,17,21,22,23,24,27;2,3,12,17,19,23,24,26
n1_7221_194_1376 28 1,2,3,4,5;0,2,5,19,23,27;0,1,3,10,16,19,20,22,24,25;0,2,4,7,12,16,27;0,3,5,7,9,11,17;0,1,4,8,9,23;15,18,19,20,21,26;3,4,8,9,11,16;5,7,11,14,16,20,23,25;4,5,7,11,22,23;2,15,17,18,23,26;4,7,8,9,12,13,22;3,11,13,14,15,16;11,12,17,24,26;8,12,15,18,27;6,10,12,14,18,19,20,21;2,3,7,8,12,20,21,22,24,25,27;4,10,13,19,22,23,25,26;6,10,14,15,19,24,27;1,2,6,15,17,18,20,25;2,6,8,15,16,19,24,27;6,15,16,23,25;2,9,11,16,17,23;1,5,8,9,10,17,21,22;2,13,16,18,20,27;2,8,16,17,19,21;6,10,13,17;1,3,14,16,18,20,24
jc301_81_4369_K 30 1,2,3,4,5;0,2,5,13,20,22;0,1,3,6,9,12,19,21,22;0,2,4,12,25,29;0,3,5,16,25;0,1,4,7,13,16,17,19;2,8,9,10,12,15,19,24;5,10,21,22,26;6,19,20,22,29;2,6,12,20;6,7,13,15,19,24;15,17,24;2,3,6,9,26,29;1,5,10,18;18,23,26,27,28;6,10,11,22,24;4,5,18,20,25,28;5,11,19,24,27,29;13,14,16,26,28;2,5,6,8,10,17;1,8,9,16,21,22;2,7,20,22,24;1,2,7,8,15,20,21,26,27;14,25,27,28,29;6,10,11,15,17,21;3,4,16,23,28,29;7,12,14,18,22,27;14,17,22,23,26,29;14,16,18,23,25;3,8,12,17,23,25,27
