n1_1302_239_677 29 1,2,3,4,5;0,2,5,9,17,25;0,1,3,9,13;0,2,4,7,11,13,19;0,3,5,6,11,15,19;0,1,4,12,14,15,17,18,27;4,12,18,21,26;3,8,10,13,17,18;7,9,16,17,23,27;1,2,8,13,16,19,27;7,11,12,20,23;3,4,10,19,20,23;5,6,10,13,16,17,23;2,3,7,9,12,15;5,15,19,20,21,25,28;4,5,13,14,18,19,22,23,25;8,9,12,22,23,24,27;1,5,7,8,12,20;5,6,7,15,22;3,4,9,11,14,15;10,11,14,17,22,26;6,14,22,25,28;15,16,18,20,21,24,25,26;8,10,11,12,15,16,26;16,22,25,26;1,14,15,21,22,24,27,28;6,20,22,23,24,28;5,8,9,16,25;14,21,25,26
n1_1202_12_2347 36 1,2,3,4,5;0,2,5,20,24,29,33;0,1,3,10,15,18;0,2,4,13,14,17;0,3,5,7,8,16,19;0,1,4,8,20,26,30;7,12,16,19,25,26,31,32;4,6,8,10,12,17,19,21,24,34;4,5,7,15,19,20,29;11,13,16,17,21,23,27,29,34;2,7,26,27,32,33,34,35;9,16,19,22,25;6,7,18,19,22,24,35;3,9,14,23,24,28,33,34;3,13,21,23,25,28;2,8,19,22,31;4,6,9,11,17,22,27,30,31;3,7,9,16,27,33;2,12,22,26,29,32;4,6,7,8,11,12,15,24,33;1,5,8,35;7,9,14,25,28;11,12,15,16,18,32;9,13,14,31,33;1,7,12,13,19,30;6,11,14,21,29,31,35;5,6,10,18,27;9,10,16,17,26,31,33,35;13,14,21,30;1,8,9,18,25;5,16,24,28,32,35;6,15,16,23,25,27;6,10,18,22,30,35;1,10,13,17,19,23,27;7,9,10,13;10,12,20,25,27,30,32
n1_1202_77_2073 32 1,2,3,4,5;0,2,5,9,12,17;0,1,3,10,12,17,18,19,20;0,2,4,7,10,16;0,3,5,7,8,14,16;0,1,4,8,14;7,12,15,17,27,29;3,4,6,8,10,11,16,19,28;4,5,7,15,19;1,10,11,17,19,24,27,28,31;2,3,7,9,12,30;7,9,20,27;1,2,6,10,14,20,21,22;18,19,20,21,26,28,30;4,5,12,16,22,24,28,29;6,8,18,19,22,26;3,4,7,14,23;1,2,6,9,21,23,24,25;2,13,15,19,24,25;2,7,8,9,13,15,18,22,24,25,26,28,31;2,11,12,13,23,27,28,29,30;12,13,17,25;12,14,15,19,29;16,17,20,27,28;9,14,17,18,19,27;17,18,19,21,29;13,15,19,27,28;6,9,11,20,23,24,26,29,30;7,9,13,14,19,20,23,26,30,31;6,14,20,22,25,27;10,13,20,27,28;9,19,28
n1_1202_352_559 27 1,2,3,4,5;0,2,5,14,20,24;0,1,3,10,15,17,18;0,2,4,10,15,25;0,3,5,8,25;0,1,4,6,8,20;5,10,11,17,20,21,23;9,10,21,24;4,5,15,19,20,25;7,12,13,16,19,25;2,3,6,7,13,18,21,23,26;6,16,18,19,22,24,26;9,13,14,18,22,24,26;9,10,12,19,21,23;1,12,16,24,26;2,3,8,17,19,20;9,11,14,22,24;2,6,15,23,24,25,26;2,10,11,12,20,22,26;8,9,11,13,15,25;1,5,6,8,15,18,22;6,7,10,13;11,12,16,18,20;6,10,13,17,24,25;1,7,11,12,14,16,17,23,26;3,4,8,9,17,19,23;10,11,12,14,17,18,24
n1_1202_352_1002 29 1,2,3,4,5;0,2,5,14,20,24;0,1,3,15,17,18;0,2,4,10,15,25;0,3,5,7,8,13,19,26;0,1,4,6,7,8,20,24,26;5,10,11,17,19,20,21,23,27;4,5,9,11,12,18,24,26;4,5,14,15,19,20;7,11,13,14,25,27;3,6,13,18,21,23;6,7,9,13,16,19,25;7,13,14,18,22,24,27;4,9,10,11,12,17,19,21;1,8,9,12,16,24,27;2,3,8,17,20;11,14,17,18,22,24;2,6,13,15,16,21,24,25;2,7,10,12,16,20,22,28;4,6,8,11,13;1,5,6,8,15,18,22,28;6,10,13,17,25;12,16,18,20,28;6,10,24,25;1,5,7,12,14,16,17,23;3,9,11,17,21,23;4,5,7;6,9,12,14;18,20,22
n1_1202_474_2089 35 1,2,3,4,5;0,2,5,6,17,21,24,28,31;0,1,3,20,21,24;0,2,4,7,9,11,20,23,33;0,3,5,8,9,10,13,16,18,23,26,29,33;0,1,4,11,13,19,27;1,7,13,19,27,30;3,6,10,13,26,29,33;4,9,11,14,15,16,17;3,4,8,15,16,18,21,25,28,33;4,7,11,12,14,22,23,26,27,29,30,34;3,5,8,10,23,26,31;10,14,19,25,29,30,32;4,5,6,7,15,19,28,29,32;8,10,12,18,22,23,24,25,27,29;8,9,13,19,29;4,8,9,18,33;1,8,19,20,27,28,29,31,32,33;4,9,14,16,20;5,6,12,13,15,17,21,31;2,3,17,18,21,22,29;1,2,9,19,20,24;10,14,20,27,30,32,34;3,4,10,11,14,27;1,2,14,21,25,26;9,12,14,24,32;4,7,10,11,24,31,33;5,6,10,14,17,22,23,29;1,9,13,17,31;4,7,10,12,13,14,15,17,20,27;6,10,12,22,31,34;1,11,17,19,26,28,30;12,13,17,22,25;3,4,7,9,16,17,26;10,22,30
n1_1102_32_1669 31 1,2,3,4,5;0,2,5,12,17,18;0,1,3,8,12,19,20;0,2,4,8,9,14,20,23,25;0,3,5,9,11,16,23;0,1,4,7,13,24;7,10,11,14,16,21,26;5,6,11,12,13,14,21,24;2,3,9,12,19;3,4,8,11,14,22,24,26;6,16,17,18,19,20,27;4,6,7,9,12,19,25;1,2,7,8,11,17,19;5,7,14,16,21;3,6,7,9,13,19,23,25;16,17,18,20,21,22,26,30;4,6,10,13,15,22,25,26;1,10,12,15,18,21,22,23,24,29,30;1,10,15,17,20,25;2,8,10,11,12,14,20,27,28;2,3,10,15,18,19,25,27,28;6,7,13,15,17;9,15,16,17,24,26,29,30;3,4,14,17;5,7,9,17,22,25,26,29;3,11,14,16,18,20,24,26;6,9,15,16,22,24,25;10,19,20,28;19,20,27;17,22,24;15,17,22
n1_1102_32_2016 25 1,2,3,4,5;0,2,5,7,12,17,18;0,1,3,8,12,19,20;0,2,4,8,9,13,14,20,23;0,3,5,9,11,13,16,23;0,1,4,7,18,24;7,10,14,21,24;1,5,6,11,12,14,16,24;2,3,12,15,19,23;3,4,11,14,17,24;6,17,18,19,20;4,7,9,12;1,2,7,8,11,17,19;3,4,16,20,21,22;3,6,7,9,15,19,23;8,14,16,17,18,20,21,22,24;4,7,13,15,17,22;1,9,10,12,15,16,18,22,23,24;1,5,10,15,17,20;2,8,10,12,14,20;2,3,10,13,15,18,19;6,13,15,22,24;13,15,16,17,21,24;3,4,8,14,17;5,6,7,9,15,17,21,22
n1_1102_84_1060 31 1,2,3,4,5;0,2,5,9,10,16,17,25,27,28;0,1,3,9,13,16,22,27,28,29;0,2,4,14,21,23;0,3,5,12,18,21;0,1,4,6,17,18;5,8,10,11,12,25,30;12,13,14,15,29;6,10,15,16,22,23;1,2,12,16,19,24,27;1,6,8,11;6,10,15,18,19,26;4,6,7,9,13,19,22;2,7,12,14,19,20,24,25,28,29,30;3,7,13,15,21,22,24,25,30;7,8,11,14,16,23;1,2,8,9,15,22,23;1,5,18,25;4,5,11,17,19,26;9,11,12,13,18,26;13,24,29;3,4,14,25,26;2,8,12,14,16;3,8,15,16;9,13,14,20,30;1,6,13,14,17,21,26;11,18,19,21,25;1,2,9;1,2,13,29;2,7,13,20,28;6,13,14,24
n1_1102_120_1582 25 1,2,3,4,5;0,2,5,8,13,15;0,1,3,11,12;0,2,4,10,17,19,20,24;0,3,5,16,17,21,23;0,1,4,13,15,21;7,8,9,10,11,13,17;6,8,12,13,16,22;1,6,7,9,12,13,23,24;6,8,10,11,12,13,14,16,20,22,24;3,6,9,22;2,6,9,14,16,20;2,7,8,9,13,22;1,5,6,7,8,9,12,15,17,24;9,11,16,18,19,20;1,5,13,16,19,20,22,23;4,7,9,11,14,15,17;3,4,6,13,16,18,21;14,17,19,21,23;3,14,15,18,21,23;3,9,11,14,15,22;4,5,17,18,19;7,9,10,12,15,20;4,8,15,18,19;3,8,9,13
n1_1102_242_675 23 1,2,3,4,5;0,2,5,10,15,16,17;0,1,3,6,15;0,2,4,6,11,14,18;0,3,5,12,18,21;0,1,4,8,12;2,3,11,17,20,21;9,12,16,17;5,9,13,15,16,22;7,8,15,16,19,22;1,13,14,16,17,20;3,6,18,19,20;4,5,7,13,18,19;8,10,12,14,20;3,10,13,15,18;1,2,8,9,14,16,19,21,22;1,7,8,9,10,15,17,21;1,6,7,10,16,22;3,4,11,12,14,19;9,11,12,15,18;6,10,11,13,21;4,6,15,16,20;8,9,15,17
n1_1102_265_1056 35 1,2,3,4,5;0,2,5,6,9,10,11;0,1,3,8,10,13,14,16;0,2,4,16,20,21,26,31;0,3,5,7,18,19,31;0,1,4,6,7,15,26;1,5,7,8,9,10;4,5,6,8,11,12,15,28,33;2,6,7,9,11,12,13,14,16,27;1,6,8,10,14;1,2,6,9,13,15,30;1,7,8,12,31;7,8,11,13,33;2,8,10,12,14,17,18,19,34;2,8,9,13,17,19,20,22,31,34;5,7,10,18,22,30;2,3,8,21,22,23;13,14,24,26,27,28;4,13,15,19,33;4,13,14,18,20,29,32,34;3,14,19,21,29,31,33;3,16,20,22,23,26,30;14,15,16,21,30,33;16,21,26,30,32;17,26,27,28,32;26,31,32;3,5,17,21,23,24,25,27,32;8,17,24,26,28,29,31;7,17,24,27,29,31;19,20,27,28;10,15,21,22,23;3,4,11,14,20,25,27,28,32,33;19,23,24,25,26,31;7,12,18,20,22,31;13,14,19
n1_1102_265_1104 39 1,2,3,4,5;0,2,5,6,9,10,11;0,1,3,8,10,13,14,16,24;0,2,4,16,20,21,26,31;0,3,5,7,18,19,31;0,1,4,6,7,15,26;1,5,7,8,9,10,37;4,5,6,8,11,12,15,28,33;2,6,7,9,11,12,13,14,27,37;1,6,8,10,14,37;1,2,6,9,13,15,30;1,7,8,12,31;7,8,11,13,33;2,8,10,12,14,17,18,19;2,8,9,13,17,19,20,22,31,34,36;5,7,10,16,18,22;2,3,15,21,22,23;13,14,24,26,27,28,33;4,13,15,19,33;4,13,14,18,20,29,32;3,14,19,21,25,31,33;3,16,20,22,23,26,30;14,15,16,21,30,31,33,34,36;16,21,26,30,32;2,17,26,27,28,32;20,26,31,32,38;3,5,17,21,23,24,25,27,32;8,17,24,26,28,29,31,35;7,17,24,27,29,31,35;19,27,28,30;10,21,22,23,29;3,4,11,14,20,22,25,27,28,32,34,35,38;19,23,24,25,26,31,38;7,12,17,18,20,22;14,22,31,36;27,28,31;14,22,34;6,8,9;25,31,32
n1_1102_366_1192 27 1,2,3,4,5;0,2,5,8,20,22;0,1,3,22,23;0,2,4,10,15,16,17,19,23,26;0,3,5,6,9,11,17,19;0,1,4,9,10,11,25;4,7,9,11,12;6,8,13,14,15,25;1,7,9,12,15,20,22,24;4,5,6,8,10,11,14,19;3,5,9,12,16,19,25;4,5,6,9,17,18,22,23,24,25;6,8,10,13,16,18,24;7,12,14,19,20,25;7,9,13,20,21,23;3,7,8,16,26;3,10,12,15,17,23,26;3,4,11,16,18,19,22;11,12,17,19,24;3,4,9,10,13,17,18,20;1,8,13,14,19,21,23;14,20,22,23;1,2,8,11,17,21;2,3,11,14,16,20,21;8,11,12,18;5,7,10,11,13;3,15,16
n1_1201_179_730 28 1,2,3,4,5;0,2,5,17,24,27;0,1,3,9,11,21,24;0,2,4,10,11,16,18,20,21,25,26;0,3,5,8,10,22;0,1,4,7,8,13,15;8,9,20,22,25,27;5,8,13,23,24,25;4,5,6,7,15,17;2,6,10,13,20,22,26;3,4,9,13,14,17,22,25,26;2,3,15,18,19,20;16,19,21,24,25,26;5,7,9,10,22;10,15,19,22,23;5,8,11,14,19,21,23,25;3,12,20,24,25;1,8,10,24,25;3,11,20,22,27;11,12,14,15,22,26;3,6,9,11,16,18,27;2,3,12,15,24;4,6,9,10,13,14,18,19,23,24;7,14,15,22,25;1,2,7,12,16,17,21,22,27;3,6,7,10,12,15,16,17,23,26;3,9,10,12,19,25;1,6,18,20,24
n1_1201_280_461 14 1,2,3,4,5;0,2,5,6,7,10,11;0,1,3,7,11,13;0,2,4,8,9,13;0,3,5,8,9,12;0,1,4,6,10,12;1,5,7,8,10;1,2,6,8,11,12;3,4,6,7,9;3,4,8,10,11;1,5,6,9,11,12,13;1,2,7,9,10;4,5,7,10,13;2,3,10,12
n1_1101_35_709 33 1,2,3,4,5;0,2,5,6,7,11,14,21;0,1,3,11,17,24;0,2,4,24,25;0,3,5,14,18,25,27;0,1,4,9,15,18,21;1,7,8,9,10,11,14,32;1,6,12,13,14,18;6,9,10,12,13,21;5,6,8,10,15,16,28,29,30;6,8,9,16,17;1,2,6,17,20,27;7,8,13,18,19;7,8,12,19,23,28;1,4,6,7,15,20,21,32;5,9,14,16,17,21,22,32;9,10,15,17,22,28,30;2,10,11,15,16,23,24,29;4,5,7,12,19,25,26;12,13,18,20,26,27;11,14,19,21,27;1,5,8,14,15,20,22,27;15,16,21,23;13,17,22,24,29,31;2,3,17,23,25,31;3,4,18,24,26,30,31;18,19,25,28,30;4,11,19,20,21,28;9,13,16,26,27,29,30;9,17,23,28,30;9,16,25,26,28,29,31;23,24,25,30;6,14,15
n1_1101_99_458 23 1,2,3,4,5;0,2,5,8,9,11,15;0,1,3,15,19,20;0,2,4,13,18;0,3,5,12,13,14,16,19,22;0,1,4,9,16;7,8,9,10,11,12,18,20;6,8,11,12,13,14,18,21,22;1,6,7,9,10,12,14,15,17;1,5,6,8,10,11,17,20;6,8,9,13;1,6,7,9,17,18,22;4,6,7,8,16;3,4,7,10,14,18,19,20,21,22;4,7,8,13,15,21;1,2,8,14,16,20,21,22;4,5,12,15,20;8,9,11,22;3,6,7,11,13;2,4,13,20,22;2,6,9,13,15,16,19;7,13,14,15,22;4,7,11,13,15,17,19,21
n1_1101_144_781 35 1,2,3,4,5;0,2,5,7,12,16,17,28;0,1,3,7,11,12,13,34;0,2,4,13,22,23,34;0,3,5,14,18,23;0,1,4,6,9,10;5,10,11,20,29,30;1,2,10,12;9,11,15,16,23;5,8,10,15,16,18,24;5,6,7,9,11,16,18,33;2,6,8,10,12,16,33;1,2,7,11,13,20,21,24;2,3,12,21,22,23,34;4,15,18,21,26,29,31,32;8,9,14,20,25,26,27,30,32;1,8,9,10,11,19,27,33;1,18,20,25,27,28;4,9,10,14,17,19,27;16,18,27,28,29,30,31;6,12,15,17,21,25,29,30;12,13,14,20,22,30;3,13,21,23,24,30;3,4,8,13,22,24;9,12,22,23,25,29;15,17,20,24,30;14,15,28,29,32;15,16,17,18,19,28,31;1,17,19,26,27,31;6,14,19,20,24,26,30;6,15,19,20,21,22,25,29;14,19,27,28;14,15,26;10,11,16;2,3,13
