p30.r16#67692 30 1,2,3,4,5,6,7;0,7,8,9,10,2;0,1,10,11,3;0,2,11,12,4;0,3,12,13,14,5;0,4,14,15,6;0,5,15,16,7;0,6,16,8,1;1,7,16,17,18,9;1,8,18,19,20,10;1,9,20,11,2;2,10,20,21,22,12,3;3,11,22,13,4;4,12,22,23,24,25,14;4,13,25,15,5;5,14,25,26,27,16,6;6,15,27,17,8,7;8,16,27,28,18;8,17,28,19,9;9,18,28,29,21,20;9,19,21,11,10;11,20,19,29,23,22;11,21,23,13,12;13,22,21,29,24;13,23,29,26,25;13,24,26,15,14;15,25,24,29,27;15,26,29,28,17,16;17,27,29,19,18;19,28,27,26,24,23,21 12 run6
p30.r18#44130 30 1,2,3,4,5;0,5,6,7,2;0,1,7,8,3;0,2,8,9,10,4;0,3,10,11,12,5;0,4,12,13,6,1;1,5,13,14,15,7;1,6,15,16,8,2;2,7,16,17,9,3;3,8,17,18,10;3,9,18,19,11,4;4,10,19,20,21,12;4,11,21,13,5;5,12,21,22,14,6;6,13,22,23,15;6,14,23,24,25,16,7;7,15,25,17,8;8,16,25,26,18,9;9,17,26,19,10;10,18,26,27,20,11;11,19,27,28,21;11,20,28,22,13,12;13,21,28,23,14;14,22,28,24,15;15,23,28,29,25;15,24,29,26,17,16;17,25,29,27,19,18;19,26,29,28,20;20,27,29,24,23,22,21;24,28,27,26,25 24 run6
p30.r28#6883 30 1,2,3,4,5,6;0,6,7,8,9,2;0,1,9,10,3;0,2,10,11,4;0,3,11,12,13,5;0,4,13,14,6;0,5,14,15,7,1;1,6,15,16,8;1,7,16,17,9;1,8,17,18,10,2;2,9,18,11,3;3,10,18,19,12,4;4,11,19,20,13;4,12,20,21,22,14,5;5,13,22,15,6;6,14,22,23,24,16,7;7,15,24,25,17,8;8,16,25,26,27,18,9;9,17,27,19,11,10;11,18,27,28,20,12;12,19,28,29,21,13;13,20,29,23,22;13,21,23,15,14;15,22,21,29,24;15,23,29,25,16;16,24,29,26,17;17,25,29,28,27;17,26,28,19,18;19,27,26,29,20;20,28,26,25,24,23,21 25 run6
p31.r0#110529 31 1,2,3,4,5;0,5,6,7,8,9,10,2;0,1,10,11,3;0,2,11,12,13,4;0,3,13,14,15,5;0,4,15,6,1;1,5,15,16,7;1,6,16,17,18,8;1,7,18,19,9;1,8,19,20,21,10;1,9,21,11,2;2,10,21,22,23,12,3;3,11,23,24,13;3,12,24,25,14,4;4,13,25,26,15;4,14,26,27,16,6,5;6,15,27,17,7;7,16,27,28,29,18;7,17,29,19,8;8,18,29,20,9;9,19,29,30,22,21;9,20,22,11,10;11,21,20,30,23;11,22,30,24,12;12,23,30,28,25,13;13,24,28,26,14;14,25,28,27,15;15,26,28,17,16;17,27,26,25,24,30,29;17,28,30,20,19,18;20,29,28,24,23,22 27 run6
p31.r18#954159 31 1,2,3,4,5,6;0,6,7,8,9,2;0,1,9,10,3;0,2,10,11,4;0,3,11,12,13,5;0,4,13,14,15,16,6;0,5,16,7,1;1,6,16,17,18,8;1,7,18,19,9;1,8,19,20,21,10,2;2,9,21,11,3;3,10,21,22,12,4;4,11,22,23,13;4,12,23,14,5;5,13,23,24,25,15;5,14,25,26,17,16;5,15,17,7,6;7,16,15,26,27,18;7,17,27,19,8;8,18,27,28,20,9;9,19,28,29,21;9,20,29,22,11,10;11,21,29,24,23,12;12,22,24,14,13;14,23,22,29,30,25;14,24,30,26,15;15,25,30,27,17;17,26,30,28,19,18;19,27,30,29,20;20,28,30,24,22,21;24,29,28,27,26,25 13 run6
p31.r28#102694 31 1,2,3,4,5;0,5,6,7,8,2;0,1,8,9,10,3;0,2,10,11,4;0,3,11,12,13,14,5;0,4,14,15,6,1;1,5,15,16,17,7;1,6,17,18,8;1,7,18,19,9,2;2,8,19,20,10;2,9,20,21,11,3;3,10,21,22,12,4;4,11,22,23,13;4,12,23,24,14;4,13,24,15,5;5,14,24,25,16,6;6,15,25,26,17;6,16,26,27,18,7;7,17,27,19,8;8,18,27,28,20,9;9,19,28,21,10;10,20,28,29,22,11;11,21,29,23,12;12,22,29,30,25,24,13;13,23,25,15,14;15,24,23,30,26,16;16,25,30,27,17;17,26,30,28,19,18;19,27,30,29,21,20;21,28,30,23,22;23,29,28,27,26,25 13 run6
p31.r42#17098 31 1,2,3,4,5;0,5,6,7,8,2;0,1,8,9,3;0,2,9,10,4;0,3,10,11,12,13,5;0,4,13,14,6,1;1,5,14,15,7;1,6,15,16,17,18,8;1,7,18,19,9,2;2,8,19,20,10,3;3,9,20,21,11,4;4,10,21,22,23,12;4,11,23,24,13;4,12,24,14,5;5,13,24,25,15,6;6,14,25,16,7;7,15,25,26,17;7,16,26,27,28,18;7,17,28,19,8;8,18,28,20,9;9,19,28,29,21,10;10,20,29,22,11;11,21,29,27,30,23;11,22,30,25,24,12;12,23,25,14,13;14,24,23,30,26,16,15;16,25,30,27,17;17,26,30,22,29,28;17,27,29,20,19,18;20,28,27,22,21;22,27,26,25,23 6 run6
p31.r42#116798 31 1,2,3,4,5,6;0,6,7,8,2;0,1,8,9,10,3;0,2,10,11,4;0,3,11,12,13,5;0,4,13,14,15,6;0,5,15,7,1;1,6,15,16,17,18,8;1,7,18,19,9,2;2,8,19,20,10;2,9,20,21,11,3;3,10,21,22,12,4;4,11,22,23,13;4,12,23,14,5;5,13,23,24,25,16,15;5,14,16,7,6;7,15,14,25,17;7,16,25,26,18;7,17,26,19,8;8,18,26,27,20,9;9,19,27,28,21,10;10,20,28,29,22,11;11,21,29,24,23,12;12,22,24,14,13;14,23,22,29,30,25;14,24,30,27,26,17,16;17,25,27,19,18;19,26,25,30,28,20;20,27,30,29,21;21,28,30,24,22;24,29,28,27,25 12 run6
p31.r44#39434 31 1,2,3,4,5,6;0,6,7,8,9,2;0,1,9,10,3;0,2,10,11,12,4;0,3,12,13,5;0,4,13,14,6;0,5,14,15,7,1;1,6,15,16,8;1,7,16,17,18,9;1,8,18,10,2;2,9,18,19,11,3;3,10,19,20,21,12;3,11,21,22,23,13,4;4,12,23,14,5;5,13,23,24,25,15,6;6,14,25,16,7;7,15,25,26,27,17,8;8,16,27,28,29,18;8,17,29,19,10,9;10,18,29,20,11;11,19,29,28,21;11,20,28,30,22,12;12,21,30,26,24,23;12,22,24,14,13;14,23,22,26,25;14,24,26,16,15;16,25,24,22,30,27;16,26,30,28,17;17,27,30,21,20,29;17,28,20,19,18;21,28,27,26,22 23 run6
p31.r53#44224 31 1,2,3,4,5,6;0,6,7,8,9,2;0,1,9,10,3;0,2,10,11,4;0,3,11,12,13,5;0,4,13,14,15,6;0,5,15,7,1;1,6,15,16,17,8;1,7,17,18,19,9;1,8,19,10,2;2,9,19,20,21,11,3;3,10,21,22,12,4;4,11,22,23,13;4,12,23,14,5;5,13,23,24,15;5,14,24,16,7,6;7,15,24,25,26,17;7,16,26,18,8;8,17,26,27,20,19;8,18,20,10,9;10,19,18,27,21;10,20,27,28,29,22,11;11,21,29,23,12;12,22,29,30,24,14,13;14,23,30,25,16,15;16,24,30,28,27,26;16,25,27,18,17;18,26,25,28,21,20;21,27,25,30,29;21,28,30,23,22;23,29,28,25,24 26 run6
p31.r58#120498 31 1,2,3,4,5;0,5,6,7,8,2;0,1,8,9,10,11,3;0,2,11,12,4;0,3,12,13,5;0,4,13,14,15,6,1;1,5,15,16,7;1,6,16,17,8;1,7,17,18,9,2;2,8,18,19,10;2,9,19,20,21,11;2,10,21,12,3;3,11,21,22,23,13,4;4,12,23,14,5;5,13,23,24,25,26,15;5,14,26,27,16,6;6,15,27,17,7;7,16,27,28,18,8;8,17,28,19,9;9,18,28,29,20,10;10,19,29,24,22,21;10,20,22,12,11;12,21,20,24,23;12,22,24,14,13;14,23,22,20,29,25;14,24,29,30,26;14,25,30,27,15;15,26,30,28,17,16;17,27,30,29,19,18;19,28,30,25,24,20;25,29,28,27,26 25 run6
p32.r10#327517 32 1,2,3,4,5;0,5,6,7,2;0,1,7,8,3;0,2,8,9,10,11,4;0,3,11,12,13,5;0,4,13,14,6,1;1,5,14,15,16,7;1,6,16,17,18,8,2;2,7,18,9,3;3,8,18,19,10;3,9,19,20,11;3,10,20,12,4;4,11,20,21,22,23,13;4,12,23,14,5;5,13,23,24,15,6;6,14,24,25,16;6,15,25,26,17,7;7,16,26,27,28,18;7,17,28,19,9,8;9,18,28,29,20,10;10,19,29,21,12,11;12,20,29,30,22;12,21,30,31,23;12,22,31,24,14,13;14,23,31,25,15;15,24,31,26,16;16,25,31,30,27,17;17,26,30,29,28;17,27,29,19,18;19,28,27,30,21,20;21,29,27,26,31,22;22,30,26,25,24,23 15 run6
p32.r100#291339 32 1,2,3,4,5;0,5,6,7,8,2;0,1,8,9,10,3;0,2,10,11,4;0,3,11,12,13,14,5;0,4,14,6,1;1,5,14,15,16,17,7;1,6,17,18,8;1,7,18,9,2;2,8,18,19,20,21,10;2,9,21,22,11,3;3,10,22,12,4;4,11,22,23,24,13;4,12,24,25,15,14;4,13,15,6,5;6,14,13,25,16;6,15,25,26,17;6,16,26,27,18,7;7,17,27,19,9,8;9,18,27,28,20;9,19,28,29,21;9,20,29,22,10;10,21,29,23,12,11;12,22,29,30,24;12,23,30,25,13;13,24,30,31,26,16,15;16,25,31,27,17;17,26,31,28,19,18;19,27,31,30,29,20;20,28,30,23,22,21;23,29,28,31,25,24;25,30,28,27,26 26 run6
p32.r102#207475 32 1,2,3,4,5,6,7;0,7,8,9,10,2;0,1,10,11,3;0,2,11,12,13,4;0,3,13,14,5;0,4,14,15,6;0,5,15,16,7;0,6,16,8,1;1,7,16,17,18,9;1,8,18,19,20,21,10;1,9,21,11,2;2,10,21,12,3;3,11,21,22,23,13;3,12,23,24,14,4;4,13,24,15,5;5,14,24,25,26,27,16,6;6,15,27,17,8,7;8,16,27,28,18;8,17,28,19,9;9,18,28,29,20;9,19,29,30,22,21;9,20,22,12,11,10;12,21,20,30,23;12,22,30,24,13;13,23,30,25,15,14;15,24,30,31,26;15,25,31,28,27;15,26,28,17,16;17,27,26,31,29,19,18;19,28,31,30,20;20,29,31,25,24,23,22;25,30,29,28,26 2 run6
p32.r107#26748 32 1,2,3,4,5,6,7,8;0,8,9,10,2;0,1,10,11,3;0,2,11,12,4;0,3,12,13,5;0,4,13,14,15,6;0,5,15,16,17,7;0,6,17,18,8;0,7,18,9,1;1,8,18,19,20,21,22,10;1,9,22,11,2;2,10,22,23,24,12,3;3,11,24,13,4;4,12,24,25,26,14,5;5,13,26,27,28,15;5,14,28,16,6;6,15,28,29,17;6,16,29,19,18,7;7,17,19,9,8;9,18,17,29,30,20;9,19,30,31,21;9,20,31,26,25,23,22;9,21,23,11,10;11,22,21,25,24;11,23,25,13,12;13,24,23,21,26;13,25,21,31,27,14;14,26,31,30,29,28;14,27,29,16,15;16,28,27,30,19,17;19,29,27,31,20;20,30,27,26,21 22 run6
p32.r107#63159 32 1,2,3,4,5,6;0,6,7,8,9,2;0,1,9,10,11,3;0,2,11,12,4;0,3,12,13,14,5;0,4,14,15,6;0,5,15,7,1;1,6,15,16,17,8;1,7,17,18,9;1,8,18,10,2;2,9,18,19,20,11;2,10,20,21,22,12,3;3,11,22,13,4;4,12,22,23,24,14;4,13,24,16,15,5;5,14,16,7,6;7,15,14,24,25,17;7,16,25,26,27,28,18,8;8,17,28,19,10,9;10,18,28,29,20;10,19,29,21,11;11,20,29,30,22;11,21,30,23,13,12;13,22,30,31,26,25,24;13,23,25,16,14;16,24,23,26,17;17,25,23,31,27;17,26,31,29,28;17,27,29,19,18;19,28,27,31,30,21,20;21,29,31,23,22;23,30,29,27,26 15 run6
p32.r108#398556 32 1,2,3,4,5;0,5,6,7,8,2;0,1,8,9,3;0,2,9,10,11,12,4;0,3,12,13,5;0,4,13,14,6,1;1,5,14,15,16,7;1,6,16,17,8;1,7,17,18,9,2;2,8,18,10,3;3,9,18,19,11;3,10,19,20,12;3,11,20,13,4;4,12,20,21,14,5;5,13,21,22,23,15,6;6,14,23,24,25,16;6,15,25,17,7;7,16,25,18,8;8,17,25,26,19,10,9;10,18,26,27,28,20,11;11,19,28,29,21,13,12;13,20,29,22,14;14,21,29,30,23;14,22,30,24,15;15,23,30,31,25;15,24,31,26,18,17,16;18,25,31,27,19;19,26,31,30,28;19,27,30,29,20;20,28,30,22,21;22,29,28,27,31,24,23;24,30,27,26,25 31 run6
p32.r110#127734 32 1,2,3,4,5,6,7;0,7,8,9,2;0,1,9,10,3;0,2,10,11,12,4;0,3,12,13,5;0,4,13,14,6;0,5,14,15,7;0,6,15,16,8,1;1,7,16,17,18,9;1,8,18,19,20,10,2;2,9,20,11,3;3,10,20,21,22,12;3,11,22,13,4;4,12,22,23,24,14,5;5,13,24,15,6;6,14,24,25,26,16,7;7,15,26,17,8;8,16,26,27,28,18;8,17,28,19,9;9,18,28,29,20;9,19,29,21,11,10;11,20,29,30,23,22;11,21,23,13,12;13,22,21,30,31,24;13,23,31,25,15,14;15,24,31,27,26;15,25,27,17,16;17,26,25,31,30,29,28;17,27,29,19,18;19,28,27,30,21,20;21,29,27,31,23;23,30,27,25,24 16 run6
p32.r112#1400085 32 1,2,3,4,5,6;0,6,7,8,9,10,2;0,1,10,11,3;0,2,11,12,4;0,3,12,13,14,5;0,4,14,15,16,6;0,5,16,7,1;1,6,16,17,8;1,7,17,18,19,9;1,8,19,20,10;1,9,20,21,11,2;2,10,21,12,3;3,11,21,22,13,4;4,12,22,23,24,14;4,13,24,15,5;5,14,24,25,16;5,15,25,17,7,6;7,16,25,26,27,18,8;8,17,27,28,19;8,18,28,29,20,9;9,19,29,21,10;10,20,29,22,12,11;12,21,29,30,23,13;13,22,30,31,24;13,23,31,26,25,15,14;15,24,26,17,16;17,25,24,31,27;17,26,31,28,18;18,27,31,30,29,19;19,28,30,22,21,20;22,29,28,31,23;23,30,28,27,26,24 9 run6
p32.r113#415973 32 1,2,3,4,5,6;0,6,7,8,2;0,1,8,9,10,3;0,2,10,11,12,4;0,3,12,13,5;0,4,13,14,15,6;0,5,15,7,1;1,6,15,16,8;1,7,16,17,18,9,2;2,8,18,19,20,10;2,9,20,21,11,3;3,10,21,22,23,12;3,11,23,13,4;4,12,23,14,5;5,13,23,24,25,15;5,14,25,26,27,16,7,6;7,15,27,17,8;8,16,27,28,18;8,17,28,19,9;9,18,28,29,20;9,19,29,30,21,10;10,20,30,22,11;11,21,30,24,23;11,22,24,14,13,12;14,23,22,30,25;14,24,30,31,26,15;15,25,31,28,27;15,26,28,17,16;17,27,26,31,29,19,18;19,28,31,30,20;20,29,31,25,24,22,21;25,30,29,28,26 4 run6
p32.r117#28021 32 1,2,3,4,5,6;0,6,7,8,2;0,1,8,9,3;0,2,9,10,11,12,4;0,3,12,13,5;0,4,13,14,6;0,5,14,15,7,1;1,6,15,16,17,8;1,7,17,9,2;2,8,17,18,10,3;3,9,18,19,11;3,10,19,20,12;3,11,20,21,22,13,4;4,12,22,23,14,5;5,13,23,24,15,6;6,14,24,16,7;7,15,24,25,26,17;7,16,26,27,18,9,8;9,17,27,19,10;10,18,27,28,29,20,11;11,19,29,21,12;12,20,29,30,31,22;12,21,31,23,13;13,22,31,24,14;14,23,31,25,16,15;16,24,31,30,26;16,25,30,28,27,17;17,26,28,19,18;19,27,26,30,29;19,28,30,21,20;21,29,28,26,25,31;21,30,25,24,23,22 1 run6
p32.r120#70428 32 1,2,3,4,5;0,5,6,7,8,2;0,1,8,9,10,3;0,2,10,11,12,13,4;0,3,13,14,5;0,4,14,6,1;1,5,14,15,16,7;1,6,16,17,18,8;1,7,18,9,2;2,8,18,19,10;2,9,19,20,11,3;3,10,20,21,12;3,11,21,22,13;3,12,22,23,14,4;4,13,23,15,6,5;6,14,23,24,16;6,15,24,25,26,17,7;7,16,26,27,18;7,17,27,19,9,8;9,18,27,28,20,10;10,19,28,29,30,21,11;11,20,30,22,12;12,21,30,31,25,24,23,13;13,22,24,15,14;15,23,22,25,16;16,24,22,31,26;16,25,31,29,28,27,17;17,26,28,19,18;19,27,26,29,20;20,28,26,31,30;20,29,31,22,21;22,30,29,26,25 4 run6
p32.r120#147054 32 1,2,3,4,5,6;0,6,7,8,2;0,1,8,9,3;0,2,9,10,11,12,13,4;0,3,13,14,5;0,4,14,15,6;0,5,15,16,7,1;1,6,16,17,18,8;1,7,18,9,2;2,8,18,19,10,3;3,9,19,20,11;3,10,20,21,22,12;3,11,22,23,13;3,12,23,14,4;4,13,23,24,25,15,5;5,14,25,26,16,6;6,15,26,17,7;7,16,26,27,18;7,17,27,28,19,9,8;9,18,28,20,10;10,19,28,21,11;11,20,28,29,30,22;11,21,30,24,23,12;12,22,24,14,13;14,23,22,30,31,25;14,24,31,27,26,15;15,25,27,17,16;17,26,25,31,29,28,18;18,27,29,21,20,19;21,28,27,31,30;21,29,31,24,22;24,30,29,27,25 10 run6
p32.r123#252878 32 1,2,3,4,5,6;0,6,7,8,9,2;0,1,9,10,11,3;0,2,11,12,4;0,3,12,13,14,15,5;0,4,15,16,6;0,5,16,17,7,1;1,6,17,18,19,8;1,7,19,20,21,9;1,8,21,10,2;2,9,21,22,11;2,10,22,23,12,3;3,11,23,13,4;4,12,23,24,14;4,13,24,25,26,15;4,14,26,16,5;5,15,26,17,6;6,16,26,27,28,18,7;7,17,28,29,19;7,18,29,20,8;8,19,29,30,22,21;8,20,22,10,9;10,21,20,30,23,11;11,22,30,24,13,12;13,23,30,31,25,14;14,24,31,27,26;14,25,27,17,16,15;17,26,25,31,28;17,27,31,30,29,18;18,28,30,20,19;20,29,28,31,24,23,22;24,30,28,27,25 12 run6
p32.r124#32325 32 1,2,3,4,5,6;0,6,7,8,2;0,1,8,9,10,3;0,2,10,11,4;0,3,11,12,5;0,4,12,13,14,15,6;0,5,15,7,1;1,6,15,16,17,8;1,7,17,18,9,2;2,8,18,19,20,21,10;2,9,21,11,3;3,10,21,22,23,12,4;4,11,23,24,13,5;5,12,24,25,14;5,13,25,26,15;5,14,26,16,7,6;7,15,26,27,17;7,16,27,18,8;8,17,27,28,29,19,9;9,18,29,30,20;9,19,30,22,21;9,20,22,11,10;11,21,20,30,23;11,22,30,24,12;12,23,30,31,25,13;13,24,31,26,14;14,25,31,28,27,16,15;16,26,28,18,17;18,27,26,31,29;18,28,31,30,19;19,29,31,24,23,22,20;24,30,29,28,26,25 6 run6
p32.r126#4879 32 1,2,3,4,5;0,5,6,7,8,9,2;0,1,9,10,11,3;0,2,11,12,4;0,3,12,13,14,15,5;0,4,15,6,1;1,5,15,16,17,7;1,6,17,18,8;1,7,18,19,20,9;1,8,20,10,2;2,9,20,21,22,11;2,10,22,23,12,3;3,11,23,13,4;4,12,23,24,14;4,13,24,25,16,15;4,14,16,6,5;6,15,14,25,26,17;6,16,26,18,7;7,17,26,27,19,8;8,18,27,28,20;8,19,28,21,10,9;10,20,28,29,22;10,21,29,23,11;11,22,29,24,13,12;13,23,29,30,31,25,14;14,24,31,26,16;16,25,31,27,18,17;18,26,31,30,28,19;19,27,30,29,21,20;21,28,30,24,23,22;24,29,28,27,31;24,30,27,26,25 25 run6
p32.r15#36922 32 1,2,3,4,5;0,5,6,7,8,9,10,2;0,1,10,11,3;0,2,11,12,13,14,4;0,3,14,15,5;0,4,15,6,1;1,5,15,16,7;1,6,16,17,8;1,7,17,18,9;1,8,18,19,20,10;1,9,20,11,2;2,10,20,12,3;3,11,20,21,13;3,12,21,22,14;3,13,22,23,15,4;4,14,23,24,16,6,5;6,15,24,17,7;7,16,24,25,26,18,8;8,17,26,27,19,9;9,18,27,28,20;9,19,28,21,12,11,10;12,20,28,29,30,22,13;13,21,30,23,14;14,22,30,31,25,24,15;15,23,25,17,16;17,24,23,31,26;17,25,31,29,27,18;18,26,29,28,19;19,27,29,21,20;21,28,27,26,31,30;21,29,31,23,22;23,30,29,26,25 6 run6
p32.r15#66381 32 1,2,3,4,5,6;0,6,7,8,9,2;0,1,9,10,3;0,2,10,11,4;0,3,11,12,13,5;0,4,13,14,6;0,5,14,15,16,7,1;1,6,16,17,18,8;1,7,18,19,20,9;1,8,20,21,10,2;2,9,21,11,3;3,10,21,22,12,4;4,11,22,23,24,13;4,12,24,14,5;5,13,24,25,15,6;6,14,25,26,16;6,15,26,17,7;7,16,26,27,18;7,17,27,28,19,8;8,18,28,29,20;8,19,29,21,9;9,20,29,22,11,10;11,21,29,23,12;12,22,29,28,30,31,24;12,23,31,25,14,13;14,24,31,26,15;15,25,31,30,27,17,16;17,26,30,28,18;18,27,30,23,29,19;19,28,23,22,21,20;23,28,27,26,31;23,30,26,25,24 10 run6
p32.r17#118019 32 1,2,3,4,5;0,5,6,7,8,2;0,1,8,9,10,11,3;0,2,11,12,4;0,3,12,13,14,15,5;0,4,15,6,1;1,5,15,16,17,7;1,6,17,18,8;1,7,18,9,2;2,8,18,19,10;2,9,19,20,21,11;2,10,21,22,23,12,3;3,11,23,13,4;4,12,23,24,25,14;4,13,25,26,16,15;4,14,16,6,5;6,15,14,26,27,17;6,16,27,18,7;7,17,27,28,19,9,8;9,18,28,20,10;10,19,28,29,30,21;10,20,30,22,11;11,21,30,24,23;11,22,24,13,12;13,23,22,30,29,31,25;13,24,31,26,14;14,25,31,27,16;16,26,31,29,28,18,17;18,27,29,20,19;20,28,27,31,24,30;20,29,24,22,21;24,29,27,26,25 28 run6
p32.r18#304038 32 1,2,3,4,5;0,5,6,7,8,9,2;0,1,9,10,11,12,3;0,2,12,13,4;0,3,13,14,15,16,5;0,4,16,6,1;1,5,16,17,7;1,6,17,18,8;1,7,18,19,9;1,8,19,10,2;2,9,19,20,11;2,10,20,21,12;2,11,21,22,23,13,3;3,12,23,14,4;4,13,23,24,15;4,14,24,25,16;4,15,25,26,17,6,5;6,16,26,27,18,7;7,17,27,28,19,8;8,18,28,29,20,10,9;10,19,29,21,11;11,20,29,30,22,12;12,21,30,24,23;12,22,24,14,13;14,23,22,30,31,25,15;15,24,31,26,16;16,25,31,27,17;17,26,31,28,18;18,27,31,29,19;19,28,31,30,21,20;21,29,31,24,22;24,30,29,28,27,26,25 30 run6
p32.r21#119106 32 1,2,3,4,5;0,5,6,7,2;0,1,7,8,9,3;0,2,9,10,11,4;0,3,11,12,13,14,5;0,4,14,6,1;1,5,14,15,16,7;1,6,16,17,18,8,2;2,7,18,19,9;2,8,19,20,21,10,3;3,9,21,22,11;3,10,22,12,4;4,11,22,23,13;4,12,23,24,14;4,13,24,15,6,5;6,14,24,25,26,16;6,15,26,17,7;7,16,26,27,18;7,17,27,19,8;8,18,27,20,9;9,19,27,28,21;9,20,28,22,10;10,21,28,29,23,12,11;12,22,29,30,25,24,13;13,23,25,15,14;15,24,23,30,26;15,25,30,31,27,17,16;17,26,31,28,20,19,18;20,27,31,29,22,21;22,28,31,30,23;23,29,31,26,25;26,30,29,28,27 0 run6
p32.r29#27649 32 1,2,3,4,5,6;0,6,7,8,2;0,1,8,9,10,3;0,2,10,11,12,13,4;0,3,13,14,5;0,4,14,15,6;0,5,15,16,7,1;1,6,16,17,8;1,7,17,18,19,9,2;2,8,19,20,10;2,9,20,11,3;3,10,20,21,12;3,11,21,22,23,24,13;3,12,24,25,14,4;4,13,25,15,5;5,14,25,26,16,6;6,15,26,27,17,7;7,16,27,28,18,8;8,17,28,29,19;8,18,29,20,9;9,19,29,30,21,11,10;11,20,30,22,12;12,21,30,28,23;12,22,28,31,24;12,23,31,25,13;13,24,31,26,15,14;15,25,31,27,16;16,26,31,28,17;17,27,31,23,22,30,29,18;18,28,30,20,19;20,29,28,22,21;23,28,27,26,25,24 14 run6
p32.r29#120419 32 1,2,3,4,5;0,5,6,7,8,9,2;0,1,9,10,11,3;0,2,11,12,4;0,3,12,13,14,15,5;0,4,15,6,1;1,5,15,16,17,7;1,6,17,18,8;1,7,18,19,20,9;1,8,20,10,2;2,9,20,21,11;2,10,21,22,23,12,3;3,11,23,13,4;4,12,23,24,14;4,13,24,16,15;4,14,16,6,5;6,15,14,24,25,26,17;6,16,26,18,7;7,17,26,19,8;8,18,26,27,28,20;8,19,28,21,10,9;10,20,28,29,22,11;11,21,29,30,31,23;11,22,31,24,13,12;13,23,31,25,16,14;16,24,31,30,26;16,25,30,27,19,18,17;19,26,30,29,28;19,27,29,21,20;21,28,27,30,22;22,29,27,26,25,31;22,30,25,24,23 18 run7
p32.r34#290905 32 1,2,3,4,5,6;0,6,7,8,9,2;0,1,9,10,11,3;0,2,11,12,4;0,3,12,13,14,5;0,4,14,15,6;0,5,15,7,1;1,6,15,16,17,8;1,7,17,18,19,20,9;1,8,20,10,2;2,9,20,21,22,11;2,10,22,23,24,12,3;3,11,24,13,4;4,12,24,25,26,14;4,13,26,16,15,5;5,14,16,7,6;7,15,14,26,27,17;7,16,27,18,8;8,17,27,28,29,19;8,18,29,21,20;8,19,21,10,9;10,20,19,29,30,22;10,21,30,23,11;11,22,30,31,24;11,23,31,25,13,12;13,24,31,28,26;13,25,28,27,16,14;16,26,28,18,17;18,27,26,25,31,29;18,28,31,30,21,19;21,29,31,23,22;23,30,29,28,25,24 20 run6
p32.r35#267099 32 1,2,3,4,5,6;0,6,7,8,9,2;0,1,9,10,3;0,2,10,11,4;0,3,11,12,13,5;0,4,13,14,6;0,5,14,15,7,1;1,6,15,16,17,8;1,7,17,18,19,9;1,8,19,10,2;2,9,19,20,21,22,11,3;3,10,22,12,4;4,11,22,23,24,13;4,12,24,14,5;5,13,24,15,6;6,14,24,25,16,7;7,15,25,26,17;7,16,26,27,18,8;8,17,27,28,20,19;8,18,20,10,9;10,19,18,28,29,21;10,20,29,23,22;10,21,23,12,11;12,22,21,29,30,24;12,23,30,25,15,14,13;15,24,30,26,16;16,25,30,31,27,17;17,26,31,28,18;18,27,31,29,20;20,28,31,30,23,21;23,29,31,26,25,24;26,30,29,28,27 25 run6
p32.r36#295483 32 1,2,3,4,5,6;0,6,7,8,2;0,1,8,9,3;0,2,9,10,11,12,4;0,3,12,13,5;0,4,13,14,6;0,5,14,15,7,1;1,6,15,16,17,8;1,7,17,18,9,2;2,8,18,19,10,3;3,9,19,20,11;3,10,20,21,12;3,11,21,22,13,4;4,12,22,23,14,5;5,13,23,24,15,6;6,14,24,16,7;7,15,24,25,17;7,16,25,26,18,8;8,17,26,27,19,9;9,18,27,20,10;10,19,27,28,29,21,11;11,20,29,22,12;12,21,29,30,31,23,13;13,22,31,25,24,14;14,23,25,16,15;16,24,23,31,26,17;17,25,31,30,28,27,18;18,26,28,20,19;20,27,26,30,29;20,28,30,22,21;22,29,28,26,31;22,30,26,25,23 15 run6
p32.r37#34745 32 1,2,3,4,5;0,5,6,7,8,9,2;0,1,9,10,3;0,2,10,11,12,4;0,3,12,13,14,15,5;0,4,15,6,1;1,5,15,16,7;1,6,16,17,8;1,7,17,18,9;1,8,18,10,2;2,9,18,19,11,3;3,10,19,20,12;3,11,20,13,4;4,12,20,21,14;4,13,21,22,23,24,15;4,14,24,16,6,5;6,15,24,25,17,7;7,16,25,26,18,8;8,17,26,27,19,10,9;10,18,27,28,20,11;11,19,28,29,21,13,12;13,20,29,22,14;14,21,29,30,23;14,22,30,25,24;14,23,25,16,15;16,24,23,30,26,17;17,25,30,31,27,18;18,26,31,28,19;19,27,31,29,20;20,28,31,30,22,21;22,29,31,26,25,23;26,30,29,28,27 21 run6
p32.r37#256558 32 1,2,3,4,5;0,5,6,7,8,9,2;0,1,9,10,3;0,2,10,11,4;0,3,11,12,13,14,5;0,4,14,6,1;1,5,14,15,16,7;1,6,16,17,8;1,7,17,18,19,9;1,8,19,10,2;2,9,19,20,21,11,3;3,10,21,22,12,4;4,11,22,23,24,13;4,12,24,25,15,14;4,13,15,6,5;6,14,13,25,26,16;6,15,26,17,7;7,16,26,27,18,8;8,17,27,28,20,19;8,18,20,10,9;10,19,18,28,21;10,20,28,29,22,11;11,21,29,23,12;12,22,29,30,31,24;12,23,31,25,13;13,24,31,26,15;15,25,31,30,27,17,16;17,26,30,28,18;18,27,30,29,21,20;21,28,30,23,22;23,29,28,27,26,31;23,30,26,25,24 0 run6
p32.r38#30440 32 1,2,3,4,5;0,5,6,7,8,9,2;0,1,9,10,3;0,2,10,11,12,13,14,4;0,3,14,15,5;0,4,15,6,1;1,5,15,16,7;1,6,16,17,8;1,7,17,18,9;1,8,18,19,10,2;2,9,19,11,3;3,10,19,20,12;3,11,20,21,13;3,12,21,22,14;3,13,22,23,15,4;4,14,23,24,16,6,5;6,15,24,25,17,7;7,16,25,26,18,8;8,17,26,27,19,9;9,18,27,20,11,10;11,19,27,28,29,21,12;12,20,29,22,13;13,21,29,30,31,23,14;14,22,31,24,15;15,23,31,25,16;16,24,31,30,28,26,17;17,25,28,27,18;18,26,28,20,19;20,27,26,25,30,29;20,28,30,22,21;22,29,28,25,31;22,30,25,24,23 30 run6
p32.r39#91208 32 1,2,3,4,5,6;0,6,7,8,9,2;0,1,9,10,11,3;0,2,11,12,4;0,3,12,13,14,5;0,4,14,15,6;0,5,15,7,1;1,6,15,16,17,8;1,7,17,18,19,20,9;1,8,20,10,2;2,9,20,21,22,11;2,10,22,12,3;3,11,22,23,24,13,4;4,12,24,25,14;4,13,25,26,16,15,5;5,14,16,7,6;7,15,14,26,27,17;7,16,27,18,8;8,17,27,28,19;8,18,28,29,21,20;8,19,21,10,9;10,20,19,29,30,23,22;10,21,23,12,11;12,22,21,30,24;12,23,30,25,13;13,24,30,31,26,14;14,25,31,28,27,16;16,26,28,18,17;18,27,26,31,29,19;19,28,31,30,21;21,29,31,25,24,23;25,30,29,28,26 29 run6
p32.r43#13950 32 1,2,3,4,5;0,5,6,7,8,9,2;0,1,9,10,3;0,2,10,11,12,13,4;0,3,13,14,5;0,4,14,15,6,1;1,5,15,16,7;1,6,16,17,8;1,7,17,18,19,9;1,8,19,20,21,10,2;2,9,21,11,3;3,10,21,22,12;3,11,22,23,13;3,12,23,14,4;4,13,23,24,15,5;5,14,24,25,16,6;6,15,25,26,17,7;7,16,26,27,18,8;8,17,27,28,29,19;8,18,29,20,9;9,19,29,22,21;9,20,22,11,10;11,21,20,29,28,30,23,12;12,22,30,24,14,13;14,23,30,25,15;15,24,30,31,26,16;16,25,31,27,17;17,26,31,28,18;18,27,31,30,22,29;18,28,22,20,19;22,28,31,25,24,23;25,30,28,27,26 31 run6
p32.r43#66877 32 1,2,3,4,5,6;0,6,7,8,9,2;0,1,9,10,3;0,2,10,11,12,13,4;0,3,13,14,5;0,4,14,15,16,6;0,5,16,7,1;1,6,16,17,8;1,7,17,18,19,9;1,8,19,10,2;2,9,19,11,3;3,10,19,20,12;3,11,20,21,13;3,12,21,22,14,4;4,13,22,15,5;5,14,22,23,24,25,16;5,15,25,17,7,6;7,16,25,26,18,8;8,17,26,27,28,19;8,18,28,20,11,10,9;11,19,28,29,21,12;12,20,29,30,22,13;13,21,30,23,15,14;15,22,30,31,24;15,23,31,27,26,25;15,24,26,17,16;17,25,24,27,18;18,26,24,31,29,28;18,27,29,20,19;20,28,27,31,30,21;21,29,31,23,22;23,30,29,27,24 10 run6
p32.r50#268726 32 1,2,3,4,5;0,5,6,7,8,2;0,1,8,9,3;0,2,9,10,4;0,3,10,11,12,5;0,4,12,13,6,1;1,5,13,14,7;1,6,14,15,16,8;1,7,16,17,18,9,2;2,8,18,19,10,3;3,9,19,20,21,11,4;4,10,21,22,12;4,11,22,23,13,5;5,12,23,14,6;6,13,23,15,7;7,14,23,24,25,16;7,15,25,17,8;8,16,25,26,18;8,17,26,27,19,9;9,18,27,20,10;10,19,27,28,21;10,20,28,29,22,11;11,21,29,23,12;12,22,29,24,15,14,13;15,23,29,30,25;15,24,30,31,26,17,16;17,25,31,27,18;18,26,31,28,20,19;20,27,31,30,29,21;21,28,30,24,23,22;24,29,28,31,25;25,30,28,27,26 3 run6
p32.r51#139316 32 1,2,3,4,5;0,5,6,7,8,2;0,1,8,9,10,3;0,2,10,11,12,4;0,3,12,13,5;0,4,13,6,1;1,5,13,14,15,7;1,6,15,16,17,8;1,7,17,18,19,9,2;2,8,19,20,21,10;2,9,21,11,3;3,10,21,22,12;3,11,22,23,13,4;4,12,23,14,6,5;6,13,23,24,15;6,14,24,25,16,7;7,15,25,26,17;7,16,26,18,8;8,17,26,27,28,19;8,18,28,20,9;9,19,28,29,22,21;9,20,22,11,10;11,21,20,29,30,23,12;12,22,30,24,14,13;14,23,30,31,25,15;15,24,31,27,26,16;16,25,27,18,17;18,26,25,31,29,28;18,27,29,20,19;20,28,27,31,30,22;22,29,31,24,23;24,30,29,27,25 19 run6
p32.r54#953 32 1,2,3,4,5,6,7;0,7,8,9,10,2;0,1,10,11,3;0,2,11,12,4;0,3,12,13,5;0,4,13,14,15,6;0,5,15,16,7;0,6,16,8,1;1,7,16,17,9;1,8,17,18,19,20,10;1,9,20,11,2;2,10,20,21,22,12,3;3,11,22,13,4;4,12,22,23,24,14,5;5,13,24,25,15;5,14,25,26,16,6;6,15,26,27,17,8,7;8,16,27,18,9;9,17,27,28,29,19;9,18,29,30,21,20;9,19,21,11,10;11,20,19,30,22;11,21,30,23,13,12;13,22,30,31,24;13,23,31,25,14;14,24,31,28,26,15;15,25,28,27,16;16,26,28,18,17;18,27,26,25,31,29;18,28,31,30,19;19,29,31,23,22,21;23,30,29,28,25,24 14 run7
p32.r54#96145 32 1,2,3,4,5;0,5,6,7,8,9,2;0,1,9,10,3;0,2,10,11,12,4;0,3,12,13,14,5;0,4,14,6,1;1,5,14,15,16,7;1,6,16,17,18,8;1,7,18,19,9;1,8,19,20,10,2;2,9,20,21,11,3;3,10,21,22,12;3,11,22,13,4;4,12,22,23,24,14;4,13,24,15,6,5;6,14,24,25,16;6,15,25,17,7;7,16,25,26,27,18;7,17,27,19,8;8,18,27,28,29,20,9;9,19,29,21,10;10,20,29,30,23,22,11;11,21,23,13,12;13,22,21,30,31,24;13,23,31,25,15,14;15,24,31,26,17,16;17,25,31,30,28,27;17,26,28,19,18;19,27,26,30,29;19,28,30,21,20;21,29,28,26,31,23;23,30,26,25,24 2 run6
p32.r56#930062 32 1,2,3,4,5;0,5,6,7,2;0,1,7,8,9,10,3;0,2,10,11,4;0,3,11,12,5;0,4,12,13,14,6,1;1,5,14,15,7;1,6,15,16,8,2;2,7,16,17,18,9;2,8,18,19,10;2,9,19,11,3;3,10,19,20,21,12,4;4,11,21,13,5;5,12,21,22,23,14;5,13,23,24,15,6;6,14,24,25,16,7;7,15,25,26,17,8;8,16,26,27,18;8,17,27,28,19,9;9,18,28,20,11,10;11,19,28,29,21;11,20,29,22,13,12;13,21,29,30,31,23;13,22,31,24,14;14,23,31,25,15;15,24,31,30,26,16;16,25,30,27,17;17,26,30,29,28,18;18,27,29,20,19;20,28,27,30,22,21;22,29,27,26,25,31;22,30,25,24,23 0 run6
p32.r58#259272 32 1,2,3,4,5;0,5,6,7,2;0,1,7,8,9,3;0,2,9,10,11,4;0,3,11,12,13,5;0,4,13,6,1;1,5,13,14,15,16,7;1,6,16,17,8,2;2,7,17,18,19,9;2,8,19,20,21,10,3;3,9,21,22,11;3,10,22,12,4;4,11,22,23,13;4,12,23,14,6,5;6,13,23,24,25,26,15;6,14,26,27,16;6,15,27,17,7;7,16,27,18,8;8,17,27,28,19;8,18,28,29,20,9;9,19,29,30,21;9,20,30,22,10;10,21,30,24,23,12,11;12,22,24,14,13;14,23,22,30,29,25;14,24,29,31,26;14,25,31,27,15;15,26,31,28,18,17,16;18,27,31,29,19;19,28,31,25,24,30,20;20,29,24,22,21;25,29,28,27,26 30 run6
p32.r61#129088 32 1,2,3,4,5;0,5,6,7,8,9,2;0,1,9,10,3;0,2,10,11,12,4;0,3,12,13,14,5;0,4,14,6,1;1,5,14,15,16,7;1,6,16,17,8;1,7,17,18,9;1,8,18,10,2;2,9,18,19,11,3;3,10,19,20,21,12;3,11,21,13,4;4,12,21,22,23,14;4,13,23,15,6,5;6,14,23,24,25,16;6,15,25,26,17,7;7,16,26,27,18,8;8,17,27,28,19,10,9;10,18,28,20,11;11,19,28,29,21;11,20,29,22,13,12;13,21,29,30,24,23;13,22,24,15,14;15,23,22,30,25;15,24,30,31,26,16;16,25,31,27,17;17,26,31,28,18;18,27,31,30,29,20,19;20,28,30,22,21;22,29,28,31,25,24;25,30,28,27,26 2 run6
p32.r62#15615 32 1,2,3,4,5,6,7;0,7,8,9,10,2;0,1,10,11,3;0,2,11,12,13,4;0,3,13,14,15,5;0,4,15,16,6;0,5,16,17,7;0,6,17,8,1;1,7,17,18,9;1,8,18,19,20,21,10;1,9,21,11,2;2,10,21,12,3;3,11,21,22,23,24,13;3,12,24,14,4;4,13,24,25,15;4,14,25,26,27,16,5;5,15,27,17,6;6,16,27,28,18,8,7;8,17,28,19,9;9,18,28,29,20;9,19,29,22,21;9,20,22,12,11,10;12,21,20,29,23;12,22,29,30,25,24;12,23,25,14,13;14,24,23,30,26,15;15,25,30,31,27;15,26,31,28,17,16;17,27,31,29,19,18;19,28,31,30,23,22,20;23,29,31,26,25;26,30,29,28,27 11 run7
p32.r62#129406 32 1,2,3,4,5;0,5,6,7,8,2;0,1,8,9,3;0,2,9,10,11,4;0,3,11,12,13,5;0,4,13,14,6,1;1,5,14,15,7;1,6,15,16,8;1,7,16,17,9,2;2,8,17,18,10,3;3,9,18,19,20,11;3,10,20,12,4;4,11,20,21,22,13;4,12,22,14,5;5,13,22,23,24,15,6;6,14,24,25,16,7;7,15,25,26,17,8;8,16,26,27,18,9;9,17,27,19,10;10,18,27,28,20;10,19,28,21,12,11;12,20,28,29,22;12,21,29,23,14,13;14,22,29,30,24;14,23,30,25,15;15,24,30,31,26,16;16,25,31,27,17;17,26,31,28,19,18;19,27,31,29,21,20;21,28,31,30,23,22;23,29,31,25,24;25,30,29,28,27,26 6 run6
p32.r63#693921 32 1,2,3,4,5,6;0,6,7,8,9,10,2;0,1,10,11,3;0,2,11,12,13,14,4;0,3,14,15,5;0,4,15,16,17,6;0,5,17,7,1;1,6,17,18,8;1,7,18,19,20,21,9;1,8,21,22,10;1,9,22,11,2;2,10,22,23,12,3;3,11,23,24,13;3,12,24,25,26,14;3,13,26,15,4;4,14,26,16,5;5,15,26,27,18,17;5,16,18,7,6;7,17,16,27,19,8;8,18,27,28,20;8,19,28,29,21;8,20,29,30,22,9;9,21,30,23,11,10;11,22,30,24,12;12,23,30,31,25,13;13,24,31,28,26;13,25,28,27,16,15,14;16,26,28,19,18;19,27,26,25,31,29,20;20,28,31,30,21;21,29,31,24,23,22;24,30,29,28,25 29 run6
p32.r64#981796 32 1,2,3,4,5,6,7;0,7,8,9,10,2;0,1,10,11,12,3;0,2,12,13,4;0,3,13,14,5;0,4,14,15,6;0,5,15,16,17,7;0,6,17,8,1;1,7,17,18,19,9;1,8,19,20,10;1,9,20,21,11,2;2,10,21,22,23,12;2,11,23,13,3;3,12,23,24,25,14,4;4,13,25,15,5;5,14,25,26,16,6;6,15,26,27,18,17;6,16,18,8,7;8,17,16,27,28,19;8,18,28,20,9;9,19,28,29,21,10;10,20,29,22,11;11,21,29,30,24,23;11,22,24,13,12;13,23,22,30,25;13,24,30,31,26,15,14;15,25,31,27,16;16,26,31,28,18;18,27,31,30,29,20,19;20,28,30,22,21;22,29,28,31,25,24;25,30,28,27,26 12 run6
p32.r65#49853 32 1,2,3,4,5,6,7;0,7,8,9,10,2;0,1,10,11,3;0,2,11,12,4;0,3,12,13,5;0,4,13,14,6;0,5,14,15,7;0,6,15,16,8,1;1,7,16,17,9;1,8,17,18,10;1,9,18,19,20,11,2;2,10,20,21,12,3;3,11,21,22,23,13,4;4,12,23,14,5;5,13,23,24,25,15,6;6,14,25,26,16,7;7,15,26,17,8;8,16,26,27,28,18,9;9,17,28,19,10;10,18,28,29,30,31,20;10,19,31,21,11;11,20,31,22,12;12,21,31,30,24,23;12,22,24,14,13;14,23,22,30,25;14,24,30,29,27,26,15;15,25,27,17,16;17,26,25,29,28;17,27,29,19,18;19,28,27,25,30;19,29,25,24,22,31;19,30,22,21,20 24 run6
p32.r66#347903 32 1,2,3,4,5;0,5,6,7,8,2;0,1,8,9,3;0,2,9,10,4;0,3,10,11,12,13,5;0,4,13,14,6,1;1,5,14,15,16,7;1,6,16,17,18,8;1,7,18,19,9,2;2,8,19,20,10,3;3,9,20,21,11,4;4,10,21,22,12;4,11,22,23,13;4,12,23,14,5;5,13,23,24,15,6;6,14,24,25,26,16;6,15,26,17,7;7,16,26,27,18;7,17,27,28,19,8;8,18,28,20,9;9,19,28,29,21,10;10,20,29,22,11;11,21,29,30,31,23,12;12,22,31,24,14,13;14,23,31,25,15;15,24,31,30,26;15,25,30,27,17,16;17,26,30,29,28,18;18,27,29,20,19;20,28,27,30,22,21;22,29,27,26,25,31;22,30,25,24,23 21 run6
p32.r69#311034 32 1,2,3,4,5,6;0,6,7,8,2;0,1,8,9,3;0,2,9,10,11,4;0,3,11,12,13,5;0,4,13,14,6;0,5,14,15,7,1;1,6,15,16,17,8;1,7,17,18,9,2;2,8,18,19,10,3;3,9,19,20,11;3,10,20,21,22,12,4;4,11,22,23,13;4,12,23,24,14,5;5,13,24,25,26,15,6;6,14,26,16,7;7,15,26,27,28,17;7,16,28,18,8;8,17,28,19,9;9,18,28,29,20,10;10,19,29,21,11;11,20,29,30,22;11,21,30,23,12;12,22,30,31,24,13;13,23,31,25,14;14,24,31,27,26;14,25,27,16,15;16,26,25,31,30,29,28;16,27,29,19,18,17;19,28,27,30,21,20;21,29,27,31,23,22;23,30,27,25,24 25 run6
p32.r69#1883678 32 1,2,3,4,5,6;0,6,7,8,9,10,2;0,1,10,11,12,3;0,2,12,13,4;0,3,13,14,5;0,4,14,15,16,6;0,5,16,7,1;1,6,16,17,8;1,7,17,18,9;1,8,18,19,20,10;1,9,20,11,2;2,10,20,21,12;2,11,21,22,13,3;3,12,22,23,14,4;4,13,23,24,25,15,5;5,14,25,26,16;5,15,26,17,7,6;7,16,26,27,18,8;8,17,27,28,19,9;9,18,28,29,20;9,19,29,21,11,10;11,20,29,30,22,12;12,21,30,23,13;13,22,30,24,14;14,23,30,31,25;14,24,31,27,26,15;15,25,27,17,16;17,26,25,31,28,18;18,27,31,30,29,19;19,28,30,21,20;21,29,28,31,24,23,22;24,30,28,27,25 4 run6
p32.r74#87278 32 1,2,3,4,5;0,5,6,7,8,9,2;0,1,9,10,11,3;0,2,11,12,13,14,4;0,3,14,15,5;0,4,15,16,6,1;1,5,16,17,7;1,6,17,18,19,8;1,7,19,20,9;1,8,20,21,10,2;2,9,21,22,11;2,10,22,12,3;3,11,22,23,13;3,12,23,24,14;3,13,24,25,15,4;4,14,25,26,16,5;5,15,26,17,6;6,16,26,18,7;7,17,26,27,28,19;7,18,28,20,8;8,19,28,29,30,21,9;9,20,30,22,10;10,21,30,31,23,12,11;12,22,31,24,13;13,23,31,29,27,25,14;14,24,27,26,15;15,25,27,18,17,16;18,26,25,24,29,28;18,27,29,20,19;20,28,27,24,31,30;20,29,31,22,21;22,30,29,24,23 21 run6
p32.r76#76176 32 1,2,3,4,5,6;0,6,7,8,2;0,1,8,9,3;0,2,9,10,11,12,4;0,3,12,13,5;0,4,13,14,6;0,5,14,15,7,1;1,6,15,16,17,18,19,20,8;1,7,20,9,2;2,8,20,21,22,10,3;3,9,22,23,11;3,10,23,24,25,26,12;3,11,26,27,13,4;4,12,27,14,5;5,13,27,28,15,6;6,14,28,16,7;7,15,28,29,17;7,16,29,25,30,18;7,17,30,31,19;7,18,31,21,20;7,19,21,9,8;9,20,19,31,22;9,21,31,23,10;10,22,31,24,11;11,23,31,30,25;11,24,30,17,29,26;11,25,29,27,12;12,26,29,28,14,13;14,27,29,16,15;16,28,27,26,25,17;17,25,24,31,18;18,30,24,23,22,21,19 30 run6
p32.r78#471553 32 1,2,3,4,5,6;0,6,7,8,9,2;0,1,9,10,3;0,2,10,11,4;0,3,11,12,13,5;0,4,13,14,15,16,6;0,5,16,7,1;1,6,16,17,18,8;1,7,18,19,20,21,9;1,8,21,10,2;2,9,21,22,23,11,3;3,10,23,12,4;4,11,23,24,25,13;4,12,25,14,5;5,13,25,26,27,15;5,14,27,17,16;5,15,17,7,6;7,16,15,27,28,18;7,17,28,19,8;8,18,28,29,20;8,19,29,30,22,21;8,20,22,10,9;10,21,20,30,24,23;10,22,24,12,11;12,23,22,30,31,25;12,24,31,26,14,13;14,25,31,29,27;14,26,29,28,17,15;17,27,29,19,18;19,28,27,26,31,30,20;20,29,31,24,22;24,30,29,26,25 30 run7
p32.r78#1095480 32 1,2,3,4,5;0,5,6,7,8,2;0,1,8,9,3;0,2,9,10,4;0,3,10,11,12,5;0,4,12,13,14,15,6,1;1,5,15,16,7;1,6,16,17,8;1,7,17,18,9,2;2,8,18,19,10,3;3,9,19,20,11,4;4,10,20,21,22,23,12;4,11,23,13,5;5,12,23,24,14;5,13,24,25,15;5,14,25,26,27,16,6;6,15,27,17,7;7,16,27,28,18,8;8,17,28,19,9;9,18,28,20,10;10,19,28,29,21,11;11,20,29,30,22;11,21,30,24,23;11,22,24,13,12;13,23,22,30,31,25,14;14,24,31,26,15;15,25,31,29,27;15,26,29,28,17,16;17,27,29,20,19,18;20,28,27,26,31,30,21;21,29,31,24,22;24,30,29,26,25 14 run6
p32.r79#121568 32 1,2,3,4,5,6;0,6,7,8,9,2;0,1,9,10,3;0,2,10,11,12,4;0,3,12,13,5;0,4,13,14,15,16,6;0,5,16,7,1;1,6,16,17,18,8;1,7,18,19,20,9;1,8,20,21,10,2;2,9,21,22,11,3;3,10,22,23,24,12;3,11,24,13,4;4,12,24,25,14,5;5,13,25,26,27,15;5,14,27,17,16;5,15,17,7,6;7,16,15,27,28,18;7,17,28,19,8;8,18,28,29,20;8,19,29,30,21,9;9,20,30,22,10;10,21,30,23,11;11,22,30,29,31,24;11,23,31,25,13,12;13,24,31,26,14;14,25,31,29,27;14,26,29,28,17,15;17,27,29,19,18;19,28,27,26,31,23,30,20;20,29,23,22,21;23,29,26,25,24 19 run6
p32.r80#3811 32 1,2,3,4,5,6,7;0,7,8,9,10,2;0,1,10,11,12,3;0,2,12,13,4;0,3,13,14,5;0,4,14,15,6;0,5,15,16,7;0,6,16,8,1;1,7,16,17,18,9;1,8,18,19,20,10;1,9,20,11,2;2,10,20,21,12;2,11,21,22,13,3;3,12,22,23,14,4;4,13,23,24,15,5;5,14,24,25,17,16,6;6,15,17,8,7;8,16,15,25,26,18;8,17,26,27,19,9;9,18,27,28,20;9,19,28,21,11,10;11,20,28,29,30,22,12;12,21,30,23,13;13,22,30,31,24,14;14,23,31,25,15;15,24,31,26,17;17,25,31,29,27,18;18,26,29,28,19;19,27,29,21,20;21,28,27,26,31,30;21,29,31,23,22;23,30,29,26,25,24 11 run6
p32.r83#1336 32 1,2,3,4,5;0,5,6,7,8,2;0,1,8,9,3;0,2,9,10,4;0,3,10,11,12,5;0,4,12,13,6,1;1,5,13,14,15,7;1,6,15,16,8;1,7,16,17,18,9,2;2,8,18,19,10,3;3,9,19,20,11,4;4,10,20,21,22,23,12;4,11,23,13,5;5,12,23,14,6;6,13,23,22,24,25,15;6,14,25,16,7;7,15,25,17,8;8,16,25,26,27,28,18;8,17,28,19,9;9,18,28,29,30,20,10;10,19,30,21,11;11,20,30,31,22;11,21,31,24,14,23;11,22,14,13,12;14,22,31,26,25;14,24,26,17,16,15;17,25,24,31,27;17,26,31,29,28;17,27,29,19,18;19,28,27,31,30;19,29,31,21,20;21,30,29,27,26,24,22 24 run6
p32.r84#686339 32 1,2,3,4,5;0,5,6,7,8,9,10,2;0,1,10,11,3;0,2,11,12,13,4;0,3,13,14,15,5;0,4,15,6,1;1,5,15,16,7;1,6,16,17,8;1,7,17,18,9;1,8,18,19,20,10;1,9,20,11,2;2,10,20,21,12,3;3,11,21,22,23,13;3,12,23,14,4;4,13,23,24,15;4,14,24,16,6,5;6,15,24,25,26,17,7;7,16,26,27,18,8;8,17,27,28,19,9;9,18,28,29,20;9,19,29,21,11,10;11,20,29,30,22,12;12,21,30,31,25,24,23;12,22,24,14,13;14,23,22,25,16,15;16,24,22,31,26;16,25,31,27,17;17,26,31,30,28,18;18,27,30,29,19;19,28,30,21,20;21,29,28,27,31,22;22,30,27,26,25 23 run7
p32.r85#21994 32 1,2,3,4,5,6;0,6,7,8,9,10,2;0,1,10,11,3;0,2,11,12,13,4;0,3,13,14,5;0,4,14,15,6;0,5,15,16,17,7,1;1,6,17,18,19,8;1,7,19,20,9;1,8,20,21,10;1,9,21,11,2;2,10,21,22,12,3;3,11,22,23,13;3,12,23,24,14,4;4,13,24,25,26,15,5;5,14,26,16,6;6,15,26,27,17;6,16,27,18,7;7,17,27,28,19;7,18,28,29,20,8;8,19,29,30,21,9;9,20,30,22,11,10;11,21,30,23,12;12,22,30,24,13;13,23,30,29,31,25,14;14,24,31,27,26;14,25,27,16,15;16,26,25,31,28,18,17;18,27,31,29,19;19,28,31,24,30,20;20,29,24,23,22,21;24,29,28,27,25 2 run6
p32.r85#84127 32 1,2,3,4,5,6;0,6,7,8,9,10,2;0,1,10,11,3;0,2,11,12,13,14,4;0,3,14,15,5;0,4,15,16,17,18,6;0,5,18,7,1;1,6,18,19,8;1,7,19,20,9;1,8,20,21,22,10;1,9,22,23,11,2;2,10,23,12,3;3,11,23,24,13;3,12,24,25,14;3,13,25,15,4;4,14,25,16,5;5,15,25,26,27,17;5,16,27,19,18;5,17,19,7,6;7,18,17,27,28,20,8;8,19,28,29,21,9;9,20,29,30,22;9,21,30,23,10;10,22,30,24,12,11;12,23,30,31,25,13;13,24,31,26,16,15,14;16,25,31,29,28,27;16,26,28,19,17;19,27,26,29,20;20,28,26,31,30,21;21,29,31,24,23,22;24,30,29,26,25 13 run6
p32.r86#1795786 32 1,2,3,4,5;0,5,6,7,8,9,2;0,1,9,10,11,12,3;0,2,12,13,4;0,3,13,14,15,16,5;0,4,16,6,1;1,5,16,17,7;1,6,17,18,8;1,7,18,19,9;1,8,19,10,2;2,9,19,20,21,11;2,10,21,22,12;2,11,22,13,3;3,12,22,23,24,14,4;4,13,24,25,15;4,14,25,17,16;4,15,17,6,5;6,16,15,25,26,27,18,7;7,17,27,28,19,8;8,18,28,20,10,9;10,19,28,29,21;10,20,29,23,22,11;11,21,23,13,12;13,22,21,29,30,24;13,23,30,31,26,25,14;14,24,26,17,15;17,25,24,31,27;17,26,31,28,18;18,27,31,30,29,20,19;20,28,30,23,21;23,29,28,31,24;24,30,28,27,26 30 run6
p32.r86#1795934 32 1,2,3,4,5;0,5,6,7,8,9,2;0,1,9,10,3;0,2,10,11,12,13,4;0,3,13,14,5;0,4,14,15,6,1;1,5,15,16,7;1,6,16,17,18,8;1,7,18,19,9;1,8,19,10,2;2,9,19,20,21,11,3;3,10,21,22,12;3,11,22,23,13;3,12,23,14,4;4,13,23,24,15,5;5,14,24,25,16,6;6,15,25,26,17,7;7,16,26,27,18;7,17,27,20,19,8;8,18,20,10,9;10,19,18,27,28,21;10,20,28,29,30,22,11;11,21,30,23,12;12,22,30,31,24,14,13;14,23,31,25,15;15,24,31,26,16;16,25,31,29,28,27,17;17,26,28,20,18;20,27,26,29,21;21,28,26,31,30;21,29,31,23,22;23,30,29,26,25,24 28 run6
p32.r88#126473 32 1,2,3,4,5,6;0,6,7,8,9,2;0,1,9,10,3;0,2,10,11,4;0,3,11,12,13,14,5;0,4,14,15,6;0,5,15,7,1;1,6,15,16,17,8;1,7,17,18,19,9;1,8,19,10,2;2,9,19,20,21,11,3;3,10,21,12,4;4,11,21,22,23,13;4,12,23,24,14;4,13,24,25,26,15,5;5,14,26,16,7,6;7,15,26,27,17;7,16,27,28,18,8;8,17,28,29,22,20,19;8,18,20,10,9;10,19,18,22,21;10,20,22,12,11;12,21,20,18,29,30,23;12,22,30,24,13;13,23,30,25,14;14,24,30,31,27,26;14,25,27,16,15;16,26,25,31,28,17;17,27,31,29,18;18,28,31,30,22;22,29,31,25,24,23;25,30,29,28,27 24 run7
p32.r90#603030 32 1,2,3,4,5,6,7;0,7,8,9,2;0,1,9,10,11,12,3;0,2,12,13,4;0,3,13,14,5;0,4,14,15,6;0,5,15,16,7;0,6,16,8,1;1,7,16,17,18,9;1,8,18,19,10,2;2,9,19,20,11;2,10,20,21,12;2,11,21,22,13,3;3,12,22,14,4;4,13,22,23,24,15,5;5,14,24,16,6;6,15,24,25,17,8,7;8,16,25,26,27,18;8,17,27,19,9;9,18,27,28,29,20,10;10,19,29,21,11;11,20,29,30,31,22,12;12,21,31,23,14,13;14,22,31,26,25,24;14,23,25,16,15;16,24,23,26,17;17,25,23,31,30,28,27;17,26,28,19,18;19,27,26,30,29;19,28,30,21,20;21,29,28,26,31;21,30,26,23,22 18 run6
p32.r92#52588 32 1,2,3,4,5;0,5,6,7,8,9,2;0,1,9,10,3;0,2,10,11,12,13,4;0,3,13,14,5;0,4,14,15,6,1;1,5,15,16,7;1,6,16,17,18,8;1,7,18,19,9;1,8,19,20,10,2;2,9,20,11,3;3,10,20,21,22,12;3,11,22,23,13;3,12,23,14,4;4,13,23,24,15,5;5,14,24,16,6;6,15,24,25,17,7;7,16,25,26,18;7,17,26,27,19,8;8,18,27,20,9;9,19,27,21,11,10;11,20,27,28,29,22;11,21,29,30,23,12;12,22,30,24,14,13;14,23,30,25,16,15;16,24,30,31,26,17;17,25,31,28,27,18;18,26,28,21,20,19;21,27,26,31,29;21,28,31,30,22;22,29,31,25,24,23;25,30,29,28,26 12 run6
p32.r93#241595 32 1,2,3,4,5;0,5,6,7,8,9,2;0,1,9,10,11,3;0,2,11,12,13,14,4;0,3,14,15,5;0,4,15,6,1;1,5,15,16,17,7;1,6,17,18,8;1,7,18,19,20,9;1,8,20,21,10,2;2,9,21,22,11;2,10,22,12,3;3,11,22,23,24,13;3,12,24,25,26,14;3,13,26,15,4;4,14,26,27,16,6,5;6,15,27,28,17;6,16,28,29,18,7;7,17,29,19,8;8,18,29,30,31,20;8,19,31,21,9;9,20,31,23,22,10;10,21,23,12,11;12,22,21,31,30,24;12,23,30,25,13;13,24,30,29,28,27,26;13,25,27,15,14;15,26,25,28,16;16,27,25,29,17;17,28,25,30,19,18;19,29,25,24,23,31;19,30,23,21,20 27 run6
p32.r93#363049 32 1,2,3,4,5,6;0,6,7,8,9,10,2;0,1,10,11,3;0,2,11,12,13,4;0,3,13,14,5;0,4,14,15,6;0,5,15,16,7,1;1,6,16,17,8;1,7,17,18,9;1,8,18,19,10;1,9,19,20,21,11,2;2,10,21,12,3;3,11,21,22,23,24,13;3,12,24,14,4;4,13,24,25,26,15,5;5,14,26,16,6;6,15,26,27,17,7;7,16,27,28,18,8;8,17,28,29,19,9;9,18,29,30,20,10;10,19,30,22,21;10,20,22,12,11;12,21,20,30,23;12,22,30,25,24;12,23,25,14,13;14,24,23,30,31,27,26;14,25,27,16,15;16,26,25,31,28,17;17,27,31,29,18;18,28,31,30,19;19,29,31,25,23,22,20;25,30,29,28,27 4 run6
p32.r97#465084 32 1,2,3,4,5,6;0,6,7,8,2;0,1,8,9,10,3;0,2,10,11,4;0,3,11,12,13,5;0,4,13,14,6;0,5,14,15,7,1;1,6,15,16,17,8;1,7,17,9,2;2,8,17,18,19,10;2,9,19,20,11,3;3,10,20,21,22,12,4;4,11,22,23,24,13;4,12,24,14,5;5,13,24,15,6;6,14,24,25,16,7;7,15,25,26,27,17;7,16,27,18,9,8;9,17,27,28,19;9,18,28,20,10;10,19,28,29,21,11;11,20,29,30,22;11,21,30,23,12;12,22,30,25,24;12,23,25,15,14,13;15,24,23,30,26,16;16,25,30,31,27;16,26,31,28,18,17;18,27,31,29,20,19;20,28,31,30,21;21,29,31,26,25,23,22;26,30,29,28,27 5 run7
p24#134 24 1,2,3,4,5;0,5,6,7,2;0,1,7,8,3;0,2,8,9,10,4;0,3,10,11,5;0,4,11,12,13,6,1;1,5,13,14,15,7;1,6,15,16,8,2;2,7,16,17,9,3;3,8,17,18,10;3,9,18,19,11,4;4,10,19,12,5;5,11,19,20,13;5,12,20,14,6;6,13,20,21,15;6,14,21,22,16,7;7,15,22,17,8;8,16,22,18,9;9,17,22,23,19,10;10,18,23,20,12,11;12,19,23,21,14,13;14,20,23,22,15;15,21,23,18,17,16;18,22,21,20,19 11 run6
p24#206 24 1,2,3,4,5;0,5,6,7,2;0,1,7,8,3;0,2,8,9,10,4;0,3,10,11,5;0,4,11,12,13,6,1;1,5,13,14,15,7;1,6,15,16,8,2;2,7,16,9,3;3,8,16,17,18,10;3,9,18,19,11,4;4,10,19,12,5;5,11,19,20,13;5,12,20,14,6;6,13,20,21,15;6,14,21,22,17,16,7;7,15,17,9,8;9,16,15,22,18;9,17,22,23,19,10;10,18,23,20,12,11;12,19,23,21,14,13;14,20,23,22,15;15,21,23,18,17;18,22,21,20,19 11 run6
p24#348 24 1,2,3,4,5;0,5,6,7,8,2;0,1,8,9,3;0,2,9,10,4;0,3,10,11,5;0,4,11,12,13,6,1;1,5,13,14,15,7;1,6,15,16,17,18,8;1,7,18,9,2;2,8,18,10,3;3,9,18,17,19,20,11,4;4,10,20,12,5;5,11,20,21,13;5,12,21,14,6;6,13,21,22,15;6,14,22,16,7;7,15,22,23,19,17;7,16,19,10,18;7,17,10,9,8;10,17,16,23,20;10,19,23,21,12,11;12,20,23,22,14,13;14,21,23,16,15;16,22,21,20,19 14 run6
p24#354 24 1,2,3,4,5;0,5,6,7,8,9,10,2;0,1,10,11,3;0,2,11,12,4;0,3,12,13,5;0,4,13,14,6,1;1,5,14,15,7;1,6,15,16,8;1,7,16,17,9;1,8,17,18,19,10;1,9,19,11,2;2,10,19,12,3;3,11,19,20,13,4;4,12,20,21,14,5;5,13,21,15,6;6,14,21,22,16,7;7,15,22,17,8;8,16,22,23,18,9;9,17,23,20,19;9,18,20,12,11,10;12,19,18,23,21,13;13,20,23,22,15,14;15,21,23,17,16;17,22,21,20,18 7 run6
p24#361 24 1,2,3,4,5;0,5,6,7,8,9,10,2;0,1,10,11,3;0,2,11,12,4;0,3,12,13,5;0,4,13,14,6,1;1,5,14,15,7;1,6,15,16,8;1,7,16,17,9;1,8,17,18,19,10;1,9,19,11,2;2,10,19,20,12,3;3,11,20,21,13,4;4,12,21,14,5;5,13,21,15,6;6,14,21,22,16,7;7,15,22,17,8;8,16,22,23,18,9;9,17,23,20,19;9,18,20,11,10;11,19,18,23,21,12;12,20,23,22,15,14,13;15,21,23,17,16;17,22,21,20,18 7 run6
p24#416 24 1,2,3,4,5;0,5,6,7,8,2;0,1,8,9,10,11,12,3;0,2,12,13,4;0,3,13,14,15,5;0,4,15,6,1;1,5,15,16,7;1,6,16,17,18,8;1,7,18,9,2;2,8,18,19,10;2,9,19,20,11;2,10,20,21,22,12;2,11,22,13,3;3,12,22,14,4;4,13,22,21,23,15;4,14,23,16,6,5;6,15,23,17,7;7,16,23,20,19,18;7,17,19,9,8;9,18,17,20,10;10,19,17,23,21,11;11,20,23,14,22;11,21,14,13,12;14,21,20,17,16,15 22 run6
p24#505 24 1,2,3,4,5;0,5,6,7,8,9,10,2;0,1,10,11,3;0,2,11,12,4;0,3,12,13,14,5;0,4,14,6,1;1,5,14,15,7;1,6,15,16,8;1,7,16,17,9;1,8,17,18,19,10;1,9,19,11,2;2,10,19,12,3;3,11,19,18,13,4;4,12,18,20,21,14;4,13,21,15,6,5;6,14,21,22,16,7;7,15,22,23,17,8;8,16,23,18,9;9,17,23,20,13,12,19;9,18,12,11,10;13,18,23,22,21;13,20,22,15,14;15,21,20,23,16;16,22,20,18,17 20 run6
p24#561 24 1,2,3,4,5;0,5,6,7,8,2;0,1,8,9,10,3;0,2,10,11,12,4;0,3,12,13,5;0,4,13,6,1;1,5,13,14,15,7;1,6,15,16,8;1,7,16,17,9,2;2,8,17,18,10;2,9,18,11,3;3,10,18,19,20,12;3,11,20,21,13,4;4,12,21,14,6,5;6,13,21,22,15;6,14,22,16,7;7,15,22,23,17,8;8,16,23,19,18,9;9,17,19,11,10;11,18,17,23,20;11,19,23,22,21,12;12,20,22,14,13;14,21,20,23,16,15;16,22,20,19,17 18 run6
p24#563 24 1,2,3,4,5;0,5,6,7,8,9,2;0,1,9,10,11,3;0,2,11,12,4;0,3,12,13,5;0,4,13,14,6,1;1,5,14,15,7;1,6,15,16,8;1,7,16,17,9;1,8,17,10,2;2,9,17,18,19,11;2,10,19,20,12,3;3,11,20,21,13,4;4,12,21,14,5;5,13,21,22,15,6;6,14,22,23,16,7;7,15,23,18,17,8;8,16,18,10,9;10,17,16,23,19;10,18,23,22,20,11;11,19,22,21,12;12,20,22,14,13;14,21,20,19,23,15;15,22,19,18,16 17 run6
p24#596 24 1,2,3,4,5,6;0,6,7,8,9,2;0,1,9,10,3;0,2,10,11,12,4;0,3,12,13,5;0,4,13,14,6;0,5,14,7,1;1,6,14,15,8;1,7,15,16,17,18,9;1,8,18,10,2;2,9,18,19,11,3;3,10,19,20,21,12;3,11,21,13,4;4,12,21,22,23,14,5;5,13,23,15,7,6;7,14,23,16,8;8,15,23,22,17;8,16,22,20,19,18;8,17,19,10,9;10,18,17,20,11;11,19,17,22,21;11,20,22,13,12;13,21,20,17,16,23;13,22,16,15,14 20 run7
p24#830 24 1,2,3,4,5;0,5,6,7,8,9,10,2;0,1,10,11,3;0,2,11,12,13,4;0,3,13,14,5;0,4,14,6,1;1,5,14,15,16,7;1,6,16,17,8;1,7,17,18,9;1,8,18,19,20,10;1,9,20,11,2;2,10,20,21,12,3;3,11,21,22,23,13;3,12,23,15,14,4;4,13,15,6,5;6,14,13,23,16;6,15,23,17,7;7,16,23,18,8;8,17,23,22,19,9;9,18,22,21,20;9,19,21,11,10;11,20,19,22,12;12,21,19,18,23;12,22,18,17,16,15,13 21 run6
p24#1026 24 1,2,3,4,5;0,5,6,7,8,2;0,1,8,9,3;0,2,9,10,4;0,3,10,11,12,5;0,4,12,6,1;1,5,12,13,14,15,7;1,6,15,16,17,8;1,7,17,18,9,2;2,8,18,10,3;3,9,18,19,20,11,4;4,10,20,21,13,12;4,11,13,6,5;6,12,11,21,14;6,13,21,22,15;6,14,22,16,7;7,15,22,23,17;7,16,23,19,18,8;8,17,19,10,9;10,18,17,23,20;10,19,23,22,21,11;11,20,22,14,13;14,21,20,23,16,15;16,22,20,19,17 12 run6
p24#1145 24 1,2,3,4,5,6;0,6,7,8,2;0,1,8,9,3;0,2,9,10,11,4;0,3,11,12,5;0,4,12,13,6;0,5,13,7,1;1,6,13,14,8;1,7,14,15,16,17,9,2;2,8,17,10,3;3,9,17,18,19,11;3,10,19,20,12,4;4,11,20,21,22,13,5;5,12,22,14,7,6;7,13,22,15,8;8,14,22,21,16;8,15,21,23,18,17;8,16,18,10,9;10,17,16,23,19;10,18,23,20,11;11,19,23,21,12;12,20,23,16,15,22;12,21,15,14,13;16,21,20,19,18 19 run6
p24#1292 24 1,2,3,4,5,6;0,6,7,8,9,2;0,1,9,10,11,3;0,2,11,12,4;0,3,12,13,5;0,4,13,14,6;0,5,14,7,1;1,6,14,15,8;1,7,15,16,9;1,8,16,17,18,10,2;2,9,18,19,11;2,10,19,20,12,3;3,11,20,13,4;4,12,20,21,22,15,14,5;5,13,15,7,6;7,14,13,22,16,8;8,15,22,17,9;9,16,22,23,18;9,17,23,19,10;10,18,23,21,20,11;11,19,21,13,12;13,20,19,23,22;13,21,23,17,16,15;17,22,21,19,18 16 run6
p24#1300 24 1,2,3,4,5;0,5,6,7,8,2;0,1,8,9,10,3;0,2,10,11,4;0,3,11,12,5;0,4,12,6,1;1,5,12,13,14,7;1,6,14,15,16,8;1,7,16,17,9,2;2,8,17,18,10;2,9,18,11,3;3,10,18,19,20,13,12,4;4,11,13,6,5;6,12,11,20,21,14;6,13,21,15,7;7,14,21,22,16;7,15,22,23,17,8;8,16,23,19,18,9;9,17,19,11,10;11,18,17,23,20;11,19,23,22,21,13;13,20,22,15,14;15,21,20,23,16;16,22,20,19,17 18 run6
p24#1350 24 1,2,3,4,5;0,5,6,7,8,2;0,1,8,9,3;0,2,9,10,11,4;0,3,11,12,5;0,4,12,13,14,6,1;1,5,14,15,16,7;1,6,16,17,18,19,8;1,7,19,9,2;2,8,19,10,3;3,9,19,18,20,11;3,10,20,21,12,4;4,11,21,13,5;5,12,21,22,14;5,13,22,15,6;6,14,22,23,16;6,15,23,17,7;7,16,23,21,20,18;7,17,20,10,19;7,18,10,9,8;10,18,17,21,11;11,20,17,23,22,13,12;13,21,23,15,14;15,22,21,17,16 19 run6
p24#1573 24 1,2,3,4,5;0,5,6,7,8,2;0,1,8,9,10,11,3;0,2,11,12,4;0,3,12,13,14,5;0,4,14,6,1;1,5,14,15,16,7;1,6,16,17,8;1,7,17,18,9,2;2,8,18,19,10;2,9,19,20,11;2,10,20,21,12,3;3,11,21,13,4;4,12,21,22,14;4,13,22,15,6,5;6,14,22,23,16;6,15,23,17,7;7,16,23,18,8;8,17,23,19,9;9,18,23,20,10;10,19,23,22,21,11;11,20,22,13,12;13,21,20,23,15,14;15,22,20,19,18,17,16 17 run6
p24#1749 24 1,2,3,4,5;0,5,6,7,8,9,2;0,1,9,10,3;0,2,10,11,12,4;0,3,12,13,14,5;0,4,14,6,1;1,5,14,15,7;1,6,15,16,8;1,7,16,17,9;1,8,17,18,10,2;2,9,18,11,3;3,10,18,19,12;3,11,19,20,13,4;4,12,20,21,14;4,13,21,15,6,5;6,14,21,22,16,7;7,15,22,17,8;8,16,22,23,18,9;9,17,23,19,11,10;11,18,23,20,12;12,19,23,21,13;13,20,23,22,15,14;15,21,23,17,16;17,22,21,20,19,18 5 run6
p24#1749 24 1,2,3,4,5;0,5,6,7,8,9,2;0,1,9,10,3;0,2,10,11,12,4;0,3,12,13,14,5;0,4,14,6,1;1,5,14,15,7;1,6,15,16,8;1,7,16,17,9;1,8,17,18,10,2;2,9,18,11,3;3,10,18,19,12;3,11,19,20,13,4;4,12,20,21,14;4,13,21,15,6,5;6,14,21,22,16,7;7,15,22,17,8;8,16,22,23,18,9;9,17,23,19,11,10;11,18,23,20,12;12,19,23,21,13;13,20,23,22,15,14;15,21,23,17,16;17,22,21,20,19,18 10 run6
p24#1768 24 1,2,3,4,5;0,5,6,7,8,9,2;0,1,9,10,3;0,2,10,11,12,4;0,3,12,13,14,5;0,4,14,6,1;1,5,14,15,16,7;1,6,16,17,8;1,7,17,18,9;1,8,18,19,10,2;2,9,19,11,3;3,10,19,20,12;3,11,20,13,4;4,12,20,21,15,14;4,13,15,6,5;6,14,13,21,22,16;6,15,22,17,7;7,16,22,23,18,8;8,17,23,19,9;9,18,23,20,11,10;11,19,23,21,13,12;13,20,23,22,15;15,21,23,17,16;17,22,21,20,19,18 22 run6
p24#1802 24 1,2,3,4,5;0,5,6,7,8,9,2;0,1,9,10,3;0,2,10,11,12,4;0,3,12,13,14,15,5;0,4,15,6,1;1,5,15,16,7;1,6,16,17,8;1,7,17,18,9;1,8,18,10,2;2,9,18,19,11,3;3,10,19,20,12;3,11,20,13,4;4,12,20,21,14;4,13,21,22,16,15;4,14,16,6,5;6,15,14,22,17,7;7,16,22,23,18,8;8,17,23,19,10,9;10,18,23,20,11;11,19,23,21,13,12;13,20,23,22,14;14,21,23,17,16;17,22,21,20,19,18 21 run6
p24#1913 24 1,2,3,4,5;0,5,6,7,8,9,2;0,1,9,10,3;0,2,10,11,4;0,3,11,12,13,14,5;0,4,14,6,1;1,5,14,15,16,7;1,6,16,17,8;1,7,17,18,19,9;1,8,19,10,2;2,9,19,20,21,11,3;3,10,21,12,4;4,11,21,22,13;4,12,22,15,14;4,13,15,6,5;6,14,13,22,23,16;6,15,23,17,7;7,16,23,18,8;8,17,23,20,19;8,18,20,10,9;10,19,18,23,22,21;10,20,22,12,11;12,21,20,23,15,13;15,22,20,18,17,16 19 run6
p24#1971 24 1,2,3,4,5,6;0,6,7,8,9,2;0,1,9,10,3;0,2,10,11,12,4;0,3,12,13,14,5;0,4,14,15,6;0,5,15,16,7,1;1,6,16,17,18,8;1,7,18,19,20,9;1,8,20,10,2;2,9,20,11,3;3,10,20,21,12;3,11,21,13,4;4,12,21,19,18,22,14;4,13,22,23,15,5;5,14,23,16,6;6,15,23,17,7;7,16,23,22,18;7,17,22,13,19,8;8,18,13,21,20;8,19,21,11,10,9;11,20,19,13,12;13,18,17,23,14;14,22,17,16,15 21 run6
p24#2012 24 1,2,3,4,5;0,5,6,7,8,9,10,2;0,1,10,11,3;0,2,11,12,13,4;0,3,13,14,15,5;0,4,15,6,1;1,5,15,16,7;1,6,16,17,8;1,7,17,18,9;1,8,18,19,20,10;1,9,20,11,2;2,10,20,12,3;3,11,20,21,13;3,12,21,22,23,14,4;4,13,23,16,15;4,14,16,6,5;6,15,14,23,17,7;7,16,23,22,18,8;8,17,22,19,9;9,18,22,21,20;9,19,21,12,11,10;12,20,19,22,13;13,21,19,18,17,23;13,22,17,16,14 2 run6
p24#2370 24 1,2,3,4,5;0,5,6,7,8,2;0,1,8,9,10,3;0,2,10,11,12,4;0,3,12,13,5;0,4,13,6,1;1,5,13,14,7;1,6,14,15,16,17,8;1,7,17,9,2;2,8,17,18,10;2,9,18,19,11,3;3,10,19,20,12;3,11,20,21,13,4;4,12,21,14,6,5;6,13,21,15,7;7,14,21,22,16;7,15,22,18,17;7,16,18,9,8;9,17,16,22,23,19,10;10,18,23,20,11;11,19,23,21,12;12,20,23,22,15,14,13;15,21,23,18,16;18,22,21,20,19 19 run6
p24#2390 24 1,2,3,4,5;0,5,6,7,8,2;0,1,8,9,3;0,2,9,10,11,4;0,3,11,12,5;0,4,12,13,14,15,6,1;1,5,15,16,7;1,6,16,17,8;1,7,17,18,9,2;2,8,18,19,10,3;3,9,19,20,21,11;3,10,21,12,4;4,11,21,13,5;5,12,21,20,22,14;5,13,22,23,15;5,14,23,16,6;6,15,23,17,7;7,16,23,22,18,8;8,17,22,19,9;9,18,22,20,10;10,19,22,13,21;10,20,13,12,11;13,20,19,18,17,23,14;14,22,17,16,15 21 run6
p24#2475 24 1,2,3,4,5;0,5,6,7,8,9,10,2;0,1,10,11,3;0,2,11,12,13,4;0,3,13,14,5;0,4,14,6,1;1,5,14,15,7;1,6,15,16,17,8;1,7,17,18,9;1,8,18,19,10;1,9,19,11,2;2,10,19,12,3;3,11,19,20,21,22,13;3,12,22,14,4;4,13,22,23,15,6,5;6,14,23,16,7;7,15,23,21,17;7,16,21,20,18,8;8,17,20,19,9;9,18,20,12,11,10;12,19,18,17,21;12,20,17,16,23,22;12,21,23,14,13;14,22,21,16,15 23 run6
p24#2522 24 1,2,3,4,5;0,5,6,7,8,2;0,1,8,9,3;0,2,9,10,11,12,4;0,3,12,13,5;0,4,13,6,1;1,5,13,14,15,7;1,6,15,16,17,8;1,7,17,18,9,2;2,8,18,10,3;3,9,18,19,11;3,10,19,20,12;3,11,20,21,14,13,4;4,12,14,6,5;6,13,12,21,15;6,14,21,16,7;7,15,21,22,23,17;7,16,23,18,8;8,17,23,19,10,9;10,18,23,22,20,11;11,19,22,21,12;12,20,22,16,15,14;16,21,20,19,23;16,22,19,18,17 14 run6
p24#2614 24 1,2,3,4,5,6;0,6,7,8,9,10,2;0,1,10,11,3;0,2,11,12,13,4;0,3,13,14,5;0,4,14,15,6;0,5,15,7,1;1,6,15,16,8;1,7,16,17,9;1,8,17,18,19,10;1,9,19,11,2;2,10,19,20,12,3;3,11,20,21,13;3,12,21,22,14,4;4,13,22,23,15,5;5,14,23,16,7,6;7,15,23,17,8;8,16,23,22,18,9;9,17,22,21,20,19;9,18,20,11,10;11,19,18,21,12;12,20,18,22,13;13,21,18,17,23,14;14,22,17,16,15 20 run6
p24#2636 24 1,2,3,4,5;0,5,6,7,8,9,2;0,1,9,10,11,3;0,2,11,12,13,4;0,3,13,14,5;0,4,14,6,1;1,5,14,15,7;1,6,15,16,8;1,7,16,17,9;1,8,17,10,2;2,9,17,18,19,11;2,10,19,12,3;3,11,19,20,21,13;3,12,21,22,14,4;4,13,22,15,6,5;6,14,22,23,16,7;7,15,23,18,17,8;8,16,18,10,9;10,17,16,23,20,19;10,18,20,12,11;12,19,18,23,21;12,20,23,22,13;13,21,23,15,14;15,22,21,20,18,16 7 run6
p24#2888 24 1,2,3,4,5,6;0,6,7,8,9,2;0,1,9,10,3;0,2,10,11,4;0,3,11,12,5;0,4,12,13,14,6;0,5,14,7,1;1,6,14,15,16,8;1,7,16,17,18,9;1,8,18,19,10,2;2,9,19,20,11,3;3,10,20,12,4;4,11,20,21,13,5;5,12,21,22,23,15,14;5,13,15,7,6;7,14,13,23,16;7,15,23,17,8;8,16,23,22,18;8,17,22,19,9;9,18,22,21,20,10;10,19,21,12,11;12,20,19,22,13;13,21,19,18,17,23;13,22,17,16,15 14 run6
p24#2954 24 1,2,3,4,5,6;0,6,7,8,9,10,2;0,1,10,11,3;0,2,11,12,4;0,3,12,13,14,5;0,4,14,15,6;0,5,15,16,7,1;1,6,16,17,8;1,7,17,18,19,9;1,8,19,20,10;1,9,20,11,2;2,10,20,12,3;3,11,20,21,13,4;4,12,21,22,14;4,13,22,23,15,5;5,14,23,16,6;6,15,23,17,7;7,16,23,18,8;8,17,23,22,21,19;8,18,21,20,9;9,19,21,12,11,10;12,20,19,18,22,13;13,21,18,23,14;14,22,18,17,16,15 9 run6
p24#3583 24 1,2,3,4,5,6;0,6,7,8,2;0,1,8,9,3;0,2,9,10,4;0,3,10,11,5;0,4,11,12,6;0,5,12,13,7,1;1,6,13,14,15,16,17,8;1,7,17,9,2;2,8,17,18,10,3;3,9,18,19,11,4;4,10,19,20,21,12,5;5,11,21,13,6;6,12,21,14,7;7,13,21,20,15;7,14,20,22,16;7,15,22,23,17;7,16,23,18,9,8;9,17,23,19,10;10,18,23,22,20,11;11,19,22,15,14,21;11,20,14,13,12;15,20,19,23,16;16,22,19,18,17 14 run6
p24#3583 24 1,2,3,4,5,6;0,6,7,8,2;0,1,8,9,3;0,2,9,10,4;0,3,10,11,5;0,4,11,12,6;0,5,12,13,7,1;1,6,13,14,15,16,17,8;1,7,17,9,2;2,8,17,18,10,3;3,9,18,19,11,4;4,10,19,20,21,12,5;5,11,21,13,6;6,12,21,14,7;7,13,21,20,15;7,14,20,22,16;7,15,22,23,17;7,16,23,18,9,8;9,17,23,19,10;10,18,23,22,20,11;11,19,22,15,14,21;11,20,14,13,12;15,20,19,23,16;16,22,19,18,17 15 run6
p24#3687 24 1,2,3,4,5,6;0,6,7,8,2;0,1,8,9,3;0,2,9,10,4;0,3,10,11,5;0,4,11,12,13,6;0,5,13,7,1;1,6,13,14,15,8;1,7,15,9,2;2,8,15,16,17,10,3;3,9,17,18,11,4;4,10,18,19,20,12,5;5,11,20,21,14,13;5,12,14,7,6;7,13,12,21,15;7,14,21,16,9,8;9,15,21,22,23,17;9,16,23,18,10;10,17,23,19,11;11,18,23,22,20;11,19,22,21,12;12,20,22,16,15,14;16,21,20,19,23;16,22,19,18,17 2 run6
p24#3690 24 1,2,3,4,5,6;0,6,7,8,2;0,1,8,9,3;0,2,9,10,4;0,3,10,11,5;0,4,11,12,13,6;0,5,13,7,1;1,6,13,14,15,16,8;1,7,16,9,2;2,8,16,17,10,3;3,9,17,18,11,4;4,10,18,19,20,12,5;5,11,20,21,14,13;5,12,14,7,6;7,13,12,21,15;7,14,21,22,23,16;7,15,23,17,9,8;9,16,23,18,10;10,17,23,19,11;11,18,23,22,20;11,19,22,21,12;12,20,22,15,14;15,21,20,19,23;15,22,19,18,17,16 13 run6
p24#3690 24 1,2,3,4,5,6;0,6,7,8,2;0,1,8,9,3;0,2,9,10,4;0,3,10,11,5;0,4,11,12,13,6;0,5,13,7,1;1,6,13,14,15,16,8;1,7,16,9,2;2,8,16,17,10,3;3,9,17,18,11,4;4,10,18,19,20,12,5;5,11,20,21,14,13;5,12,14,7,6;7,13,12,21,15;7,14,21,22,23,16;7,15,23,17,9,8;9,16,23,18,10;10,17,23,19,11;11,18,23,22,20;11,19,22,21,12;12,20,22,15,14;15,21,20,19,23;15,22,19,18,17,16 18 run6
p24#3705 24 1,2,3,4,5,6;0,6,7,8,9,2;0,1,9,10,3;0,2,10,11,4;0,3,11,12,13,5;0,4,13,14,6;0,5,14,15,7,1;1,6,15,16,8;1,7,16,17,9;1,8,17,10,2;2,9,17,18,11,3;3,10,18,19,20,12,4;4,11,20,21,22,13;4,12,22,14,5;5,13,22,15,6;6,14,22,21,23,16,7;7,15,23,19,18,17,8;8,16,18,10,9;10,17,16,19,11;11,18,16,23,20;11,19,23,21,12;12,20,23,15,22;12,21,15,14,13;15,21,20,19,16 18 run6
p24#3790 24 1,2,3,4,5,6;0,6,7,8,9,2;0,1,9,10,3;0,2,10,11,4;0,3,11,12,5;0,4,12,13,6;0,5,13,14,7,1;1,6,14,15,8;1,7,15,16,17,9;1,8,17,10,2;2,9,17,18,11,3;3,10,18,12,4;4,11,18,19,13,5;5,12,19,20,14,6;6,13,20,21,15,7;7,14,21,22,16,8;8,15,22,18,17;8,16,18,10,9;10,17,16,22,23,19,12,11;12,18,23,20,13;13,19,23,21,14;14,20,23,22,15;15,21,23,18,16;18,22,21,20,19 4 run6
p24#4320 24 1,2,3,4,5,6;0,6,7,8,9,10,2;0,1,10,11,3;0,2,11,12,4;0,3,12,13,5;0,4,13,14,15,16,6;0,5,16,7,1;1,6,16,17,18,8;1,7,18,19,9;1,8,19,20,10;1,9,20,11,2;2,10,20,12,3;3,11,20,13,4;4,12,20,14,5;5,13,20,21,22,15;5,14,22,17,16;5,15,17,7,6;7,16,15,22,23,18;7,17,23,19,8;8,18,23,21,20,9;9,19,21,14,13,12,11,10;14,20,19,23,22;14,21,23,17,15;17,22,21,19,18 22 run6
p24#6153 24 1,2,3,4,5;0,5,6,7,8,9,2;0,1,9,10,11,3;0,2,11,12,13,4;0,3,13,14,5;0,4,14,6,1;1,5,14,15,7;1,6,15,16,8;1,7,16,17,9;1,8,17,10,2;2,9,17,18,19,11;2,10,19,20,12,3;3,11,20,21,13;3,12,21,22,14,4;4,13,22,15,6,5;6,14,22,23,16,7;7,15,23,18,17,8;8,16,18,10,9;10,17,16,23,19;10,18,23,20,11;11,19,23,21,12;12,20,23,22,13;13,21,23,15,14;15,22,21,20,19,18,16 7 run6
p24#6510 24 1,2,3,4,5,6;0,6,7,8,2;0,1,8,9,10,11,3;0,2,11,12,13,4;0,3,13,14,5;0,4,14,15,6;0,5,15,16,7,1;1,6,16,17,8;1,7,17,18,9,2;2,8,18,19,10;2,9,19,20,21,11;2,10,21,12,3;3,11,21,22,13;3,12,22,14,4;4,13,22,15,5;5,14,22,16,6;6,15,22,23,17,7;7,16,23,18,8;8,17,23,19,9;9,18,23,20,10;10,19,23,22,21;10,20,22,12,11;12,21,20,23,16,15,14,13;16,22,20,19,18,17 21 run6
p24#6815 24 1,2,3,4,5,6;0,6,7,8,2;0,1,8,9,10,3;0,2,10,11,4;0,3,11,12,5;0,4,12,13,14,15,6;0,5,15,7,1;1,6,15,16,17,18,8;1,7,18,19,9,2;2,8,19,20,10;2,9,20,11,3;3,10,20,12,4;4,11,20,21,13,5;5,12,21,22,14;5,13,22,16,15;5,14,16,7,6;7,15,14,22,17;7,16,22,23,18;7,17,23,19,8;8,18,23,21,20,9;9,19,21,12,11,10;12,20,19,23,22,13;13,21,23,17,16,14;17,22,21,19,18 14 run6
C44#63 24 1,5,4,3,2;0,2,7,6,5;1,0,3,8,7;2,0,4,10,9,8;3,0,5,11,10;4,0,1,6,12,11;5,1,7,14,13,12;6,1,2,8,15,14;7,2,3,9,16,15;8,3,10,18,17,16;9,3,4,11,18;10,4,5,12,19,18;11,5,6,13,20,19;12,6,14,21,20;13,6,7,15,21;14,7,8,16,22,21;15,8,9,17,22;16,9,18,23,22;17,9,10,11,19,23;18,11,12,20,23;19,12,13,21,22,23;20,13,14,15,22;21,15,16,17,23,20;22,17,18,19,20 0 run6
C46#63 25 1,5,4,3,2;0,2,7,6,5;1,0,3,8,7;2,0,4,10,9,8;3,0,5,11,10;4,0,1,6,12,11;5,1,7,14,13,12;6,1,2,8,15,14;7,2,3,9,16,15;8,3,10,17,16;9,3,4,11,18,17;10,4,5,12,19,18;11,5,6,13,20,19;12,6,14,21,20;13,6,7,15,21;14,7,8,16,22,21;15,8,9,17,23,22;16,9,10,18,23;17,10,11,19,24,23;18,11,12,20,24;19,12,13,21,22,24;20,13,14,15,22;21,15,16,23,24,20;22,16,17,18,24;23,18,19,20,22 14 run6
C46#81 25 1,5,4,3,2;0,2,7,6,5;1,0,3,8,7;2,0,4,10,9,8;3,0,5,11,10;4,0,1,6,12,11;5,1,7,14,13,12;6,1,2,8,15,14;7,2,3,9,16,15;8,3,10,18,17,16;9,3,4,11,19,18;10,4,5,12,20,19;11,5,6,13,21,20;12,6,14,22,21;13,6,7,15,22;14,7,8,16,23,22;15,8,9,17,23;16,9,18,24,23;17,9,10,19,24;18,10,11,20,24;19,11,12,21,24;20,12,13,22,23,24;21,13,14,15,23;22,15,16,17,24,21;23,17,18,19,20,21 13 run6
C46#86 25 1,5,4,3,2;0,2,7,6,5;1,0,3,8,7;2,0,4,10,9,8;3,0,5,12,11,10;4,0,1,6,13,12;5,1,7,15,14,13;6,1,2,8,16,15;7,2,3,9,17,16;8,3,10,18,17;9,3,4,11,18;10,4,12,19,18;11,4,5,13,20,19;12,5,6,14,20;13,6,15,22,21,20;14,6,7,16,23,22;15,7,8,17,23;16,8,9,18,24,23;17,9,10,11,19,24;18,11,12,20,21,24;19,12,13,14,21;20,14,22,24,19;21,14,15,23,24;22,15,16,17,24;23,17,18,19,21,22 23 run6
C46#93 25 1,5,4,3,2;0,2,7,6,5;1,0,3,8,7;2,0,4,10,9,8;3,0,5,12,11,10;4,0,1,6,13,12;5,1,7,15,14,13;6,1,2,8,16,15;7,2,3,9,17,16;8,3,10,18,17;9,3,4,11,19,18;10,4,12,20,19;11,4,5,13,20;12,5,6,14,21,20;13,6,15,22,21;14,6,7,16,22;15,7,8,17,23,22;16,8,9,18,23;17,9,10,19,24,23;18,10,11,20,24;19,11,12,13,21,24;20,13,14,22,24;21,14,15,16,23,24;22,16,17,18,24;23,18,19,20,21,22 0 run6
C46#93 25 1,5,4,3,2;0,2,7,6,5;1,0,3,8,7;2,0,4,10,9,8;3,0,5,12,11,10;4,0,1,6,13,12;5,1,7,15,14,13;6,1,2,8,16,15;7,2,3,9,17,16;8,3,10,18,17;9,3,4,11,19,18;10,4,12,20,19;11,4,5,13,20;12,5,6,14,21,20;13,6,15,22,21;14,6,7,16,22;15,7,8,17,23,22;16,8,9,18,23;17,9,10,19,24,23;18,10,11,20,24;19,11,12,13,21,24;20,13,14,22,24;21,14,15,16,23,24;22,16,17,18,24;23,18,19,20,21,22 1 run6
C46#93 25 1,5,4,3,2;0,2,7,6,5;1,0,3,8,7;2,0,4,10,9,8;3,0,5,12,11,10;4,0,1,6,13,12;5,1,7,15,14,13;6,1,2,8,16,15;7,2,3,9,17,16;8,3,10,18,17;9,3,4,11,19,18;10,4,12,20,19;11,4,5,13,20;12,5,6,14,21,20;13,6,15,22,21;14,6,7,16,22;15,7,8,17,23,22;16,8,9,18,23;17,9,10,19,24,23;18,10,11,20,24;19,11,12,13,21,24;20,13,14,22,24;21,14,15,16,23,24;22,16,17,18,24;23,18,19,20,21,22 2 run6
