jd631_169_1246_K 35 1,2,3,4,5;0,2,5,10,13,22;0,1,3,6,9,12,29;0,2,4,8,12,29,32;0,3,5,16,25;0,1,4,7,10,13,15,16,21;2,15,17,22,24;5,9,12,15,17,31;3,11,12,22,29,32,33;2,7,12,25,31,34;1,5,13,15,19,21,24,29,34;8,12,16,19,21,22;2,3,7,8,9,11,26,29,31,32;1,5,10,18,21,26;18,23,26,27,28;5,6,7,10,33;4,5,11,18,25,28,30;6,7,20,21,24,27;13,14,16,26,28,30;10,11,20,24,34;17,19,24,25;5,10,11,13,17,24;1,6,8,11,26,27,33;14,25,27,28,29;6,10,17,19,20,21,34;4,9,16,20,23,28;12,13,14,18,22,27;14,17,22,23,26,29;14,16,18,23,25,30;2,3,8,10,12,23,27;16,18,28;7,9,12;3,8,12;8,15,22;9,10,19,24
jd631_205_1384_K 34 1,2,3,4,5;0,2,5,10,13,22;0,1,3,6,9,12,22,29;0,2,4,8,12,25,29,32;0,3,5,16,25;0,1,4,7,10,13,16,21;2,9,15,17,22,24;5,9,12,17,31;3,11,12,15,29,32,33;2,6,7,12,31;1,5,13,19,21,24,29;8,12,15,19,21,22;2,3,7,8,9,11,26,29,31,32;1,5,10,18,21,26;18,23,26,27,28;6,8,11,22,33;4,5,18,20,25,28,30;6,7,20,21,24,27;13,14,16,26,28,30;10,11,20,24;16,17,19,24;5,10,11,13,17,24;1,2,6,11,15,26,27,33;14,25,27,28,32;6,10,17,19,20,21;3,4,16,23,28,29;12,13,14,18,22,27;14,17,22,23,26,32;14,16,18,23,25,30;2,3,8,10,12,25;16,18,28;7,9,12;3,8,12,23,27;8,15,22
jd631_205_2654_K 34 1,2,3,4,5;0,2,5,7,22;0,1,3,6,9,12,29;0,2,4,8,12,29,32;0,3,5,16,25;0,1,4,7,10,13,16,19,21;2,9,15,17,22,24;1,5,9,12,17,21,31;3,11,12,15,22,29,32,33;2,6,7,12,25,31;5,13,15,19,21,24,29;8,12,15,19,22;2,3,7,8,9,11,26,29,31,32;5,10,18,21,26;18,23,26,27,28;6,8,10,11,22,33;4,5,18,20,25,28,30;6,7,20,21,24,27;13,14,16,26,28,30;5,10,11,20,24;16,17,19,24,25;5,7,10,13,17,24;1,6,8,11,15,26,27,33;14,25,27,28,32;6,10,17,19,20,21;4,9,16,20,23,28;12,13,14,18,22,27;14,17,22,23,26,32;14,16,18,23,25,30;2,3,8,10,12;16,18,28;7,9,12;3,8,12,23,27;8,15,22
jd631_249_3312_K 36 1,2,3,4,5;0,2,5,13,22;0,1,3,6,9,12,29;0,2,4,8,12,29,32,34;0,3,5,16,25,34;0,1,4,7,10,13,16,19;2,9,15,17,22,24;5,9,12,17,31;3,11,12,15,22,29,32,33;2,6,7,12,25,31;5,13,15,19,21,24,29;8,12,15,19,21,22;2,3,7,8,9,11,26,29,31,32;1,5,10,18,21,26;18,23,26,27,28;6,8,10,11,22,33;4,5,18,20,25,28,30;6,7,20,21,24,27;13,14,16,26,28,30;5,10,11,20,24;16,17,19,24,25;10,11,13,17,24;1,6,8,11,15,26,27,33;14,25,27,28,29,35;6,10,17,19,20,21;4,9,16,20,23,28,34;12,13,14,18,22,27;14,17,22,23,26,29,35;14,16,18,23,25,30;2,3,8,10,12,23,27,35;16,18,28;7,9,12;3,8,12;8,15,22;3,4,25;23,27,29
jd631_249_6865_K 36 1,2,3,4,5;0,2,5,13,22;0,1,3,6,9,12,22,29;0,2,4,8,12,29,32,34;0,3,5,16,25,34;0,1,4,7,10,13,16,19;2,9,15,17,22,24;5,9,10,12,26,31;3,11,12,15,29,32,33;2,6,7,12,25,31;5,7,13,15,19,21,24,29;8,12,15,16,19,21,22,25;2,3,7,8,9,11,26,29,31,32;1,5,10,18,21;18,23,26,27,28;6,8,10,11,22,33;4,5,11,18,25,28,30;6,20,21,24,27;13,14,16,26,28,30;5,10,11,20,24;17,19,24;10,11,13,17,24;1,2,6,11,15,26,27,33;14,25,27,28,29,35;6,10,17,19,20,21;4,9,11,16,23,28,34;7,12,14,18,22,27;14,17,22,23,26,32,35;14,16,18,23,25,30;2,3,8,10,12,23,35;16,18,28;7,9,12;3,8,12,27;8,15,22;3,4,25;23,27,29
jd631_420_4566_K 34 1,2,3,4,5;0,2,5,7,10;0,1,3,6,9,22,29;0,2,4,8,12,25,29,32;0,3,5,16,25;0,1,4,7,10,13,15,16,17,21;2,9,15,22;1,5,9,12,17,21,31;3,11,12,15,22,29,32,33;2,6,7,12,31;1,5,13,15,19,21,24;8,12,16,17,19,22;3,7,8,9,11,26,31,32;5,10,17,18,21,26;18,23,26,27,28;5,6,8,10,33;4,5,11,18,25,28,30;5,7,11,13,20,21,27,29;13,14,16,26,28,30;10,11,20,22,24,33;17,19,24,25;5,7,10,13,17,24;2,6,8,11,19,26,27,32,33;14,25,27,28,29;10,19,20,21,29;3,4,16,20,23,28,29;12,13,14,18,22,27;14,17,22,23,26,29;14,16,18,23,25,30;2,3,8,17,23,24,25,27;16,18,28;7,9,12;3,8,12,22;8,15,19,22
jd631_421_6550_K 34 1,2,3,4,5;0,2,5,6,10,13;0,1,3,6,9,12,22,29;0,2,4,8,12,29,32;0,3,5,16,25;0,1,4,7,10,13,15,16,21;1,2,9,17,22,24;5,9,12,15,17,31;3,11,12,29,32,33;2,6,7,12,25,31;1,5,13,15,19,21,24,29;8,12,16,19,21,22;2,3,7,8,9,11,26,29,31,32;1,5,10,18,21,26;18,23,26,27,28;5,7,10,22,33;4,5,11,18,25,28,30;6,7,20,21,24,27;13,14,16,26,28,30;10,11,20,24;17,19,24,25;5,10,11,13,17,24;2,6,11,15,26,27,33;14,25,27,28,32;6,10,17,19,20,21;4,9,16,20,23,28;12,13,14,18,22,27;14,17,22,23,26,32;14,16,18,23,25,30;2,3,8,10,12;16,18,28;7,9,12;3,8,12,23,27;8,15,22
jd631_421_7054_K 34 1,2,3,4,5;0,2,5,6,10,13,33;0,1,3,6,9,12,29;0,2,4,8,12,29,32;0,3,5,16,25;0,1,4,7,10,13,15,16,21;1,2,9,17,22,24,25;5,9,12,15,17,31;3,11,12,22,29,32,33;2,6,7,12,25,31;1,5,13,15,19,21,24,29;8,12,16,19,21,22;2,3,7,8,9,11,26,29,31,32;1,5,10,18,21,26;18,23,26,27,28;5,7,10,22;4,5,11,18,25,28,30;6,7,20,21,24,27;13,14,16,26,28,30;10,11,20,24;17,19,24;5,10,11,13,17,24;6,8,11,15,26,27,33;14,25,27,28,32;6,10,17,19,20,21;4,6,9,16,23,28;12,13,14,18,22,27;14,17,22,23,26,32;14,16,18,23,25,30;2,3,8,10,12;16,18,28;7,9,12;3,8,12,23,27;1,8,22
jd631_496_4637_K 34 1,2,3,4,5;0,2,5,10,13;0,1,3,6,9,12,19,29;0,2,4,8,12,29,32;0,3,5,16,25;0,1,4,7,10,13,15,16,21;2,9,17,19,24;5,9,12,15,17;3,11,12,22,29,32,33;2,6,7,12,25,31;1,5,13,15,21,24,29;8,12,19,21,22,25,31;2,3,7,8,9,11,26,29,31,32;1,5,10,18,21,26;18,23,26,27,28;5,7,10,22,33;4,5,18,20,25,28,30;6,7,20,21,24,27;13,14,16,26,28,30;2,6,11,20,22,24;16,17,19,22,24;5,10,11,13,17;8,11,15,19,20,26,27,33;14,25,27,28,29;6,10,17,19,20;4,9,11,16,23,28;12,13,14,18,22,27;14,17,22,23,26,32;14,16,18,23,25,30;2,3,8,10,12,23;16,18,28;9,11,12;3,8,12,27;8,15,22
jd631_518_7419_K 36 1,2,3,4,5;0,2,5,7,10,13;0,1,3,6,9,11,12,29;0,2,4,8,12,25,29,32;0,3,5,16,25;0,1,4,7,10,13,15,16,21;2,9,15,17,22;1,5,9,12,15,17,31;3,12,22,29,32,33;2,6,7,12,25,31;1,5,13,15,19,21,24,29,34,35;2,12,15,16,19,22;2,3,7,8,9,11,26,29,31,32;1,5,10,18,21,26;18,23,26,27,28;5,6,7,10,11,33;4,5,11,18,25,28,30;6,7,19,20,24,27;13,14,16,26,28,30;10,11,17,20,24;17,19,24,25;5,10,13,22,24,34,35;6,8,11,21,26,27,33;14,25,27,28,29;10,17,19,20,21,29,34,35;3,4,9,16,20,23,28;12,13,14,18,22,27;14,17,22,23,26,29;14,16,18,23,25,30;2,3,8,10,12,23,24,27;16,18,28;7,9,12;3,8,12;8,15,22;10,21,24;10,21,24
jd631_589_4679_K 34 1,2,3,4,5;0,2,5,13,22;0,1,3,6,9,12,29;0,2,4,8,12,25,29,32;0,3,5,16,25;0,1,4,7,10,13,16,19;2,9,17,19,22,24;5,9,12,17,31;3,11,12,15,22,29,32,33;2,6,7,12,31;5,13,15,19,21,24,29;8,12,15,16,19,21,22;2,3,7,8,9,11,26,29,31,32;1,5,10,18,21,26;18,23,26,27,28;8,10,11,22,33;4,5,11,18,25,28,30;6,7,20,21,24,27;13,14,16,26,28,30;5,6,10,11,20,24;17,19,24;10,11,13,17,24;1,6,8,11,15,26,27,33;14,25,27,28,32;6,10,17,19,20,21;3,4,16,23,28,29;12,13,14,18,22,27;14,17,22,23,26,32;14,16,18,23,25,30;2,3,8,10,12,25;16,18,28;7,9,12;3,8,12,23,27;8,15,22
jd631_905_2070_K 34 1,2,3,4,5;0,2,5,13,22;0,1,3,6,9,12,29;0,2,4,8,12,29,32;0,3,5,16,25;0,1,4,7,10,13,16,19;2,9,15,17,22,24,25;5,9,12,17,31;3,11,12,15,22,29,32,33;2,6,7,12,25,31;5,13,15,19,21,24,29;8,12,15,16,19,21,22;2,3,7,8,9,11,26,29,31,32;1,5,10,18,21,26;18,23,26,27,28;6,8,10,11,22,33;4,5,11,18,25,28,30;6,7,20,21,24,27;13,14,16,26,28,30;5,10,11,20,24;17,19,24;10,11,13,17,24;1,6,8,11,15,26,27,33;14,25,27,28,29;6,10,17,19,20,21;4,6,9,16,23,28;12,13,14,18,22,27;14,17,22,23,26,29;14,16,18,23,25,30;2,3,8,10,12,23,27;16,18,28;7,9,12;3,8,12;8,15,22
jd631_905_3528_K 34 1,2,3,4,5;0,2,5,13,22;0,1,3,6,9,12,29;0,2,4,8,12,25,29,32;0,3,5,16,25;0,1,4,7,10,13,16,19;2,9,15,17,22,24;5,9,12,17,31;3,11,12,15,22,29,32,33;2,6,7,12,31;5,13,15,19,21,24,29;8,12,15,16,19,21,22;2,3,7,8,9,11,26,29,31,32;1,5,10,18,21,26;18,23,26,27,28;6,8,10,11,22,33;4,5,11,18,25,28,30;6,7,20,21,24,27;13,14,16,26,28,30;5,10,11,20,24;17,19,24;10,11,13,17,24;1,6,8,11,15,26,27,33;14,25,27,28,29;6,10,17,19,20,21;3,4,16,23,28,29;12,13,14,18,22,27;14,17,22,23,26,29;14,16,18,23,25,30;2,3,8,10,12,23,25,27;16,18,28;7,9,12;3,8,12;8,15,22
jd631_905_4407_K 34 1,2,3,4,5;0,2,5,10,13,22;0,1,3,6,9,12,22,29;0,2,4,8,12,29,32;0,3,5,16,25;0,1,4,7,10,13,16,19;2,9,15,17,22,24,25;5,9,12,17,31;3,11,12,15,29,32,33;2,6,7,12,25,31;1,5,13,19,21,24,29;8,12,15,19,21,22,33;2,3,7,8,9,11,26,29,31,32;1,5,10,18,21,26;18,23,26,27,28;6,8,11,22;4,5,18,20,25,28,30;6,7,20,21,24,27;13,14,16,26,28,30;5,10,11,20,24;16,17,19,24;10,11,13,17,24;1,2,6,11,15,26,27,33;14,25,27,28,29;6,10,17,19,20,21;4,6,9,16,23,28;12,13,14,18,22,27;14,17,22,23,26,32;14,16,18,23,25,30;2,3,8,10,12,23;16,18,28;7,9,12;3,8,12,27;8,11,22
jd631_973_43_K 34 1,2,3,4,5;0,2,5,10,13;0,1,3,6,9,12,29;0,2,4,8,12,25,29,32;0,3,5,16,25;0,1,4,7,10,13,16,19;2,9,15,17,22,24;5,9,12,17,31;3,11,12,15,22,29,32,33;2,6,7,12,31;1,5,13,19,21,24,29;8,12,15,19,21,22;2,3,7,8,9,11,26,29,31,32;1,5,10,18,21,26;18,23,26,27,28;6,8,11,22,33;4,5,18,20,25,28,30;6,7,20,21,24,27;13,14,16,26,28,30;5,10,11,20,22,24;16,17,19,24;10,11,13,17,24;6,8,11,15,19,26,27,33;14,25,27,28,29;6,10,17,19,20,21;3,4,16,23,28,29;12,13,14,18,22,27;14,17,22,23,26,32;14,16,18,23,25,30;2,3,8,10,12,23,25;16,18,28;7,9,12;3,8,12,27;8,15,22
jd631_973_2054_K 34 1,2,3,4,5;0,2,5,13,22;0,1,3,6,9,12,22,29;0,2,4,8,12,29,32;0,3,5,16,25;0,1,4,7,10,13,16,21;2,9,15,17,22,24;5,9,12,17,31;3,11,12,15,29,32,33;2,6,7,12,25,31;5,13,15,19,21,24,29;8,12,15,16,21,22,25;2,3,7,8,9,11,26,29,31,32;1,5,10,18,21,26;18,23,26,27,28;6,8,10,11,22,33;4,5,11,18,25,28,30;6,7,20,21,24,27;13,14,16,26,28,30;10,20,24,33;17,19,24;5,10,11,13,17,24;1,2,6,11,15,26,27,33;14,25,27,28,29;6,10,17,19,20,21;4,9,11,16,23,28;12,13,14,18,22,27;14,17,22,23,26,29;14,16,18,23,25,30;2,3,8,10,12,23,27;16,18,28;7,9,12;3,8,12;8,15,19,22
jd631_1021_5166_K 34 1,2,3,4,5;0,2,5,6,10,13;0,1,3,6,9,12,29;0,2,4,8,12,29,32;0,3,5,16,25;0,1,4,7,10,13,16,19,21;1,2,9,15,17,22,24,31;5,9,12,17,19,21;3,11,12,15,22,29,32,33;2,6,7,12,25,31;1,5,13,19,21,24,29;8,12,21,22,25;2,3,7,8,9,11,26,29,31,32;1,5,10,18,26;18,23,26,27,28;6,8,22,33;4,5,18,20,25,28,30;6,7,20,21,24,27;13,14,16,26,28,30;5,7,10,20,22,24;16,17,19,24;5,7,10,11,17;6,8,11,15,19,26,27,33;14,25,27,28,32;6,10,17,19,20;4,9,11,16,23,28;12,13,14,18,22,27;14,17,22,23,26,32;14,16,18,23,25,30;2,3,8,10,12;16,18,28;6,9,12;3,8,12,23,27;8,15,22
jd631_1021_6127_K 34 1,2,3,4,5;0,2,5,6,10,13,22;0,1,3,6,9,12,29;0,2,4,8,12,29,32;0,3,5,16,25;0,1,4,7,10,13,16,21;1,2,9,15,17,22,24,25,31;5,9,12,17;3,11,12,22,29,32,33;2,6,7,12,25,31;1,5,13,19,21,24,29;8,12,15,16,19,22;2,3,7,8,9,11,26,29,31,32;1,5,10,18,21,26;18,23,26,27,28;6,11,22,31,33;4,5,11,18,25,28,30;6,7,20,21,24,27;13,14,16,26,28,30;10,11,20,24;17,19,24;5,10,13,17,24;1,6,8,11,15,26,27,33;14,25,27,28,32;6,10,17,19,20,21;4,6,9,16,23,28;12,13,14,18,22,27;14,17,22,23,26,32;14,16,18,23,25,30;2,3,8,10,12;16,18,28;6,9,12,15;3,8,12,23,27;8,15,22
jd632_41_6403_K 38 1,2,3,4,5;0,2,5,13,22,36;0,1,3,6,9,12,29;0,2,4,8,12,29,32;0,3,5,16,25;0,1,4,7,10,13,16,19;2,9,15,17,22,24;5,9,12,17,31;3,11,12,15,22,29,32,33;2,6,7,12,25,31;5,13,15,19,21,24,29;8,12,15,16,19,21,22,34;2,3,7,8,9,11,26,29,31,32;1,5,10,18,21,26,36;18,23,26,27,28;6,8,10,11,22,33;4,5,11,18,25,28,30;6,7,20,21,24,27,35,36;13,14,16,26,28,30;5,10,11,20,24,34;17,19,24,25,35;10,11,13,17,24;1,6,8,11,15,26,27,33,34;14,25,27,28,32,37;6,10,17,19,20,21,35;4,9,16,20,23,28;12,13,14,18,22,27;14,17,22,23,26,32,37;14,16,18,23,25,30;2,3,8,10,12,37;16,18,28;7,9,12;3,8,12,23,27;8,15,22;11,19,22;17,20,24;1,13,17;23,27,29
jd632_56_363_K 37 1,2,3,4,5;0,2,5,8,10,11,13,22,35;0,1,3,6,9,12,22;0,2,4,12,29,32;0,3,5,16,25,34;0,1,4,7,10,13,16,21,34,35;2,9,15,17,24;5,9,12,17,31,35;1,11,15,22,32,33,36;2,6,7,12,25,31;1,5,13,19,21,24,33;1,8,12,16,19,24;2,3,7,9,11,26,29,31,32,36;1,5,10,18,21,26;18,23,26,27,28;6,8,22,33;4,5,11,18,25,28,30,34;6,7,20,21,24,27,29;13,14,16,26,28,30;10,11,20,24;17,19,22,24,25;5,10,13,17,24,33;1,2,8,15,20,26,27,33;14,25,27,28,29;6,10,11,17,19,20,21,29;4,9,16,20,23,28;12,13,14,18,22,27;14,17,22,23,26,32;14,16,18,23,25,30;3,12,17,23,24;16,18,28;7,9,12;3,8,12,27,36;8,10,15,21,22;4,5,16;1,5,7;8,12,32
jd632_56_4902_K 37 1,2,3,4,5;0,2,5,10,11,13,35;0,1,3,6,9,12,32;0,2,4,8,12,29;0,3,5,16,25,34;0,1,4,7,10,13,16,21,34,35;2,9,15,17,22,25;5,9,12,17,21,31,35;3,11,12,15,22,29,32,33,36;2,6,7,12,25,31;1,5,13,19,21,24,29;1,8,12,15,16,19,22,24;2,3,7,8,9,11,26,29,31,32,36;1,5,10,18,26;18,23,26,27,28;6,8,11,22;4,5,11,18,25,28,30,34;6,7,20,21,24,27;13,14,16,26,28,30;10,11,20,22,24;17,19,24;5,7,10,17,24,33;6,8,11,15,19,26,27,33;14,25,27,28,29;10,11,17,19,20,21;4,6,9,16,23,28;12,13,14,18,22,27;14,17,22,23,26,29;14,16,18,23,25,30;3,8,10,12,23,27,36;16,18,28;7,9,12;2,8,12,36;8,21,22;4,5,16;1,5,7;8,12,29,32
jd632_56_6215_K 37 1,2,3,4,5;0,2,5,10,13,22,35;0,1,3,6,9,12,22,29;0,2,4,8,12,25,29;0,3,5,16,25,34;0,1,4,7,10,13,15,16,21,34,35;2,9,15,17,22;5,9,12,15,17,31,35;3,11,12,29,32,33,36;2,6,7,12,31;1,5,13,15,19,21,24,29;8,12,16,19,21,22,24;2,3,7,8,9,11,26,31,32,36;1,5,10,18,21,26;18,23,26,27,28;5,6,7,10,33;4,5,11,18,25,28,30,34;6,7,20,21,24,27;13,14,16,26,28,30;10,11,20,24;17,19,24;5,10,11,13,17,24,33;1,2,6,11,26,27,32,33;14,25,27,28,29;10,11,17,19,20,21;3,4,16,23,28,29;12,13,14,18,22,27;14,17,22,23,26,29;14,16,18,23,25,30;2,3,8,10,23,25,27,36;16,18,28;7,9,12;8,12,22,36;8,15,21,22;4,5,16;1,5,7;8,12,29,32
jd632_56_7877_K 37 1,2,3,4,5;0,2,5,10,13,22,35;0,1,3,6,9,12,32;0,2,4,8,12,29;0,3,5,16,25,34;0,1,4,7,10,13,15,16,19,34,35;2,9,15,17,22,24,25;5,9,12,15,17,21,31,35;3,11,12,22,29,32,33,36;2,6,7,12,25,31;1,5,13,15,19,21,24,29;8,12,19,21,22;2,3,7,8,9,11,26,29,31,32,36;1,5,10,18,21,26;18,23,26,27,28;5,6,7,10;4,5,18,20,25,28,30,34;6,7,20,21,24,27;13,14,16,26,28,30;5,10,11,20,24,33;16,17,19,24;7,10,11,13,17,24;1,6,8,11,26,27,33;14,25,27,28,29;6,10,17,19,20,21;4,6,9,16,23,28;12,13,14,18,22,27;14,17,22,23,26,32;14,16,18,23,25,30;3,8,10,12,23,36;16,18,28;7,9,12;2,8,12,27,36;8,19,22;4,5,16;1,5,7;8,12,29,32
jd632_61_1668_K 37 1,2,3,4,5;0,2,5,13,22;0,1,3,6,9,12,29;0,2,4,8,12,29,32;0,3,5,16,25;0,1,4,7,10,13,16,21;2,9,15,17,22,24,36;5,9,12,17,31;3,11,12,15,22,29,32,33;2,6,7,12,25,31,36;5,13,15,19,21,24,29,34;8,12,15,16,19,21,22,25;2,3,7,8,9,11,26,29,31,32;1,5,10,18,21,26;18,23,26,27,28;6,8,10,11,22,33;4,5,11,18,25,28,30,35;6,7,20,21,24,27;13,14,16,26,28,30,35;10,11,20,24,34;17,19,24;5,10,11,13,17,24;1,6,8,11,15,26,27,33;14,25,27,28,32;6,10,17,19,20,21,34;4,9,11,16,23,28,36;12,13,14,18,22,27;14,17,22,23,26,32;14,16,18,23,25,30;2,3,8,10,12;16,18,28,35;7,9,12;3,8,12,23,27;8,15,22;10,19,24;16,18,30;6,9,25
jd632_61_5898_K 37 1,2,3,4,5;0,2,5,10,13,22;0,1,3,6,9,12,22,29;0,2,4,8,12,29,32;0,3,5,16,25;0,1,4,7,10,13,16,19;2,9,15,17,22,24,25,36;5,9,12,17,31;3,11,12,15,29,32;2,6,7,12,25,31,36;1,5,13,19,21,24,29,34;8,12,15,16,19,21,22,33;2,3,7,8,9,11,26,29,31,32;1,5,10,18,21,26;18,23,26,27,28;6,8,11,22,33;4,5,11,18,25,28,30,35;6,7,20,21,24,27;13,14,16,26,28,30,35;5,10,11,20,24,34;17,19,24;10,11,13,17,24;1,2,6,11,15,26,27,33;14,25,27,28,32;6,10,17,19,20,21,34;4,6,9,16,23,28,36;12,13,14,18,22,27;14,17,22,23,26,32;14,16,18,23,25,30;2,3,8,10,12;16,18,28,35;7,9,12;3,8,12,23,27;11,15,22;10,19,24;16,18,30;6,9,25
jd632_73_81_K 36 1,2,3,4,5;0,2,5,13,22;0,1,3,6,9,12,29;0,2,4,8,12,29,32;0,3,5,16,25;0,1,4,7,10,13,16,19,35;2,9,15,17,22,24;5,9,12,17,31,35;3,11,12,15,22,29,32,33;2,6,7,12,25,31;5,13,15,19,21,24,29;8,12,15,19,21,22,25;2,3,7,8,9,11,26,29,31,32;1,5,10,18,21,26;18,23,26,27,28;6,8,10,11,22,33,34,35;4,5,18,20,25,28,30;6,7,20,21,24,27;13,14,16,26,28,30;5,10,11,20,24;16,17,19,24,30;10,11,13,17,24;1,6,8,11,15,26,27,33,34;14,25,27,28,29;6,10,17,19,20,21;4,9,11,16,23,28;12,13,14,18,22,27;14,17,22,23,26,29;14,16,18,23,25;2,3,8,10,12,23,27;16,18,20;7,9,12;3,8,12;8,15,22,34;15,22,33;5,7,15
jd632_73_2045_K 36 1,2,3,4,5;0,2,5,10,13;0,1,3,6,9,12,29;0,2,4,8,12,29,32;0,3,5,16,25;0,1,4,7,10,13,16,21,35;2,9,15,17,22,24;5,9,12,17,31,34,35;3,11,12,15,22,29,32;2,6,7,12,25,31;1,5,13,19,21,24,29;8,12,15,16,19,21,22,25;2,3,7,8,9,11,26,29,31,32;1,5,10,18,21,26;18,23,26,27,28;6,8,11,22,33,34,35;4,5,11,18,25,28,30;6,7,20,21,24,27;13,14,16,26,28,30;10,11,20,22,24;17,19,24,30;5,10,11,13,17,24;6,8,11,15,19,26,27,33,34;14,25,27,28,29;6,10,17,19,20,21;4,9,11,16,23,28;12,13,14,18,22,27;14,17,22,23,26,29;14,16,18,23,25;2,3,8,10,12,23,27;16,18,20;7,9,12;3,8,12;15,22,34;7,15,22,33;5,7,15
jd632_73_4108_K 36 1,2,3,4,5;0,2,5,13,22;0,1,3,6,9,12,22,29;0,2,4,8,12,29,32;0,3,5,16,25;0,1,4,7,10,13,16,19,35;2,9,15,17,22,24;5,9,12,17,31,34,35;3,11,12,15,29,32;2,6,7,12,25,31;5,13,15,19,24,29;8,12,15,19,21,22;2,3,7,8,9,11,26,29,31,32;1,5,10,18,21,26;18,23,26,27,28;6,8,10,11,17,22,33,34,35;4,5,18,20,25,28,30;6,7,15,20,21,24,27;13,14,16,26,28,30;5,10,11,20,24;16,17,19,24,25,30;11,13,17,24;1,2,6,11,15,26,27,33,34;14,25,27,28,29;6,10,17,19,20,21;4,9,16,20,23,28;12,13,14,18,22,27;14,17,22,23,26,29;14,16,18,23,25;2,3,8,10,12,23,27;16,18,20;7,9,12;3,8,12;15,22,34;7,15,22,33;5,7,15
jd632_73_7023_K 36 1,2,3,4,5;0,2,5,13,22;0,1,3,6,9,12,29;0,2,4,8,12,29,32;0,3,5,16,25;0,1,4,7,10,13,16,21,35;2,9,15,17,22,24,25;5,9,12,17,31,34,35;3,11,12,15,22,29,32;2,6,7,12,25,31;5,13,15,19,24,29;8,12,15,19,21,22;2,3,7,8,9,11,26,29,31,32;1,5,10,18,21,26;18,23,26,27,28;6,8,10,11,17,22,33,34;4,5,18,20,25,28,30;6,7,15,20,21,24,27;13,14,16,26,28,30;10,11,20,24;16,17,19,24,30;5,11,13,17,24,35;1,6,8,11,15,26,27,33,34;14,25,27,28,29;6,10,17,19,20,21;4,6,9,16,23,28;12,13,14,18,22,27;14,17,22,23,26,29;14,16,18,23,25;2,3,8,10,12,23,27;16,18,20;7,9,12;3,8,12;15,22,34;7,15,22,33;5,7,21
jd632_104_6452_K 37 1,2,3,4,5;0,2,5,10,13,22;0,1,3,6,9,12,29;0,2,4,8,12,25,29,32,36;0,3,5,16,25;0,1,4,7,10,13,16,19;2,9,15,17,21,22,24;5,9,12,17,31;3,11,12,15,22,29,32,33,35;2,6,7,12,31;1,5,13,19,21,24,29;8,12,15,19,22,35;2,3,7,8,9,11,26,29,31,32,35,36;1,5,10,18,21,26;18,23,26,27,28;6,8,11,22,33;4,5,18,20,25,28,30;6,7,20,21,24,27;13,14,16,26,28,30;5,10,11,20,24;16,17,19,24;6,10,13,17,24;1,6,8,11,15,26,27,33;14,25,27,28,29,34;6,10,17,19,20,21;3,4,16,23,28,29,34;12,13,14,18,22,27;14,17,22,23,26,29;14,16,18,23,25,30;2,3,8,10,12,23,25,27,34,36;16,18,28;7,9,12;3,8,12;8,15,22;23,25,29;8,11,12;3,12,29
jd632_104_6851_K 37 1,2,3,4,5;0,2,5,13,22;0,1,3,6,9,12,19,22,29;0,2,4,8,12,25,29,32,36;0,3,5,16,25;0,1,4,7,10,13,15,16,21;2,9,17,21,22,24;5,9,12,15,17,31;3,11,12,29,32,33,35;2,6,7,12,31;5,13,15,19,21,24,29;8,12,15,16,19,22,35;2,3,7,8,9,11,26,29,31,32,35,36;1,5,10,18,21,26;18,23,26,27,28;5,7,10,11,33;4,5,11,18,25,28,30;6,7,20,21,24,27;13,14,16,26,28,30;2,10,11,20,22,24;17,19,24;5,6,10,13,17;1,2,6,11,19,26,27,33;14,25,27,28,29,34;6,10,17,19,20;3,4,16,23,28,29,34;12,13,14,18,22,27;14,17,22,23,26,32;14,16,18,23,25,30;2,3,8,10,12,23,25,34,36;16,18,28;7,9,12;3,8,12,27;8,15,22;23,25,29;8,11,12;3,12,29
jd632_104_7871_K 37 1,2,3,4,5;0,2,5,10,13;0,1,3,6,9,12,29;0,2,4,8,12,25,29,32,36;0,3,5,16,25;0,1,4,7,10,13,16,21;2,9,15,17,19,21,22,24;5,9,12,17,31;3,11,12,15,22,29,32,33,35;2,6,7,12,31;1,5,13,19,21,24,29;8,12,15,22,35;2,3,7,8,9,11,26,31,32,35,36;1,5,10,18,21,26;18,23,26,27,28;6,8,11,22,33;4,5,18,20,25,28,30;6,7,20,21,24,27;13,14,16,26,28,30;6,10,20,22,24;16,17,19,24;5,6,10,13,17,24;6,8,11,15,19,26,27,32,33;14,25,27,28,29,34;6,10,17,19,20,21;3,4,16,23,28,29,34;12,13,14,18,22,27;14,17,22,23,26,29;14,16,18,23,25,30;2,3,8,10,23,25,27,34,36;16,18,28;7,9,12;3,8,12,22;8,15,22;23,25,29;8,11,12;3,12,29
jd632_241_2342_K 38 1,2,3,4,5;0,2,5,13,17,22;0,1,3,6,9,12,29,35;0,2,4,8,12,25,29,32;0,3,5,16,25;0,1,4,7,10,13,16,19,34;2,9,15,17,22,24;5,9,12,17,31;3,11,12,15,22,29,32,33;2,6,7,12,31;5,13,19,21,24,29;8,12,15,16,19,21,22;2,3,7,8,9,11,26,29,31,32;1,5,10,18,21,26,34,37;18,23,26,27,28;6,8,11,22,33;4,5,11,18,25,28,30;1,6,7,20,21,24,27,36,37;13,14,16,26,28,30;5,10,11,20,24;17,19,24,36;10,11,13,17,24,34,37;1,6,8,11,15,26,27,33,35;14,25,27,28,29;6,10,17,19,20,21,36;3,4,16,23,28,29;12,13,14,18,22,27;14,17,22,23,26,29;14,16,18,23,25,30;2,3,8,10,12,23,25,27,35;16,18,28;7,9,12;3,8,12;8,15,22;5,13,21;2,22,29;17,20,24;13,17,21
jd632_241_2635_K 38 1,2,3,4,5;0,2,5,7,13,17,22;0,1,3,6,9,12,29,35;0,2,4,8,12,29,32;0,3,5,16,25;0,1,4,7,10,13,15,16,21,34;2,9,15,17,22,24;1,5,9,12,17,21,31;3,11,12,15,22,29,32,33;2,6,7,12,25,31;5,13,15,19,21,24,29,37;8,12,15,16,19,22;2,3,7,8,9,11,26,29,31,32;1,5,10,18,26,34,37;18,23,26,27,28;5,6,8,10,11,33;4,5,11,18,25,28,30;1,6,7,20,21,24,27,36;13,14,16,26,28,30;10,11,20,24;17,19,24,25,36;5,7,10,17,24,34,37;1,6,8,11,26,27,33,35;14,25,27,28,29;6,10,17,19,20,21,36;4,9,16,20,23,28;12,13,14,18,22,27;14,17,22,23,26,32;14,16,18,23,25,30;2,3,8,10,12,23,35;16,18,28;7,9,12;3,8,12,27;8,15,22;5,13,21;2,22,29;17,20,24;10,13,21
jd632_318_3755_K 34 1,2,3,4,5;0,2,5,10,13;0,1,3,6,9,11,22,29;0,2,4,12,29,32;0,3,5,16,25;0,1,4,7,10,13,15,16,21;2,9,17,21,22,24;5,9,12,15,17,31;11,12,21,22,32,33;2,6,7,12,25,31;1,5,13,15,19,21,24,29;2,8,12,15,19,22;3,7,8,9,11,26,29,31,32;1,5,10,18,21,26;18,23,26,27,28;5,7,10,11,33;4,5,18,20,25,28,30;6,7,20,21,24,27;13,14,16,26,28,30;10,11,20,22,24;16,17,19,24,25;5,6,8,10,13,17,24;2,6,8,11,19,26,27,33;14,25,27,28,29;6,10,17,19,20,21;4,9,16,20,23,28;12,13,14,18,22,27;14,17,22,23,26,32;14,16,18,23,25,30;2,3,10,12,23;16,18,28;7,9,12;3,8,12,27;8,15,22
jd632_318_4969_K 34 1,2,3,4,5;0,2,5,8,13,22;0,1,3,6,9,11,12,22;0,2,4,12,29,32;0,3,5,16,25;0,1,4,7,10,13,15,16,21;2,9,17,21,22,24;5,9,12,17,31;1,11,15,22,29,32,33;2,6,7,12,25,31;5,13,15,19,21,24,29;2,8,12,15,19,21,22;2,3,7,9,11,26,29,31,32;1,5,10,18,21,26;18,23,26,27,28;5,8,10,11,33;4,5,18,20,25,28,30;6,7,20,21,24,27;13,14,16,26,28,30;10,11,20,22,24;16,17,19,24,25;5,6,10,11,13,17,24;1,2,6,8,11,19,26,27,33;14,25,27,28,29;6,10,17,19,20,21;4,9,16,20,23,28;12,13,14,18,22,27;14,17,22,23,26,29;14,16,18,23,25,30;3,8,10,12,23,27;16,18,28;7,9,12;3,8,12;8,15,22
jd632_361_434_K 35 1,2,3,4,5;0,2,5,13,22;0,1,3,6,9,12,29;0,2,4,8,12,29,32;0,3,5,16,25;0,1,4,7,10,13,16,19;2,9,15,17,22,24;5,9,12,17,31;3,11,12,15,22,29,32,33;2,6,7,12,25,31;5,13,15,19,21,24,29;8,12,15,19,21,22;2,3,7,8,9,11,26,29,31,32;1,5,10,18,21,26;18,23,26,27,28;6,8,10,11,22,33;4,5,18,20,25,28,30;6,7,20,21,24,27,34;13,14,16,26,28,30;5,10,11,20,24;16,17,19,24,25;10,11,13,17,24;1,6,8,11,15,26,27,33;14,25,27,28,32;6,10,17,19,20,21;4,9,16,20,23,28,34;12,13,14,18,22,27;14,17,22,23,26,32;14,16,18,23,25,30;2,3,8,10,12,34;16,18,28;7,9,12;3,8,12,23,27;8,15,22;17,25,29
jd632_361_3764_K 35 1,2,3,4,5;0,2,5,10,13,22;0,1,3,6,9,12,29;0,2,4,8,12,25,29,32;0,3,5,16,25;0,1,4,7,10,13,16,21;2,9,15,17,22,24;5,9,12,17,31;3,11,12,15,22,29,32,33;2,6,7,12,31;1,5,13,19,21,24,29;8,12,15,16,19,21,22;2,3,7,8,9,11,26,29,31,32;1,5,10,18,21,26;18,23,26,27,28;6,8,11,22,33;4,5,11,18,25,28,30;6,7,20,21,24,27,34;13,14,16,26,28,30;10,11,20,24;17,19,24;5,10,11,13,17,24;1,6,8,11,15,26,27,33;14,25,27,28,32;6,10,17,19,20,21;3,4,16,23,28,29,34;12,13,14,18,22,27;14,17,22,23,26,32;14,16,18,23,25,30;2,3,8,10,12,25,34;16,18,28;7,9,12;3,8,12,23,27;8,15,22;17,25,29
jd632_361_3900_K 35 1,2,3,4,5;0,2,5,10,13;0,1,3,6,9,12,29;0,2,4,8,12,29,32;0,3,5,16,25;0,1,4,7,10,13,16,19;2,9,15,17,22,24;5,9,12,17,31;3,11,12,15,22,29,32,33;2,6,7,12,25,31;1,5,13,19,24,29;8,12,15,16,19,21,22;2,3,7,8,9,11,26,29,31,32;1,5,10,18,21,26;18,23,26,27,28;6,8,11,17,22,33;4,5,11,18,25,28,30;6,7,15,20,21,24,27,34;13,14,16,26,28,30;5,10,11,20,22,24;17,19,24,25;11,13,17,24;6,8,11,15,19,26,27,33;14,25,27,28,32;6,10,17,19,20,21;4,9,16,20,23,28,34;12,13,14,18,22,27;14,17,22,23,26,32;14,16,18,23,25,30;2,3,8,10,12,34;16,18,28;7,9,12;3,8,12,23,27;8,15,22;17,25,29
jd632_381_5461_K 36 1,2,3,4,5;0,2,5,10,13,24;0,1,3,6,9,12,22,29,31;0,2,4,8,12,25,29,32;0,3,5,16,25;0,1,4,7,10,13,15,16,19,21,34,35;2,9,17,21,22;5,9,12,15,17;3,11,12,29,32,33;2,6,7,12,31;1,5,13,15,19,21,24,29;8,12,21,22;2,3,7,8,9,11,26,31,32;1,5,10,18,21,26,34;18,23,26,27,28;5,7,10,33;4,5,18,20,25,28,30;6,7,20,21,24,27;13,14,16,26,28,30;5,10,20,22,35;16,17,19,24,25;5,6,10,11,13,17,34,35;2,6,11,19,26,27,32,33;14,25,27,28,29;1,10,17,20,29;3,4,16,20,23,28,29;12,13,14,18,22,27;14,17,22,23,26,29;14,16,18,23,25,30;2,3,8,10,23,24,25,27;16,18,28;2,9,12;3,8,12,22;8,15,22;5,13,21,35;5,19,21,34
jd632_381_7250_K 36 1,2,3,4,5;0,2,5,7,10,24;0,1,3,6,9,12,22,29,31;0,2,4,8,12,25,29,32;0,3,5,16,25;0,1,4,7,10,13,15,16,19,21,34,35;2,9,17,21,22;1,5,9,12,15,17,21;3,11,12,29,32,33;2,6,7,12,31;1,5,13,15,19,24,29;8,21,22;2,3,7,8,9,26,31,32,33;5,10,18,21,26,34;18,23,26,27,28;5,7,10,33;4,5,18,20,25,28,30;6,7,19,20,21,24,27;13,14,16,26,28,30;5,10,17,20,22,35;16,17,19,24,25;5,6,7,11,13,17,34,35;2,6,11,19,26,27,32,33;14,25,27,28,29;1,10,17,20,29;3,4,16,20,23,28,29;12,13,14,18,22,27;14,17,22,23,26,29;14,16,18,23,25,30;2,3,8,10,23,24,25,27;16,18,28;2,9,12;3,8,12,22;8,12,15,22;5,13,21,35;5,19,21,34
jd632_881_2161_K 38 1,2,3,4,5;0,2,5,13,22;0,1,3,6,9,12,29,35;0,2,4,8,12,25,29,32;0,3,5,16,25,37;0,1,4,7,10,13,16,21,37;2,9,15,17,22,24,34,35;5,9,12,17,31;3,11,12,15,22,29,32,33;2,6,7,12,31;5,13,15,19,21,24,29;8,12,15,19,21,22;2,3,7,8,9,11,26,29,31,32;1,5,10,18,21,26;18,23,26,27,28;6,8,10,11,22;4,5,18,20,25,28,30,37;6,7,20,21,24,27;13,14,16,26,28,30,36;10,11,20,24,34;16,17,19,24;5,10,11,13,17,24;1,6,8,11,15,26,27,33,35;14,25,27,28,29;6,10,17,19,20,21,34;3,4,16,23,28,29;12,13,14,18,22,27;14,17,22,23,26,32;14,16,18,23,25,30,36;2,3,8,10,12,23,25;16,18,28,36;7,9,12;3,8,12,27,33;8,22,32;6,19,24;2,6,22;18,28,30;4,5,16
jd632_881_6286_K 38 1,2,3,4,5;0,2,5,13,22;0,1,3,6,9,12,29,35;0,2,4,8,12,25,29,32;0,3,5,16,25,37;0,1,4,7,10,13,16,21,37;2,9,15,17,19,22,24,34,35;5,9,12,17,31;3,11,12,15,22,29,32,33;2,6,7,12,31;5,13,15,19,21,24,29;8,12,15,21,22;2,3,7,8,9,11,26,29,31,32;1,5,10,18,21,26;18,23,26,27,28;6,8,10,11,22;4,5,18,20,25,28,30,37;6,7,20,21,24,27;13,14,16,26,28,30,36;6,10,20,24,34;16,17,19,24;5,10,11,13,17,24;1,6,8,11,15,26,27,33,35;14,25,27,28,29;6,10,17,19,20,21,34;3,4,16,23,28,29;12,13,14,18,22,27;14,17,22,23,26,29;14,16,18,23,25,30,36;2,3,8,10,12,23,25,27;16,18,28,36;7,9,12;3,8,12,33;8,22,32;6,19,24;2,6,22;18,28,30;4,5,16
jh622_445_6464_K 34 1,2,3,4,5;0,2,5,13,22;0,1,3,6,9,12,29;0,2,4,8,12,29,32;0,3,5,16,25;0,1,4,7,10,13,16,19;2,9,15,17,22,24;5,9,12,17,31;3,11,12,15,22,29,32,33;2,6,7,12,25,31;5,13,15,19,21,24,29;8,12,15,16,19,21,22,25;2,3,7,8,9,11,26,29,31,32;1,5,10,18,21,26;18,23,26,27,28;6,8,10,11,22,33;4,5,11,18,25,28,30;6,7,20,21,24,27;13,14,16,26,28,30;5,10,11,20,24;17,19,24;10,11,13,17,24;1,6,8,11,15,26,27,33;14,25,27,28,29;6,10,17,19,20,21;4,9,11,16,23,28;12,13,14,18,22,27;14,17,22,23,26,32;14,16,18,23,25,30;2,3,8,10,12,23;16,18,28;7,9,12;3,8,12,27;8,15,22
jh622_445_6916_K 34 1,2,3,4,5;0,2,5,10,13;0,1,3,6,9,12,29;0,2,4,8,12,25,29,32;0,3,5,16,25;0,1,4,7,10,13,16,21;2,9,15,17,22,24;5,9,12,17,31;3,11,12,15,22,29,32,33;2,6,7,12,31;1,5,13,19,21,24,29;8,12,15,19,21,22;2,3,7,8,9,11,26,29,31,32;1,5,10,18,21,26;18,23,26,27,28;6,8,11,22,33;4,5,18,20,25,28,30;6,7,20,21,24,27;13,14,16,26,28,30;10,11,20,22,24;16,17,19,24;5,10,11,13,17,24;6,8,11,15,19,26,27,33;14,25,27,28,29;6,10,17,19,20,21;3,4,16,23,28,29;12,13,14,18,22,27;14,17,22,23,26,32;14,16,18,23,25,30;2,3,8,10,12,23,25;16,18,28;7,9,12;3,8,12,27;8,15,22
jh622_445_7428_K 34 1,2,3,4,5;0,2,5,7,10,22;0,1,3,6,9,12,29;0,2,4,8,12,25,29,32;0,3,5,16,25;0,1,4,7,10,13,15,16;2,9,15,17,22,24;1,5,9,12,15,17,31;3,11,12,21,22,29,32,33;2,6,7,12,31;1,5,13,15,19,24,29;8,12,15,19,21,22;2,3,7,8,9,11,26,29,31,32;5,10,18,21,26;18,23,26,27,28;5,6,7,10,11,33;4,5,18,20,25,28,30;6,7,20,21,24,27;13,14,16,26,28,30;10,11,20,24;16,17,19,24;8,11,13,17,22,24;1,6,8,11,21,26,27,33;14,25,27,28,29;6,10,17,19,20,21;3,4,16,23,28,29;12,13,14,18,22,27;14,17,22,23,26,29;14,16,18,23,25,30;2,3,8,10,12,23,25,27;16,18,28;7,9,12;3,8,12;8,15,22
jh622_445_7488_K 34 1,2,3,4,5;0,2,5,10,13,22;0,1,3,6,9,22,29,33;0,2,4,12,29,32;0,3,5,16,25;0,1,4,7,10,13,15,16;2,9,15,17,22,24;5,9,12,17,31;11,12,15,21,22,32,33;2,6,7,12,25,31;1,5,13,15,19,24,29;8,12,15,19,21,22;3,7,8,9,11,26,29,31,32;1,5,10,18,21,26;18,23,26,27,28;5,6,8,10,11,33;4,5,18,20,25,28,30;6,7,20,21,24,27;13,14,16,26,28,30;10,11,20,24;16,17,19,24,25;8,11,13,17,22,24;1,2,6,8,11,21,26,27,33;14,25,27,28,29;6,10,17,19,20,21;4,9,16,20,23,28;12,13,14,18,22,27;14,17,22,23,26,32;14,16,18,23,25,30;2,3,10,12,23;16,18,28;7,9,12;3,8,12,27;2,8,15,22
jc301_81_4263_K 30 1,2,3,4,5;0,2,5,13,17,22;0,1,3,6,9,12,22;0,2,4,12,25,29;0,3,5,16,25;0,1,4,7,13,16,17,19;2,8,10,15,19,22;5,10,21,26;6,11,19,20,21,22,29;2,11,12;6,7,13,15,19,24;8,9,15,16,21,22,24;2,3,9,20,26,29;1,5,10,18,21,22;18,23,26,27,28;6,10,11,17,24;4,5,11,18,25,28;1,5,15,24,27,29;13,14,16,26,28;5,6,8,10;8,12,21,22;7,8,11,13,20,22,24;1,2,6,8,11,13,20,21,26,27;14,25,27,28,29;10,11,15,17,21;3,4,16,23,28,29;7,12,14,18,22,27;14,17,22,23,26,29;14,16,18,23,25;3,8,12,17,23,25,27
jc301_81_4264_K 30 1,2,3,4,5;0,2,5,8,13,20,22;0,1,3,6,9,12,21,22;0,2,4,12,25,29;0,3,5,16,25;0,1,4,7,13,16,17,19;2,8,9,10,12,15,19;5,10,21,26;1,6,11,19,20,22,29;2,6,11,12;6,7,13,15,19,24;8,9,16,21,22,24;2,3,6,9,26,29;1,5,10,18,22;18,23,26,27,28;6,10,17,22,24;4,5,11,18,25,28;5,15,24,27,29;13,14,16,26,28;5,6,8,10;1,8,21,22;2,7,11,20,22,24;1,2,8,11,13,15,20,21,26,27;14,25,27,28,29;10,11,15,17,21;3,4,16,23,28,29;7,12,14,18,22,27;14,17,22,23,26,29;14,16,18,23,25;3,8,12,17,23,25,27
jc301_81_4284_K 30 1,2,3,4,5;0,2,5,8,13,20,22;0,1,3,6,9,12,21,22;0,2,4,12,25,29;0,3,5,16,25;0,1,4,7,13,16,17,19;2,8,9,10,12,19;5,10,21,26;1,6,11,19,20,22,29;2,6,11,12;6,7,13,15,19,24;8,9,15,16,21,22,24;2,3,6,9,26,29;1,5,10,18,22;18,23,26,27,28;10,11,17,22,24;4,5,11,18,25,28;5,15,24,27,29;13,14,16,26,28;5,6,8,10;1,8,21,22;2,7,11,20,22,24;1,2,8,11,13,15,20,21,26,27;14,25,27,28,29;10,11,15,17,21;3,4,16,23,28,29;7,12,14,18,22,27;14,17,22,23,26,29;14,16,18,23,25;3,8,12,17,23,25,27
jc301_81_4287_K 30 1,2,3,4,5;0,2,5,20,22;0,1,3,6,9,12,21,22;0,2,4,12,25,29;0,3,5,16,25;0,1,4,7,13,16,17,19;2,8,9,10,12,19;5,10,21,26;6,11,19,20,21,22,29;2,6,11,12;6,7,13,15,19,24;8,9,15,21,22,24;2,3,6,9,26,29;5,10,15,18,22;18,23,26,27,28;10,11,13,17,22,24;4,5,18,20,25,28;5,15,24,27,29;13,14,16,26,28;5,6,8,10;1,8,16,21,22;2,7,8,11,20,22,24;1,2,8,11,13,15,20,21,26,27;14,25,27,28,29;10,11,15,17,21;3,4,16,23,28,29;7,12,14,18,22,27;14,17,22,23,26,29;14,16,18,23,25;3,8,12,17,23,25,27
jc301_81_4291_K 30 1,2,3,4,5;0,2,5,20,22;0,1,3,6,9,12,21,22;0,2,4,12,25,29;0,3,5,16,25;0,1,4,7,13,16,17,19;2,8,9,10,12,19;5,10,21,26;6,11,19,20,21,22,29;2,6,11,12;6,7,13,15,19,24;8,9,15,16,21,22,24;2,3,6,9,26,29;5,10,18,21,22;18,23,26,27,28;10,11,17,22,24;4,5,11,18,25,28;5,15,24,27,29;13,14,16,26,28;5,6,8,10;1,8,21,22;2,7,8,11,13,20,22,24;1,2,8,11,13,15,20,21,26,27;14,25,27,28,29;10,11,15,17,21;3,4,16,23,28,29;7,12,14,18,22,27;14,17,22,23,26,29;14,16,18,23,25;3,8,12,17,23,25,27
jc301_81_4295_K 30 1,2,3,4,5;0,2,5,13,20,22;0,1,3,6,9,12,21,22;0,2,4,12,25,29;0,3,5,16,25;0,1,4,7,13,16,17,19;2,8,9,10,12,15,19;5,10,21,26;6,11,19,20,21,22,29;2,6,12,20;6,7,13,15,19,24;8,16,21,22,24;2,3,6,9,26,29;1,5,10,18,22;18,23,26,27,28;6,10,17,22,24;4,5,11,18,25,28;5,15,24,27,29;13,14,16,26,28;5,6,8,10;1,8,9,21,22;2,7,8,11,20,22,24;1,2,8,11,13,15,20,21,26,27;14,25,27,28,29;10,11,15,17,21;3,4,16,23,28,29;7,12,14,18,22,27;14,17,22,23,26,29;14,16,18,23,25;3,8,12,17,23,25,27
jc301_81_4297_K 30 1,2,3,4,5;0,2,5,20,22;0,1,3,6,9,12,21,22;0,2,4,12,25,29;0,3,5,16,25;0,1,4,7,13,16,17,19;2,9,15,17,19,24;5,10,21,26;11,19,20,21,22,29;2,6,12,20;7,13,15,19,20,24;8,16,21,22,24;2,3,9,20,26,29;5,10,15,18,22;18,23,26,27,28;6,10,13,17,22,24;4,5,11,18,25,28;5,6,15,24,27,29;13,14,16,26,28;5,6,8,10;1,8,9,10,12,21;2,7,8,11,20,22,24;1,2,8,11,13,15,21,26,27;14,25,27,28,29;6,10,11,15,17,21;3,4,16,23,28,29;7,12,14,18,22,27;14,17,22,23,26,29;14,16,18,23,25;3,8,12,17,23,25,27
jc301_81_4307_K 30 1,2,3,4,5;0,2,5,13,20,22;0,1,3,6,9,12,21,22;0,2,4,12,25,29;0,3,5,16,25;0,1,4,7,13,16,17,19;2,8,9,10,12,15,19;5,10,21,26;6,11,19,20,21,22,29;2,6,12,20;6,7,13,15,19,24;8,16,21,22,24;2,3,6,9,26,29;1,5,10,18,22;18,23,26,27,28;6,10,17,22,24;4,5,11,18,25,28;5,15,24,27,29;13,14,16,26,28;5,6,8,10;1,8,9,21,22;2,7,8,11,20,22,24;1,2,8,11,13,15,20,21,26,27;14,25,27,28,29;10,11,15,17,21;3,4,16,23,28,29;7,12,14,18,22,27;14,17,22,23,26,29;14,16,18,23,25;3,8,12,17,23,25,27
jc301_81_4315_K 30 1,2,3,4,5;0,2,5,13,20,22;0,1,3,6,9,12,21,22;0,2,4,12,25,29;0,3,5,16,25;0,1,4,7,13,16,17,19;2,8,9,10,12,15,19;5,10,21,26;6,11,19,20,21,22,29;2,6,12,20;6,7,13,15,19,24;8,16,21,22,24;2,3,6,9,26,29;1,5,10,18,22;18,23,26,27,28;6,10,17,22,24;4,5,11,18,25,28;5,15,24,27,29;13,14,16,26,28;5,6,8,10;1,8,9,21,22;2,7,8,11,20,22,24;1,2,8,11,13,15,20,21,26,27;14,25,27,28,29;10,11,15,17,21;3,4,16,23,28,29;7,12,14,18,22,27;14,17,22,23,26,29;14,16,18,23,25;3,8,12,17,23,25,27
jc301_81_4330_K 30 1,2,3,4,5;0,2,5,13,20,22;0,1,3,6,9,12,21,22;0,2,4,12,25,29;0,3,5,16,25;0,1,4,7,13,16,17,19;2,8,9,10,12,15,19,24;5,10,21,26;6,11,19,20,21,22,29;2,6,12,20;6,7,13,15,19,24;8,15,16,21,22;2,3,6,9,26,29;1,5,10,18,22;18,23,26,27,28;6,10,11,17,22,24;4,5,11,18,25,28;5,15,24,27,29;13,14,16,26,28;5,6,8,10;1,8,9,22;2,7,8,11,22,24;1,2,8,11,13,15,20,21,26,27;14,25,27,28,29;6,10,15,17,21;3,4,16,23,28,29;7,12,14,18,22,27;14,17,22,23,26,29;14,16,18,23,25;3,8,12,17,23,25,27
jc301_81_4344_K 30 1,2,3,4,5;0,2,5,20,22;0,1,3,6,9,12,21,22;0,2,4,12,25,29;0,3,5,16,25;0,1,4,7,13,16,17,19;2,10,15,19,24;5,10,21,26;11,19,20,21,22,29;2,11,12,20;6,7,13,15,19,20,24;8,9,15,21,22,24;2,3,9,20,26,29;5,10,15,18,22;18,23,26,27,28;6,10,11,13,17,22,24;4,5,18,20,25,28;5,15,24,27,29;13,14,16,26,28;5,6,8,10;1,8,9,10,12,16;2,7,8,11,22,24;1,2,8,11,13,15,21,26,27;14,25,27,28,29;6,10,11,15,17,21;3,4,16,23,28,29;7,12,14,18,22,27;14,17,22,23,26,29;14,16,18,23,25;3,8,12,17,23,25,27
jc301_81_4351_K 30 1,2,3,4,5;0,2,5,20,22;0,1,3,6,9,21,22;0,2,4,12,25,29;0,3,5,16,25;0,1,4,7,13,16,17,19;2,8,9,10,12,19;5,10,21,26;6,11,12,19,20,21,22;2,6,12,20;6,7,13,15,19,24;8,15,21,22,24;3,6,8,9,26,29;5,10,15,18,22;18,23,26,27,28;10,11,13,17,22,24;4,5,18,20,25,28;5,15,24,27,29;13,14,16,26,28;5,6,8,10;1,8,9,16,21,22;2,7,8,11,20,22,24;1,2,8,11,13,15,20,21,26,27;14,25,27,28,29;10,11,15,17,21,29;3,4,16,23,28,29;7,12,14,18,22,27;14,17,22,23,26,29;14,16,18,23,25;3,12,17,23,24,25,27
jc301_81_4358_K 30 1,2,3,4,5;0,2,5,20,22;0,1,3,6,9,21,22;0,2,4,12,25,29;0,3,5,16,25;0,1,4,7,13,16,17,19;2,8,9,10,12,15,19,24;5,10,18,21,22,26;6,11,12,19,20,21,22,29;2,6,12,20;6,7,13,15,19,24;8,15,16,22;3,6,8,9,26,29;5,10,21;18,23,26,27,28;6,10,11,17,22,24;4,5,11,18,25,28;5,15,24,27,29;7,14,16,26,28;5,6,8,10;1,8,9,21,22;2,7,8,13,20,22,24;1,2,7,8,11,15,20,21,26,27;14,25,27,28,29;6,10,15,17,21;3,4,16,23,28,29;7,12,14,18,22,27;14,17,22,23,26,29;14,16,18,23,25;3,8,12,17,23,25,27
jc301_81_4360_K 30 1,2,3,4,5;0,2,5,13,20,22;0,1,3,6,9,21,22;0,2,4,12,25,29;0,3,5,16,25;0,1,4,7,13,16,17,19;2,8,9,10,12,15,19,24;5,10,18,21,26;6,11,12,19,20,21,22,29;2,6,12,20;6,7,13,15,19,24;8,15,22;3,6,8,9,26,29;1,5,10,22;18,23,26,27,28;6,10,11,17,22,24;4,5,18,20,25,28;5,15,24,27,29;7,14,16,26,28;5,6,8,10;1,8,9,16,21,22;2,7,8,20,22,24;1,2,8,11,13,15,20,21,26,27;14,25,27,28,29;6,10,15,17,21;3,4,16,23,28,29;7,12,14,18,22,27;14,17,22,23,26,29;14,16,18,23,25;3,8,12,17,23,25,27
jc301_81_4362_K 30 1,2,3,4,5;0,2,5,20,22;0,1,3,6,9,12,19,22;0,2,4,12,25,29;0,3,5,16,25;0,1,4,7,13,16,17,19;2,8,9,10,12,15,19,24;5,10,18,21,22,26;6,19,20,21,22,29;2,6,12,20;6,7,13,15,19,24;15,17,24;2,3,6,9,26,29;5,10,21;18,23,26,27,28;6,10,11,17,22,24;4,5,18,20,25,28;5,11,15,24,27,29;7,14,16,26,28;2,5,6,8,10;1,8,9,16,21,22;7,8,13,20,22,24;1,2,7,8,15,20,21,26,27;14,25,27,28,29;6,10,11,15,17,21;3,4,16,23,28,29;7,12,14,18,22,27;14,17,22,23,26,29;14,16,18,23,25;3,8,12,17,23,25,27
jc301_81_4364_K 30 1,2,3,4,5;0,2,5,20,22;0,1,3,6,9,12,19,22;0,2,4,12,25,29;0,3,5,16,25;0,1,4,7,13,16,17,19;2,8,9,10,12,19,24;5,10,18,21,26;6,19,20,21,22,29;2,6,12,20;6,7,13,15,19,24;15,17,21,24;2,3,6,9,26,29;5,10,15,22;18,23,26,27,28;10,11,13,22,24;4,5,18,20,25,28;5,11,19,24,27,29;7,14,16,26,28;2,5,6,8,10,17;1,8,9,16,21,22;7,8,11,20,22,24;1,2,8,13,15,20,21,26,27;14,25,27,28,29;6,10,11,15,17,21;3,4,16,23,28,29;7,12,14,18,22,27;14,17,22,23,26,29;14,16,18,23,25;3,8,12,17,23,25,27
jc301_81_4369_K 30 1,2,3,4,5;0,2,5,13,20,22;0,1,3,6,9,12,19,21,22;0,2,4,12,25,29;0,3,5,16,25;0,1,4,7,13,16,17,19;2,8,9,10,12,15,19,24;5,10,21,22,26;6,19,20,22,29;2,6,12,20;6,7,13,15,19,24;15,17,24;2,3,6,9,26,29;1,5,10,18;18,23,26,27,28;6,10,11,22,24;4,5,18,20,25,28;5,11,19,24,27,29;13,14,16,26,28;2,5,6,8,10,17;1,8,9,16,21,22;2,7,20,22,24;1,2,7,8,15,20,21,26,27;14,25,27,28,29;6,10,11,15,17,21;3,4,16,23,28,29;7,12,14,18,22,27;14,17,22,23,26,29;14,16,18,23,25;3,8,12,17,23,25,27
jc301_81_4370_K 30 1,2,3,4,5;0,2,5,13,20,22;0,1,3,6,9,12,19,21,22;0,2,4,12,25,29;0,3,5,16,25;0,1,4,7,13,16,17;2,12,15,17,19,24;5,9,16,18,26;11,20,21,22,29;2,7,11,12,20;13,19,20,24;8,9,15,17,25;2,3,6,9,20,26,29;1,5,10,18,22;18,23,26,27,28;6,11,17,24;4,5,7,18,25,28;5,6,11,15,19,24,27;7,13,14,16,26,28;2,6,10,17,22;1,8,9,10,12,21;2,8,20,22,24;1,2,8,13,19,21,26,27,29;14,25,27,28,29;6,10,15,17,21,29;3,4,11,16,23,28;7,12,14,18,22,27;14,17,22,23,26,29;14,16,18,23,25;3,8,12,22,23,24,27
jc301_81_4372_K 30 1,2,3,4,5;0,2,5,13,20,22;0,1,3,6,9,12,19,21,22;0,2,4,12,25,29;0,3,5,16,25;0,1,4,7,13,16,17;2,8,12,15,17,19,24;5,10,21,22,26;6,19,20,22;2,12,20;7,11,13,15,24,29;10,15,17,21,24;2,3,6,9,26,29;1,5,10,18;18,23,26,27,28;6,10,11,17,24;4,5,18,20,25,28;5,6,11,15,19,24,27;13,14,16,26,28;2,6,8,17,22;1,8,9,16,21,22;2,7,11,20,22,24;1,2,7,8,19,20,21,26,27;14,25,27,28,29;6,10,11,15,17,21,29;3,4,16,23,28,29;7,12,14,18,22,27;14,17,22,23,26,29;14,16,18,23,25;3,10,12,23,24,25,27
jc301_81_4379_K 30 1,2,3,4,5;0,2,5,6,22;0,1,3,6,9,12,19,21,22;0,2,4,12,25,29;0,3,5,16,25;0,1,4,7,13,16,17;1,2,8,9,12,15,19;5,10,18,21,22,26;6,11,19,22,29;2,6,11,12;7,13,15,19,20,24;8,9,17,21,22,24;2,3,6,9,20,26,29;5,10,21;18,23,26,27,28;6,10,17,24;4,5,18,20,25,28;5,11,15,24,27;7,14,16,26,28;2,6,8,10,22;10,12,16,21,24;2,7,11,13,20,22,24;1,2,7,8,11,19,21,26,27,29;14,25,27,28,29;10,11,15,17,20,21;3,4,16,23,28,29;7,12,14,18,22,27;14,17,22,23,26,29;14,16,18,23,25;3,8,12,22,23,25,27
jc301_81_4384_K 30 1,2,3,4,5;0,2,5,6,20,22;0,1,3,6,9,12,19,21,22;0,2,4,12,25,29;0,3,5,16,25;0,1,4,7,13,16,17;1,2,10,15,17,19,24;5,9,16,18,26;19,20,22,29;2,7,12,20;6,11,13,15,19,20,24;10,21,24;2,3,9,20,26,29;5,10,15,18,22;18,23,26,27,28;6,10,13,24;4,5,7,18,25,28;5,6,19,24,27;7,13,14,16,26,28;2,6,8,10,17,22;1,8,9,10,12,21,24;2,11,20,22,24;1,2,8,13,19,21,26,27,29;14,25,27,28,29;6,10,11,15,17,20,21;3,4,16,23,28,29;7,12,14,18,22,27;14,17,22,23,26,29;14,16,18,23,25;3,8,12,22,23,25,27
jc301_81_4390_K 30 1,2,3,4,5;0,2,5,20,22;0,1,3,6,9,12,15,22;0,2,4,12,25,29;0,3,5,16,25;0,1,4,7,13,16,17;2,8,9,15,18,19,22,24;5,10,18,21,26;6,19,20,21,22;2,6,12,20;7,11,13,15,19,20,24;10,16,21,24;2,3,9,20,26,29;5,10,15,22;18,23,26,27,28;2,6,10,13,24;4,5,11,18,25,28;5,19,24,27,29;6,7,14,16,26,28;6,8,10,17,22;1,8,9,10,12,21;7,8,11,20,22,24;1,2,6,8,13,19,21,26,27;14,25,27,28,29;6,10,11,15,17,21,29;3,4,16,23,28,29;7,12,14,18,22,27;14,17,22,23,26,29;14,16,18,23,25;3,12,17,23,24,25,27
jc301_81_4394_K 30 1,2,3,4,5;0,2,5,6,20,22;0,1,3,6,9,12,21,22;0,2,4,12,25,29;0,3,5,16,25;0,1,4,7,13,16,17;1,2,8,9,10,15,19,24;5,9,16,18,26;6,11,19,21,22,29;2,6,7,12;6,13,19,20,24;8,21,22;2,3,9,20,26,29;5,10,15,18,22;18,23,26,27,28;6,13,17,24;4,5,7,18,25,28;5,15,19,20,24,27;7,13,14,16,26,28;6,8,10,17,22;1,10,12,17,21,24;2,8,11,20,22,24;1,2,8,11,13,19,21,26,27,29;14,25,27,28,29;6,10,15,17,20,21;3,4,16,23,28,29;7,12,14,18,22,27;14,17,22,23,26,29;14,16,18,23,25;3,8,12,22,23,25,27
