qs11_5_20 25 1,3,4,5;0,3,2,6,5;1,3,8,7,6;0,1,2,8,9,4;0,3,9,10,11,5;0,1,6,12,18,11,4;1,2,7,14,13,12,5;2,6,14,15,8;2,3,9,16,15,7;3,4,10,16,8;4,9,16,17,18,11;4,5,18,10;5,6,13,19,18;6,12,19,20,14;6,7,15,21,20,13;7,8,16,21,14;8,9,10,17,22,21,15;10,16,22,23,18;5,11,10,17,23,19,12;12,13,20,24,23,18;13,14,21,24,19;14,15,16,22,24,20;16,17,23,24,21;17,18,19,24,22;19,20,21,22,23
qs11_9_2 25 1,2,3,4,5;0,2,7,6,5;0,1,7,8,3;0,2,8,9,10,4;0,3,10,11,5;0,1,6,12,11,4;1,5,12,13,14,7;1,2,8,15,14,6;2,3,9,16,15,7;3,8,16,23,17,10;3,4,11,18,17,9;4,5,12,18,10;5,6,13,19,18,11;6,12,19,20,21,14;6,7,15,21,13;7,8,16,22,21,14;8,9,23,22,15;9,10,18,24,23;10,11,12,19,24,17;12,13,20,24,18;13,19,24,23,22,21;13,14,15,22,20;15,16,23,20,21;9,16,22,20,24,17;17,18,19,20,23
qs11_38_0 17 1,2,3,4,5;0,2,7,6,5;0,1,7,8,3;0,2,8,9,4;0,3,9,10,5;0,1,6,10,4;1,5,10,11,12,7;1,2,8,13,12,6;2,3,9,14,13,7;3,4,10,15,14,8;4,5,6,11,15,9;6,10,15,16,12;6,7,13,16,11;7,8,14,16,12;8,9,15,16,13;9,10,11,16,14;11,12,13,14,15
qs11_61_12 24 1,2,3,4;0,2,7,5,4;0,1,7,8,3;0,2,8,9,10,4;0,1,5,10,3;1,4,10,11,6,7;5,7,13,12,11;1,2,8,14,13,6,5;2,3,9,15,14,7;3,8,15,21,16,10;3,4,5,11,17,16,9;5,6,12,17,10;6,11,17,18,19,13;6,7,14,20,19,12;7,8,15,20,13;8,9,21,20,14;9,10,17,22,21;10,11,12,18,22,16;12,17,22,23,19;12,13,20,23,18;13,14,15,21,22,23,19;9,15,20,22,16;16,17,18,23,20,21;18,19,20,22
qs11_98_136 25 1,2,7,8,14,3,5,4,11,12,19;0,2,6,19;0,1,6,7;0,5,15,21,14;0,5,9,11;0,3,15,9,4;1,2,7,8,13,20,19;0,2,6,8;0,7,6,13,14;4,5,15,16,10,17,11;9,17,23,22,16;0,4,9,17,12;0,11,17,18,19;6,8,14,20;0,3,21,24,20,13,8;3,5,9,16,22,21;9,10,22,15;9,10,23,18,12,11;12,17,23,20,19;0,1,6,20,18,12;6,13,14,24,23,18,19;3,14,24,22,15;10,16,15,21,24,23;10,17,18,20,24,22;14,20,23,22,21
qs11_115_1 24 1,2,3,4,5;0,2,7,6,5;0,1,7,8,3;0,2,8,9,4;0,3,9,10,11,12,5;0,1,6,12,4;1,5,12,19,13,7;1,2,8,14,13,6;2,3,9,15,14,7;3,4,10,16,15,8;4,9,16,17,11;4,10,17,18,12;4,5,6,19,18,11;6,7,14,20,19;7,8,15,20,13;8,9,16,21,20,14;9,10,17,22,21,15;10,11,18,22,16;11,12,19,23,22,17;6,12,18,23,20,13;13,14,15,21,23,19;15,16,22,23,20;16,17,18,23,21;18,19,20,21,22
qs11_115_12 24 1,2,3,4,5;0,2,7,6,5;0,1,7,8,3;0,2,8,9,4;0,3,9,10,11,12,5;0,1,6,12,4;1,5,12,19,13,7;1,2,8,14,13,6;2,3,9,15,14,7;3,4,10,16,15,8;4,9,16,22,17,11;4,10,17,18,12;4,5,6,19,18,11;6,7,14,20,19;7,8,15,20,13;8,9,16,21,20,14;9,10,22,21,15;10,11,18,22;11,12,19,23,22,17;6,12,18,23,20,13;13,14,15,21,23,19;15,16,22,23,20;10,16,21,23,18,17;18,19,20,21,22
qs11_115_21 24 1,2,3,4,5;0,2,7,6,5;0,1,7,8,3;0,2,8,9,4;0,3,9,10,11,12,5;0,1,6,12,4;1,5,12,19,13,7;1,2,8,14,13,6;2,3,9,15,14,7;3,4,10,16,15,8;4,9,16,22,17,11;4,10,17,18,12;4,5,6,19,18,11;6,7,14,20,19;7,8,15,20,13;8,9,16,21,20,14;9,10,22,21,15;10,11,18,23,22;11,12,19,23,17;6,12,18,23,20,13;13,14,15,21,23,19;15,16,22,23,20;10,16,21,23,17;17,18,19,20,21,22
qs11_115_24 24 1,2,3,4,5;0,2,7,6,5;0,1,7,8,3;0,2,8,9,4;0,3,9,10,11,12,5;0,1,6,12,4;1,5,12,19,20,13,7;1,2,8,14,13,6;2,3,9,15,14,7;3,4,10,16,15,8;4,9,16,22,17,11;4,10,17,18,12;4,5,6,19,18,11;6,7,14,20;7,8,15,20,13;8,9,16,21,20,14;9,10,22,21,15;10,11,18,22;11,12,19,23,22,17;6,12,18,23,20;6,13,14,15,21,23,19;15,16,22,23,20;10,16,21,23,18,17;18,19,20,21,22
qs12_2_39 31 1,2,3,13,4,5;0,2,8,7,6,5;0,1,8,9,3;0,2,9,10,11,12,13;0,5,14,13;0,1,6,16,15,14,4;1,5,16,17,18,7;1,6,18,19,20,21,8;1,2,9,22,21,7;2,3,10,22,8;3,9,22,23,11;3,10,23,24,12;3,11,24,25,13;0,3,12,25,14,4;4,5,15,25,13;5,14,25,26,16;5,6,17,26,15;6,16,26,27,28,18;6,7,19,28,17;7,18,28,29,20;7,19,29,30,21;7,8,22,30,20;8,9,10,23,30,21;10,11,24,29,30,22;11,12,25,27,29,23;12,13,14,15,26,27,24;15,16,17,27,25;17,26,25,24,29,28;17,18,19,29,27;19,20,30,23,24,27,28;20,21,22,23,29
qs12_2_94 31 1,2,3,4,5;0,2,8,7,6,5;0,1,8,9,3;0,2,9,10,11,12,13,4;0,3,13,14,5;0,1,6,16,15,14,4;1,5,16,17,18,7;1,6,18,19,20,21,8;1,2,9,22,21,7;2,3,10,22,8;3,9,22,23,11;3,10,23,24,12;3,11,24,25,13;3,4,14,25,12;4,5,15,25,13;5,14,25,26,17,16;5,6,17,15;6,16,15,26,27,28,18;6,7,19,28,17;7,18,28,29,20;7,19,29,30,21;7,8,22,30,20;8,9,10,23,30,21;10,11,24,29,30,22;11,12,25,27,29,23;12,13,14,15,26,27,24;15,25,27,17;17,26,25,24,29,28;17,18,19,29,27;19,20,30,23,24,27,28;20,21,22,23,29
qs12_2_113 31 1,2,3,4,5;0,2,8,7,6,5;0,1,8,9,3;0,2,9,10,11,12,13,4;0,3,13,14,5;0,1,6,16,15,14,4;1,5,16,17,18,7;1,6,18,19,20,21,8;1,2,9,22,21,7;2,3,10,22,8;3,9,22,30,23,11;3,10,23,24,12;3,11,24,25,13;3,4,14,25,12;4,5,15,25,13;5,14,25,26,16;5,6,17,26,15;6,16,26,27,28,18;6,7,19,28,17;7,18,28,29,20;7,19,29,30,21;7,8,22,30,20;8,9,10,30,21;10,11,24,29,30;11,12,25,27,29,23;12,13,14,15,26,27,24;15,16,17,27,25;17,26,25,24,29,28;17,18,19,29,27;19,20,30,23,24,27,28;10,22,21,20,29,23
qs12_12_1 32 1,2,3,4,5;0,2,9,8,7,6,5;0,1,9,10,11,3;0,2,11,12,4;0,3,12,13,14,15,5;0,1,6,15,4;1,5,15,16,7;1,6,16,17,8;1,7,17,18,19,9;1,2,10,19,8;2,9,19,20,11;2,3,12,21,20,10;3,4,13,21,11;4,12,21,22,23,14;4,13,23,24,15;4,5,6,16,24,14;6,7,17,25,24,15;7,8,18,26,25,16;8,17,26,27,19;8,9,10,20,28,27,18;10,11,21,29,28,19;11,12,13,22,29,20;13,21,29,30,23;13,14,24,25,31,30,22;14,15,16,25,23;16,17,26,31,23,24;17,18,27,31,25;18,19,28,31,26;19,20,29,30,31,27;20,21,22,30,28;22,23,31,28,29;23,25,26,27,28,30
qs12_12_3 32 1,2,3,4,5;0,2,9,8,7,6,5;0,1,9,10,11,3;0,2,11,12,4;0,3,12,13,14,15,5;0,1,6,15,4;1,5,15,16,7;1,6,16,17,8;1,7,17,18,19,9;1,2,10,19,8;2,9,19,20,11;2,3,12,21,20,10;3,4,13,21,11;4,12,21,22,23,14;4,13,23,24,15;4,5,6,16,24,14;6,7,17,25,24,15;7,8,18,26,25,16;8,17,26,27,28,19;8,9,10,20,28,18;10,11,21,29,28,19;11,12,13,22,29,20;13,21,29,30,23;13,14,24,25,31,30,22;14,15,16,25,23;16,17,26,31,23,24;17,18,27,31,25;18,26,31,28;18,19,20,29,30,31,27;20,21,22,30,28;22,23,31,28,29;23,25,26,27,28,30
