sp901_16_62 28 2,3,15,17,12,23;4,6,14,11,21,25;0,3,24,16,23;0,2,24,20,15;1,6,27,7,21,26,25;9,10,27,12,23,16;1,14,17,12,27,4;4,27,13,22,21;11,14,17,15,25;5,10,18,20,24,16;5,9,18,13,27;1,14,8,25,26,21;0,17,6,27,5,23;7,22,19,18,10,27;1,6,17,8,11;0,3,20,19,25,8,17;2,23,5,9,24;0,12,6,14,8,15;9,10,13,19,20;13,18,20,15,25,22;3,15,19,18,9,24;1,25,22,7,4,26,11;7,21,25,19,13;0,2,16,5,12;2,3,20,9,16;1,21,22,19,15,8,11,26,4;4,25,11,21;4,6,12,5,10,13,7
sp901_2549_98 28 12,15,22,19,23;8,11,25,21,15;3,23,16,24,20;2,23,19,20;6,17,7,26,25;9,18,27,13,23,16;4,17,14,21,25;4,17,27,18,22,26;1,11,14,17,27,12,15;5,18,20,24,16;13,23,27;1,8,14,22,26,25;0,15,8,27,23;5,23,10,27;6,21,22,11,8,17;0,12,8,1,21,22;2,23,5,9,24;4,6,14,8,27,7;5,9,20,19,22,7,27;0,23,3,20,18,22;2,3,19,18,9,24;1,25,6,14,22,15;0,15,21,14,11,26,7,18,19;0,19,3,2,16,5,13,10,27,12;2,16,9,20;1,21,6,4,26,11;4,7,22,11,25;5,13,10,23,12,8,17,7,18
sp901_2549_107 28 12,15,22,19,23;8,11,25,21,15;3,23,16,24,20;2,23,19,20;6,17,7,26,25;9,18,27,13,23,16;4,17,14,21,25;4,17,27,18,22,26;1,11,14,17,27,12,15;5,18,19,20,24,16;13,23,27;1,8,14,22,26,25;0,15,8,27,23;5,23,10,27;6,21,22,11,8,17;0,12,8,1,21,22;2,23,5,9,24;4,6,14,8,27,7;5,9,19,22,7,27;0,23,3,20,9,18,22;2,3,19,9,24;1,25,6,14,22,15;0,15,21,14,11,26,7,18,19;0,19,3,2,16,5,13,10,27,12;2,16,9,20;1,21,6,4,26,11;4,7,22,11,25;5,13,10,23,12,8,17,7,18
sp901_2549_134 28 12,15,22,19,23;8,11,25,21,15;3,23,16,24,20;2,23,19,20;6,17,7,26,25;9,18,27,13,10,23,16;4,17,14,21,25;4,17,27,18,22,26;1,11,14,17,27,12,15;5,18,19,20,24,16;5,13,27,23;1,8,14,22,26,25;0,15,8,27,23;5,10,27;6,21,22,11,8,17;0,12,8,1,21,22;2,23,5,9,24;4,6,14,8,27,7;5,9,19,22,7,27;0,23,3,20,9,18,22;2,3,19,9,24;1,25,6,14,22,15;0,15,21,14,11,26,7,18,19;0,19,3,2,16,5,10,27,12;2,16,9,20;1,21,6,4,26,11;4,7,22,11,25;5,13,10,23,12,8,17,7,18
sp901_2549_150 28 12,15,22,19,23;8,11,25,21,15;3,23,16,24,20;2,23,19,20;6,17,7,26,25;10,13,27,18,16,23;4,17,14,21,25;4,17,27,18,22,26;1,11,14,17,27,12,15;16,18,19,20,24;5,13,27,23;1,8,14,22,26,25;0,15,8,27,23;5,10,27;6,21,22,11,8,17;0,12,8,1,21,22;2,23,5,18,9,24;4,6,14,8,27,7;5,16,9,19,22,7,27;0,23,3,20,9,18,22;2,3,19,9,24;1,25,6,14,22,15;0,15,21,14,11,26,7,18,19;0,19,3,2,16,5,10,27,12;2,16,9,20;1,21,6,4,26,11;4,7,22,11,25;5,13,10,23,12,8,17,7,18
sp901_2549_151 28 12,15,22,19,23;8,11,25,21,15;3,23,16,24,20;2,23,19,20;6,17,7,26,25;9,16,23,10,13,27,18;4,17,14,21,25;4,17,27,18,22,26;1,11,14,17,27,12,15;5,16,24,20,19,18;5,13,27,23;1,8,14,22,26,25;0,15,8,27,23;5,10,27;6,21,22,11,8,17;0,12,8,1,21,22;2,23,5,9,24;4,6,14,8,27,7;5,9,19,22,7,27;0,23,3,20,9,18,22;2,3,19,9,24;1,25,6,14,22,15;0,15,21,14,11,26,7,18,19;0,19,3,2,16,5,10,27,12;2,16,9,20;1,21,6,4,26,11;4,7,22,11,25;5,13,10,23,12,8,17,7,18
sp901_2549_190 28 12,15,22,19,23;8,11,25,21,15;3,23,16,24,20;2,23,19,20;6,17,7,26,25;9,23,10,13,27,18;4,17,14,21,25;4,17,27,18,22,26;1,11,14,17,27,12,15;5,23,16,24,20,19,18;5,13,27,23;1,8,14,22,26,25;0,15,8,27,23;5,10,27;6,21,22,11,8,17;0,12,8,1,21,22;2,23,9,24;4,6,14,8,27,7;5,9,19,22,7,27;0,23,3,20,9,18,22;2,3,19,9,24;1,25,6,14,22,15;0,15,21,14,11,26,7,18,19;0,19,3,2,16,9,5,10,27,12;2,16,9,20;1,21,6,4,26,11;4,7,22,11,25;5,13,10,23,12,8,17,7,18
sp901_2549_219 28 12,15,22,19,23;8,11,25,21,15;3,23,16,24,20;2,23,19,20;6,17,7,26,25;9,16,23,10,13,27,18;4,17,14,21,25;4,17,27,18,22,26;1,11,14,17,27,12,15;5,16,24,20,19,18;5,13,27,23;1,8,14,22,26,25;0,15,8,27,23;5,10,27;6,21,22,11,8,17;0,12,8,1,21,22;2,23,5,9,24;4,6,14,8,27,7;5,9,19,22,7,27;0,23,3,20,9,18,22;2,3,19,9,24;1,25,6,14,22,15;0,15,21,14,11,26,7,18,19;0,19,3,2,16,5,10,27,12;2,16,9,20;1,21,6,4,26,11;4,7,22,11,25;5,13,10,23,12,8,17,7,18
sp901_2549_227 28 12,15,22,19,23;8,11,25,21,15;3,23,16,24,20;2,23,19,20;6,17,7,26,25;9,16,23,10,13,27,18;4,17,14,21,25;4,17,27,18,22,26;1,11,14,17,27,12,15;5,16,24,20,18;5,13,27,23;1,8,14,22,26,25;0,15,8,27,23;5,10,27;6,21,22,11,8,17;0,12,8,1,21,22;2,23,5,9,24;4,6,14,8,27,7;5,9,20,19,22,7,27;0,23,3,20,18,22;2,3,19,18,9,24;1,25,6,14,22,15;0,15,21,14,11,26,7,18,19;0,19,3,2,16,5,10,27,12;2,16,9,20;1,21,6,4,26,11;4,7,22,11,25;5,13,10,23,12,8,17,7,18
sp901_2549_236 28 12,15,22,19,23;8,11,25,21,15;3,23,16,24,20;2,23,19,20;6,17,7,26,25;9,16,23,13,27,18;4,17,14,21,25;4,17,27,18,22,26;1,11,14,17,27,12,15;5,16,24,20,18;13,23,27;1,8,14,22,26,25;0,15,8,27,23;5,23,10,27;6,21,22,11,8,17;0,12,8,1,21,22;2,23,5,9,24;4,6,14,8,27,7;5,9,20,19,22,7,27;0,23,3,20,18,22;2,3,19,18,9,24;1,25,6,14,22,15;0,15,21,14,11,26,7,18,19;0,19,3,2,16,5,13,10,27,12;2,16,9,20;1,21,6,4,26,11;4,7,22,11,25;5,13,10,23,12,8,17,7,18
sp901_2549_244 28 12,15,22,19,23;8,11,25,21,15;3,23,16,24,20;2,23,19,20;6,17,7,26,25;9,16,23,10,13,27,18;4,17,14,21,25;4,17,27,18,22,26;1,11,14,17,27,12,15;5,16,24,20,18;5,13,27,23;1,8,14,22,26,25;0,15,8,27,23;5,10,27;6,21,22,11,8,17;0,12,8,1,21,22;2,23,5,9,24;4,6,14,8,27,7;5,9,20,19,22,7,27;0,23,3,20,18,22;2,3,19,18,9,24;1,25,6,14,22,15;0,15,21,14,11,26,7,18,19;0,19,3,2,16,5,10,27,12;2,16,9,20;1,21,6,4,26,11;4,7,22,11,25;5,13,10,23,12,8,17,7,18
sp901_2549_245 28 12,15,22,19,23;8,11,25,21,15;3,23,16,24,20;2,23,19,20;6,17,7,26,25;9,16,23,10,13,27,18;4,17,14,21,25;4,17,27,18,22,26;1,11,14,17,27,12,15;5,16,24,20,18;5,13,23;1,8,14,22,26,25;0,15,8,27,23;5,10,23,27;6,21,22,11,8,17;0,12,8,1,21,22;2,23,5,9,24;4,6,14,8,27,7;5,9,20,19,22,7,27;0,23,3,20,18,22;2,3,19,18,9,24;1,25,6,14,22,15;0,15,21,14,11,26,7,18,19;0,19,3,2,16,5,10,13,27,12;2,16,9,20;1,21,6,4,26,11;4,7,22,11,25;5,13,23,12,8,17,7,18
sp901_2549_260 28 12,15,22,19,23;8,11,25,21,15;3,23,16,24,20;2,23,19,20;6,17,7,26,25;9,16,23,10,27,18;4,17,14,21,25;4,17,27,18,22,26;1,11,14,17,27,12,15;5,16,24,20,18;5,27,13,23;1,8,14,22,26,25;0,15,8,27,23;10,23,27;6,21,22,11,8,17;0,12,8,1,21,22;2,23,5,9,24;4,6,14,8,27,7;5,9,20,19,22,7,27;0,23,3,20,18,22;2,3,19,18,9,24;1,25,6,14,22,15;0,15,21,14,11,26,7,18,19;0,19,3,2,16,5,10,13,27,12;2,16,9,20;1,21,6,4,26,11;4,7,22,11,25;5,10,13,23,12,8,17,7,18
sp901_2549_279 28 12,15,22,19,23;8,11,25,21,15;3,23,16,24,20;2,23,19,20;6,17,7,26,25;9,16,23,13,10,27,18;4,17,14,21,25;4,17,27,18,22,26;1,11,14,17,27,12,15;5,16,24,20,18;5,27,13;1,8,14,22,26,25;0,15,8,27,23;5,10,27,23;6,21,22,11,8,17;0,12,8,1,21,22;2,23,5,9,24;4,6,14,8,27,7;5,9,20,19,22,7,27;0,23,3,20,18,22;2,3,19,18,9,24;1,25,6,14,22,15;0,15,21,14,11,26,7,18,19;0,19,3,2,16,5,13,27,12;2,16,9,20;1,21,6,4,26,11;4,7,22,11,25;5,10,13,23,12,8,17,7,18
sp901_2549_287 28 12,15,22,19,23;8,11,25,21,15;3,23,16,24,20;2,23,19,20;6,17,7,26,25;9,16,23,13,10,27,18;4,17,14,21,25;4,17,27,18,22,26;1,11,14,17,27,12,15;5,16,24,20,19,18;5,27,13;1,8,14,22,26,25;0,15,8,27,23;5,10,27,23;6,21,22,11,8,17;0,12,8,1,21,22;2,23,5,9,24;4,6,14,8,27,7;5,9,19,22,7,27;0,23,3,20,9,18,22;2,3,19,9,24;1,25,6,14,22,15;0,15,21,14,11,26,7,18,19;0,19,3,2,16,5,13,27,12;2,16,9,20;1,21,6,4,26,11;4,7,22,11,25;5,10,13,23,12,8,17,7,18
sp901_2549_298 28 12,15,22,19,23;8,11,25,21,15;3,23,16,24,20;2,23,19,20;6,17,7,26,25;9,23,13,10,27,18;4,17,14,21,25;4,17,27,18,22,26;1,11,14,17,27,12,15;5,23,16,24,20,19,18;5,27,13;1,8,14,22,26,25;0,15,8,27,23;5,10,27,23;6,21,22,11,8,17;0,12,8,1,21,22;2,23,9,24;4,6,14,8,27,7;5,9,19,22,7,27;0,23,3,20,9,18,22;2,3,19,9,24;1,25,6,14,22,15;0,15,21,14,11,26,7,18,19;0,19,3,2,16,9,5,13,27,12;2,16,9,20;1,21,6,4,26,11;4,7,22,11,25;5,10,13,23,12,8,17,7,18
sp901_637_262 28 3,16,24,12,27,5,23;4,6,21,19,11;3,5,23;0,16,5,2,23;1,6,7,25,26,11;0,23,2,3,16,18,10,27;1,21,14,27,7,4;4,6,27,17,25;11,26,14,27,12,15,19;10,18,16,20,19;5,27,13,19,9,18;1,19,8,26,4;0,24,16,15,8,27;10,19,21,22,27;6,27,8,26,25,21;8,12,16,20,19;0,3,5,18,9,20,15,12,24;7,25,21,22,27;5,16,9,10;1,11,8,15,20,9,10,13,21;9,16,15,19;1,6,14,25,17,22,13,19;13,27,17,21;0,5,2,3;0,12,16;4,7,17,21,14,26;4,11,8,14,25;0,5,10,13,22,17,7,6,14,8,12
sp901_637_275 28 5,23,16,24,12,27;4,6,21,19,11;3,5,23;2,5,16,23;1,6,7,25,26,11;0,23,2,3,16,18,10,27;1,21,14,27,7,4;4,6,27,17,25;11,26,14,27,12,15,19;10,18,16,20,19;5,27,13,19,9,18;1,19,8,26,4;0,24,16,15,8,27;10,19,21,22,27;6,27,8,26,25,21;8,12,16,20,19;0,23,3,5,18,9,20,15,12,24;7,25,21,22,27;5,16,9,10;1,11,8,15,20,9,10,13,21;9,16,15,19;1,6,14,25,17,22,13,19;13,27,17,21;0,5,2,3,16;0,12,16;4,7,17,21,14,26;4,11,8,14,25;0,5,10,13,22,17,7,6,14,8,12
sp901_637_278 28 5,23,16,24,12,27;4,6,21,19,11;3,5,23;2,5,16,23;1,6,7,25,26,11;0,23,2,3,16,18,10,27;1,21,14,27,7,4;4,6,27,17,25;11,26,14,27,12,19;10,18,16,20,19;5,27,13,19,9,18;1,19,8,26,4;0,24,16,15,19,8,27;10,19,21,22,27;6,27,8,26,25,21;12,16,20,19;0,23,3,5,18,9,20,15,12,24;7,25,21,22,27;5,16,9,10;1,11,8,12,15,20,9,10,13,21;9,16,15,19;1,6,14,25,17,22,13,19;13,27,17,21;0,5,2,3,16;0,12,16;4,7,17,21,14,26;4,11,8,14,25;0,5,10,13,22,17,7,6,14,8,12
sp901_637_279 28 5,23,16,24,27;4,6,21,19,11;3,5,23;2,5,16,23;1,6,7,25,26,11;0,23,2,3,16,18,10,27;1,21,14,27,7,4;4,6,27,17,25;11,26,14,27,12,19;10,18,16,20,19;5,27,13,19,9,18;1,19,8,26,4;8,19,15,16,24,27;10,19,21,22,27;6,27,8,26,25,21;12,16,20,19;0,23,3,5,18,9,20,15,12,24;7,25,21,22,27;5,16,9,10;1,11,8,12,15,20,9,10,13,21;9,16,15,19;1,6,14,25,17,22,13,19;13,27,17,21;0,5,2,3,16;0,27,12,16;4,7,17,21,14,26;4,11,8,14,25;0,24,12,8,14,6,7,17,22,13,10,5
sp901_637_294 28 5,23,16,24,27;4,6,21,19,11;3,5,23,16;2,5,16;1,6,7,25,26,11;0,23,2,3,16,18,10,27;1,21,14,27,7,4;4,6,27,17,25;11,26,14,27,12,19;10,18,16,20,19;5,27,13,19,9,18;1,19,8,26,4;8,19,15,16,24,27;10,19,21,22,27;6,27,8,26,25,21;12,16,20,19;0,23,2,3,5,18,9,20,15,12,24;7,25,21,22,27;5,16,9,10;1,11,8,12,15,20,9,10,13,21;9,16,15,19;1,6,14,25,17,22,13,19;13,27,17,21;0,5,2,16;0,27,12,16;4,7,17,21,14,26;4,11,8,14,25;0,24,12,8,14,6,7,17,22,13,10,5
sp901_29_117 28 4,16,12,10,22,24;3,16,20,8,5,14,17;9,15,18,14,17,16,26;1,16,17;0,16,20,13,23,24;1,14,18,15,25,27,23,24,22,8;7,12,25;6,12,16,11,21,15,25;1,5,22,10,13,20;2,15,19,21,11,26;0,12,13,8,22;7,16,26,9,21;0,16,7,6,25,27,23,13,10;4,20,8,10,12,23;1,5,18,2,17;2,9,19,21,7,25,5,18;0,4,20,1,3,17,2,26,11,7,12;1,3,16,2,14;2,14,5,15;9,15,21;1,16,4,13,8;7,11,9,19,15;0,10,8,5,24;4,13,12,27,5,24;0,4,23,5,22;5,15,7,6,12,27;2,9,11,16;5,23,12,25
sp901_29_123 28 10,12,16,24,22;3,16,20,8,5,14,17;9,15,18,14,17,16,26;1,16,17;13,20,16,24,23;1,14,18,15,25,27,23,24,22,8;7,12,25;6,12,16,11,21,15,25;1,5,22,10,13,20;2,15,19,21,11,26;0,12,13,8,22;7,16,26,9,21;0,16,7,6,25,27,23,13,10;4,20,8,10,12,23;1,5,18,2,17;2,9,19,21,7,25,5,18;0,24,4,20,1,3,17,2,26,11,7,12;1,3,16,2,14;2,14,5,15;9,15,21;1,16,4,13,8;7,11,9,19,15;0,10,8,5,24;4,13,12,27,5,24;0,16,4,23,5,22;5,15,7,6,12,27;2,9,11,16;5,23,12,25
sp901_29_135 28 10,12,16,24,22;3,16,20,8,5,14,17;9,15,18,14,17,16,26;1,16,17;13,20,16,24,23;1,14,18,15,25,27,23,24,22,8;7,12,25;6,12,16,26,11,21,15,25;1,5,22,10,13,20;2,15,19,21,11,26;0,12,13,8,22;7,26,9,21;0,16,7,6,25,27,23,13,10;4,20,8,10,12,23;1,5,18,2,17;2,9,19,21,7,25,5,18;0,24,4,20,1,3,17,2,26,7,12;1,3,16,2,14;2,14,5,15;9,15,21;1,16,4,13,8;7,11,9,19,15;0,10,8,5,24;4,13,12,27,5,24;0,16,4,23,5,22;5,15,7,6,12,27;2,9,11,7,16;5,23,12,25
sp901_29_183 28 10,12,16,24,22;3,16,20,8,5,14,17;9,15,18,14,17,16,26;1,16,17;13,20,16,24,23;1,14,18,15,25,27,23,24,22,8;7,12,25;6,12,16,11,21,15,25;1,5,22,10,13,20;2,15,19,21,11,26;0,12,13,8,22;7,16,26,9,21;0,16,7,6,25,27,23,13,10;4,20,8,10,12,23;1,5,18,2,17;2,9,19,21,7,25,5,18;0,24,4,20,1,3,17,2,26,11,7,12;1,3,16,2,14;2,14,5,15;9,15,21;1,16,4,13,8;7,11,9,19,15;0,10,8,5,24;4,13,12,27,5,24;0,16,4,23,5,22;5,15,7,6,12,27;2,9,11,16;5,23,12,25
sp901_29_197 28 10,12,16,24,22;3,16,20,8,5,14,17;9,15,18,17,16,26;1,16,17;13,20,16,24,23;1,14,18,15,25,27,23,24,22,8;7,12,25;6,12,16,11,21,15,25;1,5,22,10,13,20;2,15,19,21,11,26;0,12,13,8,22;7,16,26,9,21;0,16,7,6,25,27,23,13,10;4,20,8,10,12,23;1,5,18,17;2,9,19,21,7,25,5,18;0,24,4,20,1,3,17,2,26,11,7,12;1,3,16,2,18,14;2,17,14,5,15;9,15,21;1,16,4,13,8;7,11,9,19,15;0,10,8,5,24;4,13,12,27,5,24;0,16,4,23,5,22;5,15,7,6,12,27;2,9,11,16;5,23,12,25
sp901_29_210 28 10,12,16,24,22;3,16,20,8,5,14,17;9,15,18,17,16,26;1,16,17;13,20,16,24,23;1,14,18,15,25,27,23,24,22,8;7,12,25;6,12,16,11,21,15,25;1,5,22,10,13,20;2,15,19,21,26;0,12,13,8,22;7,16,26,21;0,16,7,6,25,27,23,13,10;4,20,8,10,12,23;1,5,18,17;2,9,19,21,7,25,5,18;0,24,4,20,1,3,17,2,26,11,7,12;1,3,16,2,18,14;2,17,14,5,15;9,15,21;1,16,4,13,8;7,11,26,9,19,15;0,10,8,5,24;4,13,12,27,5,24;0,16,4,23,5,22;5,15,7,6,12,27;2,9,21,11,16;5,23,12,25
sp901_29_230 28 10,12,16,24,22;3,16,20,8,5,14,17;9,15,18,17,16,26;1,16,17;13,20,16,24,23;1,14,18,15,25,27,23,24,22,8;7,12,25;6,12,16,11,21,19,15,25;1,5,22,10,13,20;2,15,19,21,26;0,12,13,8,22;7,16,26,21;0,16,7,6,25,27,23,13,10;4,20,8,10,12,23;1,5,18,17;2,9,19,7,25,5,18;0,24,4,20,1,3,17,2,26,11,7,12;1,3,16,2,18,14;2,17,14,5,15;7,15,9,21;1,16,4,13,8;7,11,26,9,19;0,10,8,5,24;4,13,12,27,5,24;0,16,4,23,5,22;5,15,7,6,12,27;2,9,21,11,16;5,23,12,25
sp901_29_249 28 10,12,16,24,22;3,16,20,8,5,14,17;9,19,15,18,17,16,26;1,16,17;13,20,16,24,23;1,14,18,15,25,27,23,24,22,8;7,12,25;6,12,16,11,21,19,15,25;1,5,22,10,13,20;2,19,21,26;0,12,13,8,22;7,16,26,21;0,16,7,6,25,27,23,13,10;4,20,8,10,12,23;1,5,18,17;2,18,5,25,7,19;0,24,4,20,1,3,17,2,26,11,7,12;1,3,16,2,18,14;2,17,14,5,15;2,9,21,7,15;1,16,4,13,8;7,11,26,9,19;0,10,8,5,24;4,13,12,27,5,24;0,16,4,23,5,22;5,15,7,6,12,27;2,9,21,11,16;5,23,12,25
sp901_29_266 28 10,12,16,24,22;3,16,20,8,5,14,17;9,19,15,18,17,16,26,21;1,16,17;13,20,16,24,23;1,14,18,15,25,27,23,24,22,8;7,12,25;6,12,16,11,21,19,15,25;1,5,22,10,13,20;2,19,21;0,12,13,8,22;7,16,26,21;0,16,7,6,25,27,23,13,10;4,20,8,10,12,23;1,5,18,17;2,18,5,25,7,19;0,24,4,20,1,3,17,2,26,11,7,12;1,3,16,2,18,14;2,17,14,5,15;2,9,21,7,15;1,16,4,13,8;2,9,19,7,11,26;0,10,8,5,24;4,13,12,27,5,24;0,16,4,23,5,22;5,15,7,6,12,27;2,16,11,21;5,23,12,25
sp901_29_268 28 10,12,16,24,22;3,16,20,8,5,14,17;9,19,15,18,17,16,26,21;1,16,17;13,20,16,24,23;1,14,18,15,25,27,23,24,22,8;7,12,25;6,12,16,11,21,19,15,25;1,5,22,10,13,20;2,19,21;0,12,13,8,22;7,16,21;0,16,7,6,25,27,23,13,10;4,20,8,10,12,23;1,5,18,17;2,18,5,25,7,19;0,24,4,20,1,3,17,2,26,21,11,7,12;1,3,16,2,18,14;2,17,14,5,15;2,9,21,7,15;1,16,4,13,8;2,9,19,7,11,16,26;0,10,8,5,24;4,13,12,27,5,24;0,16,4,23,5,22;5,15,7,6,12,27;2,16,21;5,23,12,25
sp901_29_271 28 10,12,16,24,22;3,16,20,8,5,14,17;9,19,15,18,17,16,26,21;1,16,17;13,20,16,24,23;1,14,18,15,25,27,23,24,22,8;7,12,25;6,12,16,11,21,19,15,25;1,5,22,10,13,20;2,19,21;0,12,13,8,22;7,16,26,21;0,16,7,6,25,27,23,13,10;4,20,8,10,12,23;1,5,18,17;2,18,5,25,7,19;0,24,4,20,1,3,17,2,26,11,7,12;1,3,16,2,18,14;2,17,14,5,15;2,9,21,7,15;1,16,4,13,8;2,9,19,7,11,26;0,10,8,5,24;4,13,12,27,5,24;0,16,4,23,5,22;5,15,7,6,12,27;2,16,11,21;5,23,12,25
sp901_29_273 28 10,12,16,24,22;3,16,20,8,5,14,17;9,19,15,18,17,16,26,21;1,16,17;13,20,16,24,23;1,14,18,15,25,27,23,24,22,8;7,12,25;6,12,16,21,19,15,25;1,5,22,10,13,20;2,19,21;0,12,13,8,22;16,26,21;0,16,7,6,25,27,23,13,10;4,20,8,10,12,23;1,5,18,17;2,18,5,25,7,19;0,24,4,20,1,3,17,2,26,11,21,7,12;1,3,16,2,18,14;2,17,14,5,15;2,9,21,7,15;1,16,4,13,8;2,9,19,7,16,11,26;0,10,8,5,24;4,13,12,27,5,24;0,16,4,23,5,22;5,15,7,6,12,27;2,16,11,21;5,23,12,25
sp901_29_275 28 10,12,16,24,22;3,16,20,8,5,14,17;7,15,18,17,16,26,21,9,19;1,16,17;13,20,16,24,23;1,14,18,15,25,27,23,24,22,8;7,12,25;2,15,25,6,12,16,21,19;1,5,22,10,13,20;2,19,21;0,12,13,8,22;16,26,21;0,16,7,6,25,27,23,13,10;4,20,8,10,12,23;1,5,18,17;2,7,25,5,18;0,24,4,20,1,3,17,2,26,11,21,7,12;1,3,16,2,18,14;2,17,14,5,15;2,9,21,7;1,16,4,13,8;2,9,19,7,16,11,26;0,10,8,5,24;4,13,12,27,5,24;0,16,4,23,5,22;5,15,7,6,12,27;2,16,11,21;5,23,12,25
sp901_29_286 28 10,12,16,24,22;3,16,20,8,5,14,17;9,19,15,18,17,16,26,21;1,16,17;13,20,16,24,23;1,14,18,15,25,27,23,24,22,8;7,12,25;6,12,16,21,19,15,25;1,5,22,10,13,20;2,19,21;0,12,13,8,22;16,26,21;0,16,7,6,25,27,23,13,10;4,20,8,10,12,23;1,5,18,17;2,19,7,25,5,18;0,24,4,20,1,3,17,2,26,11,21,7,12;1,3,16,2,18,14;2,17,14,5,15;2,9,21,7,15;1,16,4,13,8;2,9,19,7,16,11,26;0,10,8,5,24;4,13,12,27,5,24;0,16,4,23,5,22;5,15,7,6,12,27;2,16,11,21;5,23,12,25
sp901_29_299 28 10,12,16,24,22;3,16,20,8,5,14,17;7,15,18,17,16,26,21,9,19;1,16,17;13,20,16,24,23;1,14,18,15,25,27,23,24,22,8;7,12,25;2,15,25,6,12,16,21,19;1,5,22,10,13,20;2,19,21;0,12,13,8,22;16,26,21;0,16,7,6,25,27,23,13,10;4,20,8,10,12,23;1,5,18,17;2,7,25,5,18;0,24,4,20,1,3,17,2,26,11,21,7,12;1,3,16,2,18,14;2,17,14,5,15;2,9,21,7;1,16,4,13,8;2,9,19,7,16,11,26;0,10,8,5,24;4,13,12,27,5,24;0,16,4,23,5,22;5,15,7,6,12,27;2,16,11,21;5,23,12,25
sp901_48_0 30 2,4,5,19,8;3,6,13,23,11,20;0,4,7,16,8;1,6,21,26,20;0,2,7,13,6,5;0,4,6,16,23,11,18,19;1,3,21,17,9,16,5,4,13;2,4,13,23,16;0,2,16,9,25,27,29,26,19;6,17,12,14,25,8,16;14,25,27,22,28;1,20,18,5,23;9,17,24,28,14;1,6,4,7,23;9,12,28,10,25;17,21,26,29,24;2,7,23,5,6,9,8;6,9,12,24,15,21;5,11,20,26,19;0,5,18,26,8;1,3,26,18,11;3,6,17,15,26;10,27,29,24,28;1,11,5,16,7,13;12,17,15,29,22,28;8,9,14,10,27;3,20,18,19,8,29,15,21;8,25,10,22,29;10,14,12,24,22;8,26,15,24,22,27
sp901_48_195 30 2,4,5,19,8;3,6,13,23,11,20;0,4,7,16,8;1,6,21,26,20;0,2,7,13,6,5;0,4,6,16,23,11,18,19;1,3,21,17,9,16,5,4,13;2,4,13,23,16;0,2,16,9,25,27,29,26,19;6,17,12,14,25,8,16;14,25,27,22,28;1,20,18,5,23;9,17,24,28,14;1,6,4,7,23;9,12,28,10,25;17,21,26,29,24;2,7,23,5,6,9,8;6,9,12,24,15,21;5,11,20,26,19;0,5,18,26,8;1,3,26,18,11;3,6,17,15,26;10,27,29,24,28;1,11,5,16,7,13;12,17,15,29,22,28;8,9,14,10,27;3,20,18,19,8,29,15,21;8,25,10,22,29;10,14,12,24,22;8,26,15,24,22,27
sp901_48_277 30 2,4,5,19,8;3,6,13,23,11,20;0,4,7,16,8;1,6,21,26,20;0,2,7,13,6,5;0,4,6,16,23,11,18,19;1,3,21,17,9,16,5,4,13;2,4,13,23,16;0,2,16,9,25,27,29,26,19;6,17,12,14,25,8,16;14,25,27,22,28;1,20,18,5,23;9,17,24,28,14;1,6,4,7,23;9,12,28,10,25;17,21,26,29,24;2,7,23,5,6,9,8;6,9,12,24,15,21;5,11,20,26,19;0,5,18,26,8;1,3,26,18,11;3,6,17,15,26;10,27,29,24,28;1,11,5,16,7,13;12,17,15,29,22,28;8,9,14,10,27;3,20,18,19,8,29,15,21;8,25,10,22,29;10,14,12,24,22;8,26,15,24,22,27
sp901_200_62 28 2,15,12,23,5,16;6,8,14,21,22,19,18,11;0,15,3,16;2,15,24,16;7,27,17,25,26,21,22;0,16,10,27,12,23;1,8,17,25,11;4,27,22;1,6,17,27,15,14;10,16,24,20,18,13;5,16,9,13,27;1,6,25,26,15,24,18;0,15,27,5,23;9,10,27,22,19,18;1,8,15,26,21;0,2,3,24,11,26,14,8,27,12;0,2,3,24,9,10,5;4,25,6,8,27;1,11,24,20,9,13,19;1,22,13,18;9,18,24;1,14,26,4,22;1,19,13,27,7,4,21;0,12,5;3,16,9,20,18,11,15;4,17,6,11,26;4,21,14,15,11,25;4,7,22,13,10,5,12,15,8,17
