p34.r1#21568 34 1,2,3,4,5;0,5,6,7,8,9,2;0,1,9,10,3;0,2,10,11,12,13,4;0,3,13,14,15,5;0,4,15,6,1;1,5,15,16,7;1,6,16,17,18,19,8;1,7,19,20,9;1,8,20,10,2;2,9,20,11,3;3,10,20,21,12;3,11,21,22,13;3,12,22,23,14,4;4,13,23,24,15;4,14,24,25,16,6,5;6,15,25,17,7;7,16,25,26,18;7,17,26,27,28,19;7,18,28,29,20,8;8,19,29,21,11,10,9;11,20,29,30,31,22,12;12,21,31,23,13;13,22,31,32,33,24,14;14,23,33,26,25,15;15,24,26,17,16;17,25,24,33,27,18;18,26,33,32,28;18,27,32,30,29,19;19,28,30,21,20;21,29,28,32,31;21,30,32,23,22;23,31,30,28,27,33;23,32,27,26,24 appfree=1 rsstfree=1
p34.r10#9026667 34 1,2,3,4,5,6;0,6,7,8,2;0,1,8,9,10,3;0,2,10,11,4;0,3,11,12,13,14,5;0,4,14,15,6;0,5,15,16,7,1;1,6,16,17,18,8;1,7,18,19,20,9,2;2,8,20,21,10;2,9,21,22,11,3;3,10,22,12,4;4,11,22,23,24,13;4,12,24,25,14;4,13,25,15,5;5,14,25,16,6;6,15,25,26,17,7;7,16,26,27,18;7,17,27,19,8;8,18,27,28,20;8,19,28,29,30,21,9;9,20,30,22,10;10,21,30,31,23,12,11;12,22,31,32,24;12,23,32,33,25,13;13,24,33,26,16,15,14;16,25,33,27,17;17,26,33,32,28,19,18;19,27,32,29,20;20,28,32,31,30;20,29,31,22,21;22,30,29,32,23;23,31,29,28,27,33,24;24,32,27,26,25 appfree=1 rsstfree=1
p34.r28#2984559 34 1,2,3,4,5,6,7;0,7,8,9,10,2;0,1,10,11,12,3;0,2,12,13,4;0,3,13,14,5;0,4,14,15,6;0,5,15,16,17,7;0,6,17,8,1;1,7,17,18,19,9;1,8,19,20,10;1,9,20,21,22,11,2;2,10,22,23,12;2,11,23,24,13,3;3,12,24,14,4;4,13,24,25,26,27,15,5;5,14,27,16,6;6,15,27,28,18,17;6,16,18,8,7;8,17,16,28,29,19;8,18,29,20,9;9,19,29,30,21,10;10,20,30,31,32,22;10,21,32,23,11;11,22,32,24,12;12,23,32,25,14,13;14,24,32,31,33,26;14,25,33,28,27;14,26,28,16,15;16,27,26,33,29,18;18,28,33,30,20,19;20,29,33,31,21;21,30,33,25,32;21,31,25,24,23,22;25,31,30,29,28,26 appfree=1 rsstfree=1
p34.r51#808692 34 1,2,3,4,5;0,5,6,7,2;0,1,7,8,9,10,3;0,2,10,11,4;0,3,11,12,13,14,5;0,4,14,6,1;1,5,14,15,16,7;1,6,16,17,8,2;2,7,17,18,9;2,8,18,19,20,10;2,9,20,21,22,11,3;3,10,22,12,4;4,11,22,23,13;4,12,23,24,14;4,13,24,15,6,5;6,14,24,25,16;6,15,25,26,27,17,7;7,16,27,28,18,8;8,17,28,19,9;9,18,28,29,30,20;9,19,30,21,10;10,20,30,31,22;10,21,31,23,12,11;12,22,31,32,24,13;13,23,32,25,15,14;15,24,32,26,16;16,25,32,33,27;16,26,33,28,17;17,27,33,29,19,18;19,28,33,32,31,30;19,29,31,21,20;21,30,29,32,23,22;23,31,29,33,26,25,24;26,32,29,28,27 appfree=1 rsstfree=1
p34.r84#650604 34 1,2,3,4,5,6;0,6,7,8,9,2;0,1,9,10,3;0,2,10,11,12,4;0,3,12,13,5;0,4,13,14,15,6;0,5,15,7,1;1,6,15,16,8;1,7,16,17,18,9;1,8,18,19,10,2;2,9,19,11,3;3,10,19,20,21,22,12;3,11,22,13,4;4,12,22,23,24,14,5;5,13,24,25,16,15;5,14,16,7,6;7,15,14,25,17,8;8,16,25,26,27,18;8,17,27,28,29,19,9;9,18,29,20,11,10;11,19,29,30,21;11,20,30,31,22;11,21,31,23,13,12;13,22,31,32,26,24;13,23,26,25,14;14,24,26,17,16;17,25,24,23,32,33,27;17,26,33,28,18;18,27,33,30,29;18,28,30,20,19;20,29,28,33,32,31,21;21,30,32,23,22;23,31,30,33,26;26,32,30,28,27 appfree=1 rsstfree=1
p34.r119#1845059 34 1,2,3,4,5;0,5,6,7,8,9,2;0,1,9,10,3;0,2,10,11,12,13,4;0,3,13,14,15,16,5;0,4,16,6,1;1,5,16,17,7;1,6,17,18,19,8;1,7,19,20,21,9;1,8,21,22,10,2;2,9,22,11,3;3,10,22,23,24,12;3,11,24,25,13;3,12,25,14,4;4,13,25,26,27,15;4,14,27,28,17,16;4,15,17,6,5;6,16,15,28,18,7;7,17,28,29,30,19;7,18,30,20,8;8,19,30,31,21;8,20,31,32,22,9;9,21,32,23,11,10;11,22,32,33,24;11,23,33,26,25,12;12,24,26,14,13;14,25,24,33,31,29,27;14,26,29,28,15;15,27,29,18,17;18,28,27,26,31,30;18,29,31,20,19;20,30,29,26,33,32,21;21,31,33,23,22;23,32,31,26,24 appfree=1 rsstfree=1
p34.r146#681035 34 1,2,3,4,5;0,5,6,7,8,9,2;0,1,9,10,3;0,2,10,11,12,4;0,3,12,13,14,5;0,4,14,15,6,1;1,5,15,16,17,7;1,6,17,18,8;1,7,18,19,9;1,8,19,20,10,2;2,9,20,21,11,3;3,10,21,22,23,24,12;3,11,24,13,4;4,12,24,25,14;4,13,25,26,15,5;5,14,26,16,6;6,15,26,27,17;6,16,27,28,18,7;7,17,28,29,19,8;8,18,29,30,20,9;9,19,30,21,10;10,20,30,22,11;11,21,30,31,32,23;11,22,32,33,25,24;11,23,25,13,12;13,24,23,33,26,14;14,25,33,27,16,15;16,26,33,32,28,17;17,27,32,31,29,18;18,28,31,30,19;19,29,31,22,21,20;22,30,29,28,32;22,31,28,27,33,23;23,32,27,26,25 appfree=1 rsstfree=1
p34.r156#1037613 34 1,2,3,4,5,6;0,6,7,8,9,2;0,1,9,10,11,3;0,2,11,12,4;0,3,12,13,5;0,4,13,14,15,6;0,5,15,7,1;1,6,15,16,8;1,7,16,17,18,9;1,8,18,19,10,2;2,9,19,20,11;2,10,20,21,22,12,3;3,11,22,13,4;4,12,22,23,14,5;5,13,23,24,15;5,14,24,16,7,6;7,15,24,25,17,8;8,16,25,26,18;8,17,26,27,28,19,9;9,18,28,20,10;10,19,28,21,11;11,20,28,29,30,22;11,21,30,31,23,13,12;13,22,31,24,14;14,23,31,32,25,16,15;16,24,32,26,17;17,25,32,27,18;18,26,32,33,29,28;18,27,29,21,20,19;21,28,27,33,30;21,29,33,31,22;22,30,33,32,24,23;24,31,33,27,26,25;27,32,31,30,29 appfree=1 rsstfree=1
p34.r178#11764701 34 1,2,3,4,5,6,7;0,7,8,9,10,11,2;0,1,11,12,3;0,2,12,13,4;0,3,13,14,5;0,4,14,15,6;0,5,15,16,7;0,6,16,8,1;1,7,16,17,18,9;1,8,18,19,10;1,9,19,20,11;1,10,20,21,22,12,2;2,11,22,23,13,3;3,12,23,24,25,14,4;4,13,25,15,5;5,14,25,26,27,16,6;6,15,27,28,17,8,7;8,16,28,29,18;8,17,29,30,19,9;9,18,30,20,10;10,19,30,31,21,11;11,20,31,32,22;11,21,32,23,12;12,22,32,24,13;13,23,32,26,25;13,24,26,15,14;15,25,24,32,33,27;15,26,33,28,16;16,27,33,29,17;17,28,33,30,18;18,29,33,31,20,19;20,30,33,32,21;21,31,33,26,24,23,22;26,32,31,30,29,28,27 appfree=1 rsstfree=1
p34.r189#963215 34 1,2,3,4,5;0,5,6,7,8,9,2;0,1,9,10,3;0,2,10,11,12,13,14,4;0,3,14,15,5;0,4,15,6,1;1,5,15,16,17,7;1,6,17,18,19,8;1,7,19,20,9;1,8,20,21,22,10,2;2,9,22,11,3;3,10,22,23,12;3,11,23,24,13;3,12,24,25,14;3,13,25,26,15,4;4,14,26,16,6,5;6,15,26,27,17;6,16,27,28,18,7;7,17,28,29,30,19;7,18,30,20,8;8,19,30,31,21,9;9,20,31,32,22;9,21,32,23,11,10;11,22,32,33,24,12;12,23,33,29,28,25,13;13,24,28,27,26,14;14,25,27,16,15;16,26,25,28,17;17,27,25,24,29,18;18,28,24,33,30;18,29,33,31,20,19;20,30,33,32,21;21,31,33,23,22;23,32,31,30,29,24 appfree=1 rsstfree=1
p34.r210#8259718 34 1,2,3,4,5,6;0,6,7,8,9,2;0,1,9,10,3;0,2,10,11,12,13,4;0,3,13,14,5;0,4,14,15,16,6;0,5,16,7,1;1,6,16,17,18,8;1,7,18,19,20,9;1,8,20,10,2;2,9,20,11,3;3,10,20,21,12;3,11,21,22,23,24,13;3,12,24,14,4;4,13,24,15,5;5,14,24,25,26,16;5,15,26,17,7,6;7,16,26,27,18;7,17,27,28,19,8;8,18,28,29,20;8,19,29,21,11,10,9;11,20,29,22,12;12,21,29,30,23;12,22,30,31,24;12,23,31,25,15,14,13;15,24,31,32,26;15,25,32,27,17,16;17,26,32,33,28,18;18,27,33,29,19;19,28,33,30,22,21,20;22,29,33,31,23;23,30,33,32,25,24;25,31,33,27,26;27,32,31,30,29,28 appfree=1 rsstfree=1
p34.r215#4364607 34 1,2,3,4,5,6;0,6,7,8,9,10,2;0,1,10,11,3;0,2,11,12,13,14,4;0,3,14,15,16,5;0,4,16,17,6;0,5,17,7,1;1,6,17,18,19,8;1,7,19,20,9;1,8,20,21,10;1,9,21,22,23,11,2;2,10,23,12,3;3,11,23,24,13;3,12,24,25,14;3,13,25,15,4;4,14,25,26,16;4,15,26,18,17,5;5,16,18,7,6;7,17,16,26,27,19;7,18,27,20,8;8,19,27,28,29,21,9;9,20,29,22,10;10,21,29,30,31,23;10,22,31,24,12,11;12,23,31,32,25,13;13,24,32,33,26,15,14;15,25,33,28,27,18,16;18,26,28,20,19;20,27,26,33,29;20,28,33,30,22,21;22,29,33,32,31;22,30,32,24,23;24,31,30,33,25;25,32,30,29,28,26 appfree=1 rsstfree=1
