w-cap8-r2-t0 45 13,26,14,17,5,1;15,2,4,13,0,5;4,1,15,16,3;9,11,12,4,2,16,18;2,3,12,25,13,1;38,15,1,0,17;40,30,29,18,7;15,38,40,6,18,16;30,32,33,19,20,29;11,3,18,10,21;18,29,20,21,9;34,12,3,9,21,22;34,25,4,3,11;26,0,1,4,25;27,17,0,26,37;7,16,2,1,5,38;3,2,15,7,18;41,38,5,0,14,27,39;6,29,10,9,3,16,7;33,24,22,20,8;21,10,29,8,19,22;10,20,22,11,9;34,11,21,20,19,24,35;35,24,42,36,25;35,22,19,33,43,42,23;4,12,34,35,23,36,26,13;37,14,0,13,25,36;14,37,44,39,17;32,31,39,44,43,33;10,18,6,30,8,20;6,40,41,31,32,8,29;30,41,39,28,32;28,33,8,30,31;19,8,32,28,43,24;35,25,12,11,22;34,22,24,23,25;37,26,25,23,42;27,14,26,36,42,44;41,40,7,15,5,17;28,31,41,17,27,44;30,6,7,38,41;17,39,31,30,40,38;44,37,36,23,24,43;28,44,42,24,33;42,43,28,39,27,37
w-cap8-r3-t0 49 5,15,1,2,18,20,13;15,7,9,2,0;1,9,41,18,0;33,35,11,4,10;3,11,12,5,13,10;0,13,4,12,15;17,14,28,40,9,7;15,12,8,17,6,9,1;17,7,12,37,46;2,1,7,6,40,41;22,34,33,3,4,13,20;3,35,25,12,4;15,5,4,11,25,37,8,7;5,0,20,10,4;6,17,46,27,28;5,12,7,1,0;28,43,39,41,40;7,8,46,14,6;19,22,20,0,2,41,29;30,34,22,18,29;22,10,13,0,18;26,30,42,48,32,24;20,18,19,34,10;45,24,32,44,47,38;45,25,35,33,26,21,32,23;35,24,45,36,37,12,11;30,21,24,33,34;38,47,28,14,46;16,40,6,14,27,47,44,43;31,42,30,19,18,41;19,29,42,21,26,34;39,48,42,29,41;24,21,48,44,23;24,35,3,10,34,26;10,22,19,30,26,33;25,11,3,33,24;37,25,45,38,46;46,8,12,25,36;27,46,36,45,23,47;43,48,31,41,16;6,28,16,41,9;31,29,18,2,9,40,16,39;29,31,48,21,30;44,48,39,16,28;23,32,48,43,28,47;23,38,36,25,24;8,37,36,38,27,14,17;38,23,44,28,27;39,43,44,32,21,42,31
w-cap8-r7-t1 48 39,14,5,26,37;33,22,14,28,11;11,10,34,3,33;13,4,22,33,2,34,12;5,22,3,13,24,26;22,4,26,0,14;37,36,45,46,32,39;15,29,38,16,9;17,18,10,11,16;28,15,7,16,11;43,34,2,11,8,18,19;2,33,1,28,9,16,8,10;34,21,31,13,3;3,12,31,24,4;1,22,5,0,39,15,28;7,9,28,14,39,32,29;9,7,38,17,8,11;38,30,18,8,16;30,19,10,8,17;30,20,42,35,43,10,18;19,30,40,47,42;12,34,43,35,44,31;5,14,1,33,3,4;36,25,24,31,44;13,31,23,25,26,4;37,26,24,23,36;0,5,4,24,25,37;40,38,29,32,46,47;1,14,15,9,11;7,15,32,27,38;19,18,17,38,40,20;13,12,21,44,23,24;29,15,39,6,46,27;3,22,1,11,2;3,2,10,43,21,12;19,42,44,21,43;23,44,41,45,6,37,25;6,39,0,26,25,36;40,30,17,16,7,29,27;0,37,6,32,15,14;30,38,27,47,20;47,45,36,44,42;41,44,35,19,20,47;10,19,35,21,34;36,23,31,21,35,42,41;36,41,47,46,6;47,27,32,6,45;41,42,20,40,27,46,45
w-cap8-r8-t0 47 1,16,17,6,9;0,9,4,15,16;3,13,4,10,11;13,2,11,37,38,27;22,10,2,13,15,1,9;7,20,17,18,29;20,21,8,9,0,17;34,21,20,5,29,19;21,32,35,22,9,6;22,4,1,0,6,8;11,2,4,22,35,12;3,2,10,12,37;44,24,25,37,11,10,35;2,3,27,28,15,4;36,41,39,45,38,37;1,4,13,28,26,16;26,17,0,1,15;0,16,26,18,5,20,6;5,17,26,30,29;31,42,33,34,7,29;6,17,5,7,21;32,8,6,20,7,34,23;9,8,35,10,4;44,32,21,34,33,24;12,44,23,33,42,43,25;37,12,24,43,36;16,15,28,30,18,17;13,3,38,45,28;45,39,30,26,15,13,27;5,18,30,40,31,19,7;40,29,18,26,28,39;40,46,42,19,29;8,21,23,44,35;42,24,23,34,19;7,19,33,23,21;44,12,10,22,8,32;37,25,43,41,14;36,14,38,3,11,12,25;27,3,37,14,45;46,40,30,28,45,14,41;46,31,29,30,39;46,39,14,36,43,42;46,41,43,24,33,19,31;36,25,24,42,41;12,35,32,23,24;28,27,38,14,39;40,39,41,42,31
w-cap8-r13-t0 49 12,47,11,23,34,24,36;21,22,10,2,9;46,9,1,10,5,15,39;11,47,13,5,10;14,13,47,26,48,33;13,15,2,10,3;28,27,25,38,18;44,32,19,31,8,30;28,30,7,31,17;21,1,2,46,16,31;23,11,3,5,2,1,22;3,10,23,0,47;0,36,42,26,47;14,15,5,3,47,4;29,15,13,4,33;39,2,5,13,14,29;17,31,9,46,27;16,27,28,8,31;28,6,38,40,30;20,21,31,7,32;24,34,22,21,19,32;1,9,31,19,20,22;20,34,23,10,1,21;11,10,22,34,0;35,45,36,0,34,20,32;29,33,38,6,27;12,42,48,4,47;6,28,17,16,46,39,29,25;18,30,8,17,27,6;14,33,25,27,39,15;18,40,43,44,7,8,28;8,7,19,21,9,16,17;7,44,35,24,20,19;48,37,38,25,29,14,4;24,0,23,22,20;24,32,44,43,45;42,12,0,24,45;42,41,38,33,48;41,40,18,6,25,33,37;46,2,15,29,27;41,43,30,18,38;37,42,43,40,38;36,45,43,41,37,48,26,12;45,35,44,30,40,41,42;32,7,30,43,35;24,35,43,42,36;2,39,27,16,9;3,11,0,12,26,4,13;26,42,37,33,4
w-cap8-r17-t0 46 13,25,4,28,2;18,17,9,36,2,5;0,28,5,1,36,13;23,36,9,22,39;29,15,31,30,7,28,0,25;11,18,1,2,28,7;14,29,25,27,41,43;28,4,30,8,33,11,5;40,42,10,33,7,30;17,22,3,36,1;33,8,42,32,12;5,7,33,12,20,18;33,10,32,20,11;27,25,0,2,36,23;6,43,19,15,29;31,4,29,14,19;24,39,38,37,45;9,1,18,20,26,22;20,17,1,5,11;40,31,15,14,43,21,42;17,18,11,12,32,34,26;42,19,43,45,44;38,39,3,9,17,26,35;36,3,39,24,27,13;16,45,41,27,23,39;29,4,0,13,27,6;17,20,34,35,22;41,6,25,13,23,24;2,0,4,7,5;25,6,14,15,4;4,31,40,8,7;30,4,15,19,40;34,20,12,10,42,44;10,12,11,7,8;26,20,32,44,35;37,38,22,26,34,44;1,9,3,23,13,2;45,16,38,35,44;39,22,35,37,16;23,3,22,38,16,24;8,30,31,19,42;45,43,6,27,24;40,19,21,44,32,10,8;14,6,41,45,21,19;37,35,34,32,42,21,45;41,24,16,37,44,21,43
w-cap8-r0-t0 48 1,2,3,4,5,6;0,6,7,9,2;1,9,10,23,11,3,0;0,2,11,12,4;0,3,12,13,14,5;0,4,14,15,16,6;5,16,17,7,1,0;1,6,17,18,8,9;7,18,19,20,9;1,7,8,20,21,10,2;2,9,21,22,23;2,23,24,12,3;3,11,24,13,4;12,24,25,26,14,4;4,13,26,15,5;5,14,26,27,28,29,16;5,15,29,17,6;16,29,30,18,7,6;7,17,30,31,19,8;8,18,31,42,32,20;8,19,32,33,21,9;9,20,33,22,10;10,21,33,34,35,36,23;10,22,36,24,11,2;23,36,37,25,13,12,11;24,37,38,26,13;25,38,39,27,15,14,13;26,39,40,28,15;15,27,40,41,29;15,28,41,30,17,16;17,29,41,31,18;18,30,41,42,19;19,42,43,33,20;20,32,43,34,22,21;33,43,44,35,22;22,34,44,45,36;35,45,37,24,23,22;24,36,45,38,25;25,37,45,46,39,26;26,38,46,47,40,27;27,39,47,41,28;28,40,47,42,31,30,29;31,41,47,43,32,19;32,42,47,46,44,34,33;34,43,46,45,35;35,44,46,38,37,36;38,45,44,43,47,39;39,46,43,42,41,40
w-cap8-r4-t0 49 1,2,3,4,5,8;8,9,23,2,0;1,23,24,26,25,11,3,0;0,2,11,14,4;5,0,3,14,17;8,0,4,17,6,34;17,7,18,34,5;18,6,17,15,19;1,0,5,34,20,21,9;1,8,21,10,23;9,21,43,45,22,23;3,2,25,28,27,14;24,36,35,47,40,13,26;26,12,40,37,28,25;27,17,4,3,11;17,27,32,19,7;29,30,38,32,28;15,7,6,5,4,14,27;7,19,31,33,20,34,6;32,38,31,18,7,15;33,21,8,34,18;20,33,43,10,9,8;46,35,36,23,10,45;1,9,10,22,36,24,2;12,26,2,23,36;11,2,26,13,28;2,24,12,13,25;17,14,11,28,32,15;37,29,16,32,27,11,25,13;41,30,16,28,37;44,38,16,29,41;19,38,43,33,18;19,15,27,28,16,38;20,18,31,43,21;8,5,6,18,20;47,12,36,22,46;23,22,35,12,24;29,28,13,40,39,41;16,30,44,43,31,19,32;42,41,37,40,47,46;13,12,47,39,37;29,37,39,42,44,30;39,46,48,44,41;44,48,45,10,21,33,31,38;43,38,30,41,42,48;43,48,46,22,10;48,42,39,47,35,22,45;35,46,39,40,12;43,44,42,46,45
w-cap8-r15-t0 48 1,26,20,46,24,9;31,14,26,0,9;5,33,13,6,18,3,32,8;32,2,18,26,14,17;24,46,21,23,11,10;33,2,8,43,15,19;46,20,18,2,13;25,40,16,17,31,9;43,5,2,32,29;27,25,7,31,1,0,24,10;24,4,11,12,27,9;39,12,10,4,23,37;39,28,38,27,10,11;33,21,46,6,2;1,31,17,3,26;34,35,45,19,5,43;41,30,29,17,7,40;32,3,14,31,7,16,29;20,26,3,2,6;33,5,15,45,23,21;18,6,46,0,26;23,4,46,13,33,19;34,42,44,47,35;21,19,45,37,11,4;10,9,0,46,4;7,9,27,38,40;20,0,1,14,3,18;9,10,12,38,25;39,36,44,38,12;30,34,43,8,32,17,16;29,16,41,42,34;1,9,7,17,14;3,17,29,8,2;21,13,2,5,19;30,42,22,35,15,43,29;22,47,37,45,15,34;47,44,28,39,37;47,36,39,11,23,45,35;27,12,28,44,40,25;36,28,12,11,37;41,16,7,25,38,44;16,40,44,42,30;30,41,44,22,34;15,5,8,29,34;41,40,38,28,36,47,22,42;23,19,15,35,37;20,6,13,21,4,24,0;22,44,36,37,35
w-cap8-r17-t0 49 1,4,14,5,6;0,6,17,7,3,12,4;7,18,8,9,10,3;10,11,12,1,7,2;12,24,14,0,1;0,14,15,27,6;0,5,27,16,17,1;17,18,2,3,1;18,19,20,9,2;2,8,20,21,10;2,9,21,34,22,11,3;3,10,22,23,12;3,11,23,24,4,1;24,25,37,26,14;13,26,15,5,0,4,24;5,14,26,38,27;28,29,18,17,6,27;6,16,18,7,1;7,17,16,29,30,31,19,8,2;18,31,32,20,8;8,19,32,43,33,21,9;9,20,33,34,10;34,36,23,11,10;11,22,36,24,12;12,23,36,25,13,14,4;13,24,36,45,37;37,38,15,14,13;15,38,39,28,16,6,5;27,39,40,29,16;16,28,40,30,18;29,40,41,42,31,18;18,30,42,32,19;19,31,42,43,20;20,43,44,34,21;21,33,44,35,36,22,10;44,48,45,36,34;45,25,24,23,22,34,35;45,48,46,47,38,26,13,25;37,47,39,27,15,26;27,38,47,40,28;28,39,47,46,41,30,29;30,40,46,48,42;41,48,43,32,31,30;32,42,48,44,33,20;33,43,48,35,34;35,48,37,25,36;37,48,41,40,47;37,46,40,39,38;45,35,44,43,42,41,46,37
w-cap8-r20-t0 48 2,4,5,6,1;6,7,9,2,0;0,1,9,10,11,12,3,4;2,12,13,14,4;0,2,3,14,15,5;0,4,15,28,16,6;16,17,7,1,0,5;1,6,17,18,8,9;7,18,19,32,20,9;1,7,8,20,10,2;2,9,20,21,11;10,21,23,12,2;3,2,11,23,24,13;12,24,25,26,14,3;4,3,13,26,15;5,4,14,26,27,39,28;28,29,30,17,6,5;16,30,18,7,6;17,30,19,8,7;8,18,30,31,42,32;8,32,21,10,9;10,20,32,33,22,23,11;21,33,35,34,23;11,21,22,34,24,12;23,34,36,25,13,12;36,37,26,13,24;14,13,25,37,27,15;15,26,37,38,39;15,39,29,16,5;16,28,39,40,30;17,16,29,40,41,31,19,18;30,41,43,42,19;42,33,21,20,8,19;35,22,21,32,42;35,44,45,36,24,23,22;34,22,33,42,44;24,34,45,37,25;45,46,38,27,26,25,36;27,37,46,47,39;27,38,47,40,29,28,15;29,39,47,41,30;30,40,47,43,31;32,19,31,43,44,35,33;41,47,44,42,31;47,46,45,34,35,42,43;44,46,37,36,34;45,44,47,38,37;38,46,44,43,41,40,39
w-cap8-r30-t0 48 7,31,32,10,9;11,25,24,23,2,13;6,13,1,23,15;35,13,6,12,22;27,26,16,30,18,23,24,38;15,23,18,8,7,9;2,15,9,12,3,13;31,0,9,5,8;30,29,31,7,5,18;10,12,6,15,5,7,0;20,22,12,9,0,32;44,25,1,13,21;9,10,22,3,6;11,1,2,6,3,35,21;41,39,34,40,33,17,37;2,23,5,9,6;26,28,42,30,4;42,28,37,14,33;5,23,4,30,8;43,42,33,40,20,32;19,40,22,10,32;44,11,13,35,36;34,36,35,3,12,10,20,40;4,18,5,15,2,1,24;23,1,25,38,4;11,44,45,47,38,24,1;28,16,4,27,37;4,38,47,37,26;17,42,16,26,37;42,43,31,8,30;8,18,4,16,42,29;0,7,8,29,43,32;0,31,43,19,20,10;42,17,14,40,19;40,14,39,36,22;3,22,36,21,13;46,45,44,21,35,22,34,39;17,28,26,27,47,41,14;27,4,24,25,47;34,14,41,46,36;34,22,20,19,33,14;14,37,47,46,39;29,30,16,28,17,33,19,43;19,32,31,29,42;45,25,11,21,36;44,36,46,47,25;39,41,47,45,36;45,46,41,37,27,38,25
w-cap8-r31-t0 48 20,2,12,13,4;20,4,7,33,21;11,12,0,20,3;34,35,8,11,2,20,21;7,1,20,0,13,15,5;15,16,17,43,6,7,4;33,7,5,43,19;4,5,6,33,1;35,9,22,11,3;36,38,24,22,8,35,23;25,26,12,22,24,39;22,12,2,3,8;26,13,0,2,11,22,10;26,27,14,15,4,0,12;27,28,16,15,13;13,14,16,5,4;17,5,15,14,28;16,28,30,43,5;43,47,46,42,19;18,42,32,33,6,43;1,21,3,2,0,4;34,3,20,1,33,44;24,10,12,11,8,9;35,37,45,36,9;38,39,10,22,9;27,26,10,39,28;25,27,13,12,10;26,25,28,14,13;14,27,25,39,31,41,30,17,16;40,47,43,30,41;17,28,41,29,43;39,38,40,41,28;19,42,37,44,33;7,6,19,32,44,21,1;37,35,3,21,44;8,3,34,37,23,9;40,38,9,23,45;35,34,44,32,42,45,23;31,39,24,9,36,40;25,10,24,38,31,28;46,47,29,41,31,38,36,45;29,30,28,31,40;32,19,18,46,45,37;18,19,6,5,17,30,29,47;34,21,33,32,37;46,40,36,23,37,42;45,42,18,47,40;29,40,46,18,43
w-cap8-r32-t0 46 1,2,3,4,5;0,5,6,7,8,2;0,1,8,9,10,3;0,2,10,11,12,4;0,3,12,24,13,14,5;0,4,14,15,6,1;1,5,15,16,7;16,17,29,18,8,1,6;1,7,18,9,2;18,19,21,10,2,8;2,9,21,11,3;10,21,22,12,3;11,22,23,24,4,3;4,24,35,25,14;25,15,5,4,13;14,25,27,16,6,5;15,27,17,7,6;7,16,27,28,38,29;29,30,19,9,8,7;30,31,20,21,9,18;19,31,41,32,21;32,22,11,10,9,19,20;11,21,32,33,23,12;24,12,22,33,34;23,34,35,13,4,12;13,35,26,27,15,14;25,35,36,44,37,28,27;25,26,28,17,16,15;27,26,37,38,17;39,30,18,7,17,38;18,29,39,40,31,19;30,40,42,41,20,19;20,41,33,22,21;22,32,41,42,43,34,23;33,43,36,35,24,23;36,26,25,13,24,34;43,44,26,35,34;26,44,39,38,28;28,37,39,29,17;45,40,30,29,38,37,44;39,45,42,31,30;42,33,32,20,31;41,31,40,45,43,33;34,33,42,45,44,36;36,43,45,39,37,26;39,44,43,42,40
w-cap8-r34-t0 49 12,10,5,21,20;5,10,6,2,8;6,40,18,8,1;4,13,14,16,10;3,10,12,11,13;1,8,29,21,0,10;16,15,40,2,1,10;19,9,21,29,30;5,1,2,18,29;7,19,43,20,21;3,16,6,1,5,0,12,4;13,4,12,22,23,37;4,10,0,20,22,11;14,3,4,11,37;16,3,13,37,25,24,38,39,15;6,16,14,39,40;14,15,6,10,3;28,27,26,41,42,31,30;27,28,29,8,2,40;43,9,7,30,31;22,12,0,21,9,43,35;0,5,29,7,9,20;20,35,23,11,12;22,35,33,32,37,11;25,34,46,38,14;24,14,37,32,34;27,40,48,41,17;26,17,28,18,40;30,29,18,27,17;28,30,7,21,5,8,18;29,28,17,31,19,7;42,45,36,43,19,30,17;23,33,34,25,37;35,43,36,34,32,23;24,25,32,33,36,45,44,46;22,20,43,33,23;34,33,43,31,45;13,11,23,32,25,14;39,14,24,46,47;47,40,15,14,38;15,39,47,48,26,27,18,2,6;48,46,44,42,17,26;45,31,17,41,44;36,33,35,20,9,19,31;42,41,46,34,45;31,42,44,34,36;47,38,24,34,44,41,48;39,38,46,48,40;41,26,40,47,46
w-cap8-r35-t2 48 41,40,2,12,25,4,15;12,8,9,47,24,25;17,8,12,0,40,3;30,16,18,17,2,40;25,24,38,32,15,0;39,26,29,32,38,28;32,29,43,31,15;21,19,16,33,22;12,2,17,11,10,9,1;10,14,47,1,8;9,8,11,23,14;23,10,8,17,18,19,21;1,25,0,2,8;27,37,28,24,45;47,9,10,23,36,34,27,45;6,31,41,0,4,32;33,7,19,18,3,30,31,20;11,8,2,3,18;3,16,19,11,17;18,16,7,21,11;33,16,31,43,26,44;7,22,36,23,11,19;35,36,21,7,33,44,46;21,36,14,10,11;47,45,13,28,38,4,25,1;4,0,12,1,24;42,44,20,43,29,5,39;13,45,14,34,37;38,24,13,37,39,5;26,43,6,32,5;3,40,41,31,16;6,43,20,16,30,41,15;6,15,4,38,5,29;22,7,16,20,44;36,35,37,27,14;22,46,37,34,36;23,21,22,35,34,14;27,34,35,46,42,39,28,13;32,4,24,28,5;42,26,5,28,37;2,0,41,30,3;30,40,0,15,31;39,37,46,44,26;26,20,31,6,29;33,20,26,42,46,22;47,14,27,13,24;42,37,35,22,44;45,24,1,9,14
w-cap8-r36-t0 46 3,5,21,34,22,12;19,33,30,11,7;7,11,6,4,17;12,25,13,5,0;15,29,17,2,6;3,13,35,21,0;2,11,9,10,13,15,4;2,17,8,19,1,11;17,29,18,16,19,7;30,20,10,6,11;9,20,35,13,6;2,7,1,30,9,6;3,0,22,23,39,25;15,6,10,35,5,3,25,14,26;25,27,42,28,26,13;4,6,13,26,29;40,33,19,8,18,41;7,2,4,29,8;28,42,41,16,8,29;1,7,8,16,33;32,31,35,10,9,30;5,35,31,43,34,0;23,12,0,34,44;22,44,45,38,24,39,12;27,39,23,38,42;39,27,14,13,3,12;14,28,29,15,13;24,42,14,25,39;18,29,26,14,42;17,4,15,26,28,18,8;20,9,11,1,33,32;35,20,32,37,36,43,21;20,30,33,37,31;37,32,30,1,19,16,40;43,44,22,0,21;31,21,5,13,10,20;40,41,43,31,37;36,31,32,33,40;24,23,45,41,42;25,12,23,24,27;36,37,33,16,41;38,45,43,36,40,16,18,42;18,28,14,27,24,38,41;44,34,21,31,36,41,45;23,22,34,43,45;44,43,41,38,23
w-cap8-r37-t0 49 27,6,2,4,5;3,6,16,29,9;3,8,4,0,6;2,6,1,9,8;0,2,8,11,12,14,5;13,15,27,0,4,14,38;0,27,26,16,1,3,2;18,34,10,8,9,17;11,4,2,3,9,7,10;1,29,17,7,8,3;34,22,11,8,7;10,22,23,12,4,8;14,4,11,23,24;25,46,15,5,38,37;24,38,5,4,12;5,13,46,26,27;26,28,29,1,6;18,7,9,29,30;7,17,30,42,19,20,34;32,20,18,42,31,45;19,32,22,34,18;22,32,45,35,23;21,23,11,10,34,20,32;22,21,35,24,12,11;38,14,12,23,35;13,37,43,44,47,46;46,39,28,16,6,27,15;6,0,5,15,26;39,40,29,16,26;17,9,1,16,28,40,30;40,48,41,42,18,17,29;45,19,42,41,44;21,22,20,19,45;48,39,47,44,41;22,10,7,18,20;24,23,21,45,36,38;43,37,38,35,45;25,13,38,36,43;14,24,35,36,37,13,5;47,33,48,40,28,26,46;48,30,29,28,39;31,42,30,48,33,44;41,31,19,18,30;25,37,36,45,44;33,47,25,43,45,31,41;35,21,32,19,31,44,43,36;26,15,13,25,47,39;46,25,44,33,39;30,40,39,33,41
w-cap8-r43-t0 48 26,17,22,16,27;38,8,20,43,9,36;3,23,12,11,7;19,31,20,23,2,7;25,24,5,26,27;39,26,4,24,47;22,29,18,32,10,16;19,3,2,11,28,10,32;38,21,12,23,20,1;43,41,45,36,1;28,16,6,32,7;2,12,21,13,15,28,7;11,2,23,8,21;25,15,11,21,37;24,37,35,36,44;28,11,13,25,16;28,15,25,27,0,22,6,10;22,0,26,46,30,40,29;19,32,6,29,40,42,31;32,18,31,3,7;23,3,31,42,43,1,8;38,35,37,13,11,12,8;6,16,0,17,29;2,3,20,8,12;14,44,47,5,4,25,37;13,37,24,4,27,16,15;0,27,4,5,39,46,17;0,16,25,4,26;16,10,7,11,15;22,17,40,18,6;40,17,46,34,33,42;19,18,42,20,3;19,7,10,6,18;34,41,43,42,30;39,47,41,33,30,46;38,36,14,37,21;45,44,14,35,38,1,9;35,14,24,25,13,21;35,21,8,1,36;34,46,26,5,47;30,42,18,29,17;45,9,43,33,34,47;40,30,33,43,20,31,18;9,1,20,42,33,41;14,36,45,47,24;9,41,47,44,36;30,17,26,39,34;44,45,41,34,39,5,24
w-cap8-r44-t0 49 3,5,6,1,10,11,2;7,8,9,10,0,6;11,12,13,3,0;0,2,13,4,5;26,14,15,16,5,3,13,25;3,4,16,17,6,0;17,7,1,0,5;8,1,6,17,18,19;9,1,7,19,20;10,1,8,20,21;1,9,21,22,11,0;2,0,10,22,23,12;23,24,46,37,25,13,2,11;12,25,4,3,2;4,26,38,27,15;4,14,27,28,16;15,28,18,17,5,4;5,16,18,7,6;17,16,28,30,31,19,7;42,32,20,8,7,18,31;32,43,33,21,9,8,19;33,34,22,10,9,20;34,35,23,11,10,21;12,11,22,35,24;12,23,35,36,46;26,4,13,12,37;14,4,25,37,38;38,39,28,15,14;15,27,39,29,30,18,16;28,39,40,41,30;28,29,41,31,18;30,41,42,19,18;19,42,48,43,20;20,43,44,34,21;21,33,44,36,35,22;34,36,24,23,22;24,35,34,44,45,47,38,46;46,38,26,25,12;26,37,46,36,47,40,39,27,14;40,29,28,27,38;29,39,38,47,41;29,40,47,45,48,42,31,30;31,41,48,32,19;48,45,44,33,20,32;33,43,45,36,34;48,41,47,36,44,43;38,37,12,24,36;36,45,41,40,38;45,43,32,42,41
w-cap8-r48-t0 44 27,13,14,15,36;36,15,4,7,19,12;39,20,3,8,10;20,11,12,8,2;16,5,7,1,15;4,16,30,6,7;9,19,7,5,30,32;4,5,6,19,1;19,10,2,3,12;19,6,32,18,29;19,29,31,34,39,2,8;27,12,3,20,23,13;27,36,1,19,8,3,11;0,27,11,23,33,41,24,14;0,13,24,25,16,15;0,14,16,4,1,36;4,15,14,25,26,30,5;28,40,31,18,38;9,32,38,17,31,29;9,29,10,8,12,1,7,6;21,23,11,3,2,39;22,33,23,20,39;41,33,21,39,34,40,43;13,11,20,21,33;41,35,25,14,13;35,37,26,16,14,24;30,16,25,37,42;0,36,12,11,13;40,17,38,42,37,35,43;10,19,9,18,31;5,16,26,42,32,6;17,40,34,10,29,18;38,18,9,6,30,42;23,21,22,41,13;22,39,10,31,40;25,24,41,43,28,37;1,12,27,0,15;42,26,25,35,28;17,18,32,42,28;2,10,34,22,21,20;43,22,34,31,17,28;43,35,24,13,33,22;37,28,38,32,30,26;40,28,35,41,22
w-cap8-r50-t0 49 25,29,16,7,20,9,6,3;40,21,18,19,7,16;4,27,6,9,8;28,47,25,0,6;2,8,12,5,27;12,13,35,24,27,4;3,0,9,2,27,28;10,20,0,16,1,19,31;42,34,12,4,2,9,43;20,43,8,2,6,0;20,7,31,44,42,43;13,33,32,41,22;5,4,8,34,13;34,33,11,22,35,5,12;45,39,47,37,15;24,35,36,45,14,37,23;40,1,7,0,29,38;38,39,45,30,46;48,41,32,19,1,21;31,7,1,18,32;10,43,9,0,7;48,18,1,40,46,30;36,35,13,11,41,48,30;28,27,24,15,37;15,23,27,5,35;29,0,3,47,26;29,25,47,39,38;2,4,5,24,23,28,6;23,37,47,3,6,27;25,26,38,16,0;17,45,36,22,48,21,46;10,7,19,32,44;31,19,18,41,11,33,44;44,32,11,13,34,42;42,33,13,12,8;15,24,5,13,22,36;22,30,45,15,35;28,23,15,14,47;40,16,29,26,39,17,46;45,17,38,26,47,14;21,1,16,38,46;48,22,11,32,18;34,8,43,10,44,33;10,42,8,9,20;33,42,10,31,32;15,36,30,17,39,14;17,30,21,40,38;14,39,26,25,3,28,37;41,18,21,30,22
w-cap8-r52-t0 43 5,2,7,30,8;26,6,7,2,13,12;13,1,7,0,5,4;40,38,9,21,22,8;13,2,5,22,21,32,33;4,2,0,8,22;1,26,27,16,17,7;17,30,0,2,1,6;10,40,3,22,5,0,30;25,20,21,3,38;8,30,34,18,40;23,42,37,36,12;13,33,23,11,36,26,1;33,12,1,2,4;28,41,27,36,15;37,29,28,14,36;17,6,27,41,39;16,39,30,7,6;24,38,40,10,34;30,39,41,31,34;21,9,25,42,32;9,20,32,4,22,3;8,3,21,4,5;11,12,33,32,42;35,38,18,34,31,29;9,38,35,42,20;36,27,6,1,12;14,41,16,6,26,36;41,14,15,29,31;37,35,24,31,28,15;39,19,34,10,8,0,7,17;34,19,41,28,29,24;23,33,4,21,20,42;32,23,12,13,4;19,31,24,18,10,30;29,37,42,25,38,24;26,12,11,37,15,14,27;15,36,11,42,35,29;25,9,3,40,18,24,35;19,30,17,16,41;18,38,3,8,10;28,31,19,39,16,27,14;20,25,35,37,11,23,32
w-cap8-r53-t0 49 16,17,6,7,1,3,4;7,9,12,3,0;11,10,32,23,22;12,5,4,0,1;5,15,25,14,16,0,3;4,3,12,36,15;0,17,38,18,7;6,18,9,1,0;20,21,18,38,28;7,18,10,11,12,1;21,34,32,2,11,9,18;10,2,22,12,9;13,36,5,3,1,9,11,22;22,35,45,36,12;16,4,25,24,27;4,5,36,37,25;14,27,17,0,4;27,38,6,0,16;7,6,38,8,21,10,9;20,40,30,32,34;19,34,21,8,28,29,41,40;34,10,18,8,20;23,35,13,12,11,2;33,44,35,22,2,32;25,26,39,27,14;24,14,4,15,37,46,48,26;24,25,48,31,47,39;38,17,16,14,24,39,28;8,38,27,39,29,20;28,39,47,41,20;42,33,32,19,40,31;43,42,30,40,41,47,26,48;33,23,2,10,34,19,30;42,44,23,32,30;10,21,20,19,32;45,13,22,23,44;15,5,12,13,45,37;46,25,15,36,45,44;17,27,28,8,18,6;28,27,24,26,47,29;30,19,20,41,31;47,31,40,20,29;31,43,44,33,30;42,31,48,46,44;43,46,37,45,35,23,33,42;35,44,37,36,13;44,43,48,25,37;41,29,39,26,31;46,43,31,26,25
w-cap8-r56-t0 48 47,29,18,26,6,28;14,38,7,21,24,11,12;42,46,30,19,10;19,31,7,38,8;9,40,44,23,20;25,26,18,16,8;26,37,17,28,0;1,38,3,31,21;3,38,25,5,16,10,19;20,34,33,45,39,40,4;16,29,42,2,19,8;24,34,20,23,12,1;23,44,13,14,1,11;15,27,25,14,12,44;1,12,13,25,38;35,27,13,44,41;10,8,5,18,29;36,28,6,37,41;26,0,29,16,5;3,8,10,2,30,31;9,4,23,11,34;22,24,1,7,31,30;24,21,30,33,34;12,11,20,4,44;21,22,34,11,1;27,26,5,8,38,14,13;6,0,18,5,25,27,35,37;35,26,25,13,15;6,17,36,43,47,0;42,10,16,18,0,47;31,19,2,46,32,33,22,21;21,7,3,19,30;43,45,33,30,46,47;32,45,9,34,22,30;24,22,33,9,20,11;37,26,27,15,41;17,41,39,45,43,28;35,41,17,6,26;3,7,1,14,25,8;40,9,45,36,41;39,41,44,4,9;35,15,44,40,39,36,17,37;46,2,10,29,47;47,28,36,45,32;4,40,41,15,13,12,23;43,36,39,9,33,32;2,42,47,32,30;43,32,46,42,29,0,28
w-cap8-r58-t0 45 19,8,10,4,22,27,1,17;29,20,17,0,27,18;42,12,11,23,33,9;44,23,11,13,16;22,0,10,41,32;7,32,38,14,6;7,5,14,15,18;22,32,5,6,18,27;10,0,19,21,9;2,33,41,10,8,21,42;4,0,8,9,41;13,3,23,2,12,24;2,42,40,24,11;11,24,25,16,3;6,5,38,44,16,15;37,39,18,6,14,16;25,26,37,15,14,44,3,13;20,30,19,0,1;27,7,6,15,39,29,1;30,21,8,0,17;43,30,17,1,29,28;8,19,30,40,42,9;7,27,0,4,32;11,3,44,38,31,33,2;36,34,25,13,11,12,40,35;24,34,26,16,13;34,28,37,16,25;22,7,18,1,0;26,34,36,43,20,29,39,37;39,28,20,1,18;35,40,21,19,17,20,43;41,33,23,38,32;5,7,22,4,41,31,38;23,31,41,9,2;36,28,26,25,24;36,24,40,30,43;34,24,35,43,28;15,16,26,28,39;31,23,44,14,5,32;15,37,28,29,18;30,35,24,12,42,21;33,31,32,4,10,9;12,2,9,21,40;36,35,30,20,28;3,16,14,38,23
w-cap8-r71-t0 46 12,5,9,18,7,3,4;22,4,3,8,11;22,23,14,13,4;7,8,1,4,0;12,0,3,1,22,2,13;12,25,36,9,0;17,16,28,38,15,35;18,33,21,8,3,0;1,3,7,21,11;5,36,38,28,19,18,0;44,35,15,36,24,43;22,1,8,21,42,20,34;4,13,25,5,0;14,24,25,12,4,2;23,43,24,13,2;38,36,10,35,6;29,32,28,6,17;29,16,6,35,37;19,33,7,0,9;18,9,28,32,33;41,34,11,42,27,30;45,42,11,8,7,33;23,2,4,1,11,34;22,34,41,40,43,14,2;25,13,14,43,10,36;24,36,5,12,13;39,44,43,40,30;45,31,30,20,42;16,32,19,9,38,6;31,32,16,17,37;39,26,40,41,20,27,31,37;29,37,30,27,45,32;16,29,31,45,33,19,28;19,32,45,21,7,18;22,11,20,41,23;17,6,15,10,44,39,37;15,38,9,5,25,24,10;17,35,39,30,31,29;9,36,15,6,28;44,26,30,37,35;43,23,41,30,26;34,20,30,40,23;27,20,11,21,45;14,23,40,26,44,10,24;10,43,26,39,35;27,42,21,33,32,31
w-cap8-r72-t0 47 46,16,14,29,6,3;9,8,13,29,15;6,29,13,10,4;12,27,26,46,0,6,4;12,3,6,2,10,25;46,26,44,43,16;29,2,4,3,0;31,17,9,15,28,40;19,24,13,1,9,18;1,15,7,17,18,8;11,25,4,2,13,24,23;10,23,22,36,25;25,37,27,3,4;8,24,10,2,29,1;15,29,0,16,43,28;14,28,7,9,1,29;46,5,43,14,0;31,30,18,9,7;19,8,9,17,30,34,21;21,23,24,8,18;34,41,42,32,22,21;19,18,34,20,22,23;32,36,11,23,21,20;11,10,24,19,21,22;13,8,19,23,10;12,4,10,11,36,37;46,3,27,35,44,5;26,3,12,37,35;7,15,14,43,39,40;1,13,2,6,0,14,15;18,17,31,41,34;17,7,40,41,30;42,33,36,22,20;44,35,36,32,42;30,41,20,21,18;27,37,36,33,44,26;37,25,11,22,32,33,35;27,12,25,36,35;41,40,39,45,42;43,45,38,40,28;31,7,28,39,38,41;30,31,40,38,42,20,34;33,32,20,41,38,45,44;16,5,44,45,39,28,14;5,26,35,33,42,45,43;42,38,39,43,44;26,5,16,0,3
w-cap8-r75-t0 49 2,10,29,7,22,3;27,18,7,29,9,28,38;15,10,0,3,16;21,16,2,0,22,11;17,16,24,36,14;13,16,21,33,12;26,28,9,10,15,17,14;20,22,0,29,1,18,31;47,42,32,19,31,39;1,29,10,6,28;9,29,0,2,15,6;34,32,33,21,3,22;5,33,32,42,43,48,23,13;5,12,23,24,16;26,6,17,4,36,45;17,6,10,2,16;5,13,24,4,17,15,2,3,21;15,16,4,14,6;1,27,39,31,7;34,20,31,8,32;19,34,22,7,31;33,5,16,3,11;34,11,3,0,7,20;35,36,24,13,12,48;4,16,13,23,36;41,46,35,48,44;14,45,37,28,6;40,30,39,18,1,38;9,6,26,37,38,1;7,0,10,9,1;41,44,39,27,40;20,7,18,39,8,19;33,11,34,19,8,42,12;12,5,21,11,32;22,20,19,32,11;23,48,25,46,36;45,14,4,24,23,35,46;45,46,38,28,26;28,37,46,40,27,1;31,18,27,30,44,47,8;41,30,27,38,46;30,40,46,25,44;12,32,8,47,43;48,12,42,47,44;47,39,30,41,25,48,43;36,46,37,26,14;37,45,36,35,25,41,40,38;8,39,44,43,42;43,44,25,35,23,12
w-cap8-r76-t0 45 2,16,9,18,5;8,41,27,7,16;0,5,26,28,6,16;18,9,17,34,10,36;28,26,43,25,35,39;18,36,26,2,0;28,15,8,16,2;9,16,1,27,29,17;1,16,6,15,38,41;18,0,16,7,17,3;3,34,12,24,36;19,23,22,13,20;24,10,34,20,33;44,35,33,20,11,22;40,39,35,44,30;6,28,40,38,8;0,2,6,8,1,7,9;34,3,9,7,29,20;3,36,5,0,9;23,11,20,29,21;19,11,13,33,12,34,17,29;19,29,27,41,32,31,23;30,44,13,11,23,42;11,19,21,31,42,22;10,12,33,25,43,36;43,24,33,35,4;5,36,43,4,28,2;1,41,21,29,7;6,2,26,4,39,40,15;19,20,17,7,27,21;40,14,44,22,42;42,23,21,32,37;41,38,37,31,21;35,25,24,12,20,13;17,20,12,10,3;44,14,39,4,25,33,13;5,18,3,10,24,43,26;42,31,32,38,40;37,32,41,8,15,40;4,35,14,40,28;14,30,42,37,38,15,28,39;32,21,27,1,8,38;31,37,40,30,22,23;25,4,26,36,24;13,22,30,14,35
w-cap8-r79-t0 49 2,1,16,30,33;16,0,2,9,3;0,33,40,28,9,1;6,16,1,9,34,38;36,32,11,5,35;25,35,4,11,18,8;24,30,16,3,38,15;31,37,33,30,29;25,5,18,22,27,14,21;10,34,3,1,2,28,19;34,9,19,36,35;45,18,5,4,32,20;27,47,44,13,14;12,44,31,29,26,17,14;27,12,13,17,21,8;38,23,21,17,24,6;6,30,0,1,3;13,26,24,15,21,14;5,11,45,22,8;36,10,9,28,46,43;48,41,45,11,32,43,42;23,25,8,14,17,15;47,27,8,18,45,41;38,35,25,21,15;6,15,17,26,30;21,23,35,5,8;29,30,24,17,13;47,12,14,8,22;19,9,2,40,46;26,13,31,7,30;7,33,0,16,6,24,26,29;7,29,13,44,39,37;43,20,11,4,36;40,2,0,30,7,37;10,35,38,3,9;10,36,4,5,25,23,38,34;19,43,32,4,35,10;48,42,46,40,33,7,31,39;35,23,15,6,3,34;48,37,31,44,41;33,37,46,28,2;39,44,47,22,45,20,48;46,37,48,20,43;42,20,32,36,19,46;12,47,41,39,31,13;20,41,22,18,11;42,43,19,28,40,37;44,12,27,22,41;39,41,20,42,37
w-cap8-r83-t0 44 1,2,3,4,5;0,5,6,8,2;0,1,8,19,3;0,2,19,10,11,21,12,4;0,3,12,24,5;0,4,24,23,13,15,6,1;1,5,15,16,8;18,9,10,19,8;1,6,16,17,18,7,19,2;31,40,20,11,10,7,18,30;19,7,9,11,3;10,9,20,21,3;24,4,3,21,22;35,14,27,15,5,23;35,25,26,37,28,27,13;27,16,6,5,13;6,15,27,17,8;8,16,27,29,18;17,29,30,9,7,8;10,3,2,8,7;40,41,33,32,21,11,9;32,22,12,3,11,20;32,34,23,24,12,21;22,34,35,13,5,24;23,5,4,12,22;35,34,36,26,14;36,43,37,14,25;15,13,14,28,29,17,16;27,14,37,38,29;38,39,30,18,17,27,28;18,29,39,31,9;30,39,43,40,9;33,34,22,21,20;32,20,41,42,34;33,42,36,25,35,23,22,32;34,25,14,13,23;42,43,26,25,34;38,28,14,26,43;28,37,43,39,29;38,43,31,30,29;41,20,9,31,43;33,20,40,43,42;33,41,43,36,34;42,41,40,31,39,38,37,26,36
w-cap8-r91-t0 46 3,4,5,6,7,8,21,1;9,2,3,0,21,33;1,9,10,11,13,3;13,4,0,1,2;3,13,14,15,5,0;6,0,4,15,27,16;17,7,0,5,16;19,8,0,6,17,18;0,7,19,20,21;33,22,10,2,1;9,22,35,23,11,2;2,10,23,12,13;11,23,24,25,13;3,2,11,12,25,14,4;13,25,26,15,4;14,26,27,5,4;29,17,6,5,27;16,29,18,7,6;30,40,31,19,7,17,29;20,8,7,18,31;33,21,8,19,31,41,32;20,33,1,0,8;33,34,35,10,9;35,24,12,11,10;12,23,35,37,36,25;12,24,36,26,14,13;14,25,36,38,27,15;5,15,26,38,28,29,16;38,45,30,29,27;30,18,17,16,27,28;29,28,45,39,40,18;18,40,41,20,19;41,42,34,33,20;20,32,34,22,9,1,21;22,33,32,42,43,35;37,24,23,10,22,34,43;24,37,45,38,26,25;24,35,43,44,45,36;45,28,27,26,36;45,44,42,40,30;30,39,42,41,31,18;40,42,32,20,31;32,41,40,39,44,43,34;44,37,35,34,42;39,45,37,43,42;39,30,28,38,36,37,44
w-cap8-r93-t1 49 12,14,13,20,22;10,36,40,45,41;27,34,22,20,11;5,18,13,14,4,24,17;14,12,47,43,44,24,3;16,7,18,3,17;40,36,9,27,7,15,39;5,16,15,6,27,11,18;19,31,33,10,41;27,6,36,32,34;1,41,8,33,32,36;27,2,20,18,7;23,47,4,14,0,22;18,20,0,14,3;13,0,12,4,3;6,7,16,37,26,39;7,5,17,37,15;5,3,24,37,16;13,3,5,7,11,20;31,8,41,30,28,42;13,18,11,2,22,0;35,23,22,34,25;21,23,12,0,20,2,34;35,47,12,22,21;4,44,29,37,17,3;33,31,42,35,21,34;37,29,38,39,15;2,11,7,6,9,34;43,42,19,30,46,44;44,38,26,37,24;46,28,19,41,48;25,33,8,19,42;9,36,10,33,34;10,8,31,25,34,32;21,22,2,27,9,32,33,25;42,47,23,21,25;1,10,32,9,6,40;29,26,15,16,17,24;26,29,44,46,48,39;45,40,6,15,26,38,48;45,1,36,6,39;1,45,48,30,19,8,10;31,19,28,43,47,35,25;28,44,4,47,42;29,24,4,43,28,46,38;41,1,40,39,48;28,30,48,38,44;23,35,42,43,4,12;30,41,45,39,38,46
w-cap8-r96-t0 48 3,22,34,11,4;19,2,8,7,30;19,21,35,10,8,1;0,4,14,6,22;3,0,11,16,14;30,7,22,6,29;29,5,22,3,14;30,1,8,22,5;7,1,2,10,34,22;44,36,39,31,42;37,34,8,2,35;0,34,12,26,16,4;13,26,11,34,37;28,26,12,37,23;17,40,29,6,3,4,16,46;26,28,47,46,16;14,4,11,26,15,46;46,27,31,40,14;29,40,31,39,30;32,20,21,2,1,30;32,36,25,21,19;35,2,19,20,25,24;5,7,8,34,0,3,6;38,28,13,37,35,24;35,21,25,38,23;38,24,21,20,36,44,33,45;11,12,13,28,15,16;46,47,43,31,17;41,47,15,26,13,23,38,45;40,18,30,5,6,14;7,5,29,18,39,32,19,1;42,9,39,18,40,17,27,43;20,19,30,39,36;42,43,41,45,25,44;8,10,37,12,11,0,22;37,10,2,21,24,23;44,25,20,32,39,9;10,35,23,13,12,34;23,24,25,45,28;9,36,32,30,18,31;18,29,14,17,31;33,43,47,28,45;43,33,44,9,31;42,31,27,47,41,33;25,36,9,42,33;33,41,28,38,25;27,17,14,16,15,47;27,46,15,28,41,43
w-cap8-r101-t1 49 20,9,19,13,12;11,45,22,5,10,23;29,6,17,28,18;38,4,16,22,45,26;14,16,3,38,27,40;10,1,22,16,17;17,2,29,13,10;18,31,39,30,12;24,11,23,9,20,21,33;23,19,0,20,8;19,23,1,5,17,6,13;1,23,8,24,45;29,18,7,30,20,0,13;19,10,6,29,12,0;4,40,28,17,16;24,33,43,37,26,45;14,17,5,22,3,4;14,28,2,6,10,5,16;7,12,29,2,28,41,31;13,0,9,23,10;9,0,12,30,32,21,8;47,33,8,20,32;3,16,5,1,45;9,8,11,1,10,19;33,15,45,11,8;42,34,48,44,35;15,37,48,46,38,3,45;40,4,38,46,34,41;2,17,14,40,41,18;6,2,18,12,13;7,39,36,32,20,12;42,39,7,18,41;21,20,30,36,47;47,43,15,24,8,21;25,42,41,27,46,48;42,25,44,36,39;32,30,39,35,44,47;44,48,26,15,43;3,26,46,27,4;30,7,31,42,35,36;27,41,28,14,4;40,27,34,42,31,18,28;35,39,31,41,34,25;47,44,37,15,33;35,25,48,37,43,47,36;11,24,15,26,3,22,1;48,34,27,38,26;36,44,43,33,21,32;37,44,25,34,46,26
w-cap8-r103-t0 47 3,12,13,17,30,9;17,13,8,15,27,7;32,35,34,24,21,33;0,9,18,10,22,12;23,14,8,12,22;24,34,40,11,25,36;30,7,31,20,33;6,30,17,1,27,31;28,15,1,13,12,4,14;0,30,43,18,3;22,3,18,21,24,36,23;44,26,25,5,40;3,22,4,8,13,0;17,0,12,8,1;26,38,28,8,4,23,25;41,27,1,8,28,29,16;39,42,41,15,29,37;0,13,1,7,30;21,10,3,9,43;20,31,42,46,35,32;32,33,6,31,19;18,43,33,2,24,10;12,3,10,23,4;22,10,36,25,14,4;5,36,10,21,2,34;11,26,14,23,36,5;44,38,14,25,11;41,31,7,1,15;29,15,8,14,38;15,28,38,37,16;6,33,43,9,0,17,7;6,7,27,41,42,19,20;20,19,35,2,33;43,30,6,20,32,2,21;24,2,35,40,5;2,32,19,46,45,40,34;5,25,23,10,24;39,16,29,38,44,40,45;29,28,14,26,44,37;16,37,45,46,42;44,11,5,34,35,45,37;27,15,16,42,31;39,46,19,31,41,16;18,9,30,33,21;26,11,40,37,38;39,37,40,35,46;39,45,35,19,42
w-cap8-r115-t2 49 11,1,2,9,10;0,11,5,6,28,2;7,9,0,1,28,16;10,33,32,22,11;26,38,6,5,25,27;12,25,4,6,1,11;1,5,4,38,15,28;17,8,9,2,16;9,7,17,18,21;8,21,10,0,2,7;33,3,11,0,9,21;12,5,1,0,10,3,22;13,25,5,11,22;23,27,25,12,22;35,46,37,26,27;39,16,28,6,38;40,29,17,7,2,28,15,39,45;7,16,29,18,8;29,30,19,20,21,8,17;44,36,48,20,18,30,42;48,34,21,18,19;33,10,9,8,18,20,34;12,11,3,32,23,13;32,34,48,24,27,13,22;23,48,36,35,27;27,4,5,12,13;38,4,27,14,37;25,13,23,24,35,14,26,4;2,1,6,15,16;40,30,18,17,16;40,42,19,18,29;42,47,37,43,44;33,34,23,22,3;32,3,10,21,34;32,33,21,20,48,23;24,36,46,14,27;43,46,35,24,48,19,44;47,38,26,14,46,43,31;26,37,47,41,39,15,6,4;45,16,15,38,41;45,42,30,29,16;38,47,42,45,39;30,40,45,41,47,31,44,19;31,37,46,36,44;19,42,31,43,36;42,40,16,39,41;35,36,43,37,14;38,37,31,42,41;20,19,36,24,23,34
w-cap8-r118-t0 49 29,5,25,22,35,13,15;19,21,8,3,5;21,19,18,33,24;1,8,9,25,5;9,34,45,23,22,25;29,28,6,19,1,3,25,0;28,48,18,19,5;21,24,11,14,8;14,9,3,1,21,7;3,8,14,34,4,25;33,46,39,40,24;14,7,24,32,36;47,42,30,38,16,37;35,26,27,15,0;11,36,34,9,8,7;29,0,13,27,17;12,38,35,23,37;44,48,28,29,15,27,31;20,33,2,19,6,48;1,5,6,18,2,21;33,18,48,44,46;7,8,1,19,2,24;23,35,0,25,4;22,4,45,37,16,35;10,40,42,32,11,7,21,2,33;4,22,0,5,3,9;41,27,13,35,38;43,31,17,15,13,26,41;6,5,29,17,48;0,15,17,28,5;40,39,38,12,42;44,17,27,43,46;47,36,11,24,42;20,46,10,24,2,18;9,14,36,45,4;13,0,22,23,16,38,26;14,11,32,47,37,45,34;47,12,16,23,45,36;30,39,41,26,35,16,12;40,10,46,43,41,38,30;39,30,42,24,10;38,39,43,27,26;47,32,24,40,30,12;41,39,46,31,27;46,20,48,17,31;4,34,36,37,23;44,31,43,39,10,33,20;37,36,32,42,12;20,18,6,28,17,44
w-cap8-r119-t1 48 3,18,11,10,20;6,15,7,5,3,14;42,11,18,8,17;5,18,0,20,23,14,1;24,14,23,12,37;1,7,8,18,3;14,26,29,15,1;15,46,16,8,5,1;5,7,16,27,17,2,18;43,35,33,34,41,47,44;19,21,20,0,11,35,43;32,35,10,0,18,2,42;37,4,23,21,19,22;38,24,37,22,40,45;26,6,1,3,23,4,24;46,7,1,6,29;8,7,46,25,27;42,2,8,27,39,31;2,11,0,3,5,8;44,22,12,21,10,43;0,10,21,23,3;12,23,20,10,19;40,13,37,12,19,44,47;20,21,12,4,14,3;4,37,13,38,26,14;16,46,30,39,27;6,14,24,38,29;16,25,39,17,8;41,34,31,39,30;15,6,26,38,45,30,46;41,28,39,25,46,29,45,36;42,17,39,28,34,33,32;35,11,42,31,33;34,9,35,32,31;33,31,28,41,9;32,33,9,43,10,11;45,40,47,41,30;24,4,12,22,13;13,45,29,26,24;27,25,30,28,31,17;36,45,13,22,47;9,34,28,30,36,47;32,11,2,17,31;19,10,35,9,44;19,43,9,47,22;40,36,30,29,38,13;16,7,15,29,30,25;36,40,22,44,9,41
w-cap8-r121-t0 48 4,26,16,39,2;6,3,22,14,15,13,31;4,0,39,17,9;21,12,20,22,1,6;13,15,5,26,0,2,9;24,26,4,15,25;29,7,30,21,3,1,31;6,29,18,19,30;47,35,33,45,34,20,12;2,17,29,31,13,4;14,22,20,34,36,25;45,33,43,40,27,41,23,36;20,3,21,47,8;15,4,9,31,1;10,25,15,1,22;13,1,14,25,5,4;26,24,46,23,41,28,39,0;9,2,39,37,42,29;19,7,29,42,38,32;32,44,30,7,18;12,8,34,10,22,3;3,6,30,47,12;3,20,10,14,1;41,16,46,36,11;26,5,25,46,16;36,46,24,5,15,14,10;24,16,0,4,5;38,37,28,41,11,40,32;37,39,16,41,27;6,31,9,17,42,18,7;19,44,47,21,6,7;6,1,13,9,29;38,27,40,44,19,18;35,43,11,45,8;10,20,8,45,36;33,8,47,44,43;46,25,10,34,45,11,23;39,28,27,38,42,17;32,18,42,37,27;2,0,16,28,37,17;43,44,32,27,11;28,16,23,11,27;38,18,29,17,37;40,11,33,35,44;19,32,40,43,35,47,30;8,33,11,36,34;23,16,24,25,36;12,21,30,44,35,8
w-cap8-r129-t1 49 3,2,12,10,17;10,12,36,21,11,8;3,23,22,12,0;2,0,17,43,18,23;15,16,11,40,7;16,42,17,8,11;25,38,28,29,7;4,40,27,13,25,6,29,15;10,1,11,5,17;41,44,48,20,18,43,32;0,12,1,8,17;8,1,21,39,40,4,16,5;10,0,2,22,14,36,1;25,7,27,45,46,37;34,47,45,26,36,12,22;16,4,7,29,30;5,11,4,15,30,42;0,10,8,5,42,43,3;43,9,20,23,3;31,24,23,20,48,33;48,19,23,18,9;36,26,39,11,1;24,34,14,12,2,23;24,22,2,3,18,20,19;23,19,31,34,22;6,7,13,37,38;36,14,45,39,21;13,7,40,39,45;41,32,30,29,6,38;6,28,30,15,7;42,16,15,29,28,32,43;47,34,24,19,33;41,9,43,30,28;31,19,48,35,37,46,47;22,24,31,47,14;33,48,44,38,37;26,21,1,12,14;25,13,46,33,35,38;41,28,6,25,37,35,44;21,26,45,27,40,11;4,11,39,27,7;28,38,44,9,32;5,16,30,43,17;30,32,9,18,3,17,42;35,48,9,41,38;46,13,27,39,26,14,47;37,13,45,47,33;34,31,33,46,45,14;44,35,33,19,20,9
w-cap8-r132-t0 46 13,14,7,1,2;0,7,8,6,2;9,20,10,3,13,0,1,6;10,4,23,13,2;3,10,22,35,23;7,44,26,39,27;28,9,2,1,8;5,27,8,1,0,14,24,44;28,6,1,7,27;20,2,6,28,19;20,11,12,22,4,3,2;20,19,17,21,12,10;10,11,21,18,34,22;0,2,3,23,14;24,7,0,13,23;17,40,26,38,29,16;30,18,21,17,15,29,33;21,11,19,28,40,15,16;21,16,30,34,12;20,9,28,17,11;19,11,10,2,9;18,12,11,17,16;34,32,35,4,10,12;25,24,14,13,3,4,35;7,14,23,25,44;23,35,36,44,24;5,44,37,38,15,40,39;5,39,28,8,7;9,6,8,27,39,40,17,19;38,45,33,16,15;16,33,41,34,18;45,42,36,43,41;35,22,34,43,36;41,30,16,29,45;18,30,41,43,32,22,12;22,32,36,25,23,4;31,42,44,25,35,32,43;38,26,44,42,45;37,45,29,15,26;27,5,26,40,28;15,17,28,39,26;33,45,31,43,34,30;45,37,44,36,31;41,31,36,32,34;42,37,26,5,7,24,25,36;42,31,41,33,29,38,37
w-cap8-r133-t0 47 5,6,7,2,4;30,33,18,7,6,27;11,12,13,4,0,7;11,23,24,25,12;37,5,0,2,13,14;27,6,0,4,37,26,17;1,7,0,5,27;11,2,0,6,1,18,23;9,10,23,18,33;10,8,33,19,41,35;8,9,35,22,23;7,23,3,12,2;13,2,11,3,25;12,25,31,46,14,4,2;46,39,37,4,13;34,44,40,29,39;19,33,42,21,40;38,20,27,5,26;1,33,8,23,7;9,33,16,40,41;38,28,32,21,42,30,27,17;42,20,32,40,16;10,35,36,24,23;10,22,24,3,11,7,18,8;3,23,22,36,25;12,3,24,36,43,31,13;37,39,38,17,5;17,20,30,1,6,5;32,20,38,39,29;15,40,32,28,39;1,27,20,42,33;46,13,25,43,34;21,20,28,29,40;30,42,16,19,9,8,18,1;15,39,46,31,43,45,44;45,36,22,10,9,41,44;24,22,35,45,43,25;26,5,4,14,39;28,20,17,26,39;46,34,15,29,28,38,26,37,14;16,21,32,29,15,44,41,19;44,35,9,19,40;21,16,33,30,20;25,36,45,34,31;45,35,41,40,15,34;36,35,44,34,43;31,34,39,14,13
w-cap8-r135-t0 45 23,44,39,27,5,26,13;19,8,9,6,4,16;9,24,34,13,6;39,44,37,12,17,36;6,26,5,16,1;16,4,26,0,27;2,13,26,4,1,9;19,18,29,33,8;19,7,33,21,24,9,1;2,6,1,8,24;42,11,21,33,41;10,42,35,34,21;3,37,43,31,17;2,34,23,0,26,6;17,31,30,15,28;18,28,14,30,29;19,1,4,5,27,25,18;14,28,25,36,3,12,31;15,29,7,19,16,25,28;8,1,16,18,7;33,22,32,43,41;10,11,34,24,8,33;29,30,32,20,33;35,44,0,13,34;2,9,8,21,34;27,36,17,28,18,16;5,4,6,13,0;39,36,25,16,5,0;14,15,18,25,17;22,33,7,18,15,30;22,29,15,14,31,32;32,30,14,17,12,43;31,43,20,22,30;22,20,41,10,21,8,7,29;2,24,21,11,35,23,13;23,34,11,42,40,44;39,3,17,25,27;38,43,12,3,44,40;41,43,37,40,42;3,36,27,0,44;38,37,44,35,42;38,42,10,33,20,43;11,10,41,38,40,35;38,41,20,32,31,12,37;23,35,40,37,3,39,0
w-cap8-r136-t0 48 7,1,13,11,3,6;18,8,13,0,7;8,10,9,11,13;6,0,11,25,4;37,14,6,3,25,12;46,29,16,6,27;16,7,0,3,4,14,27,5;28,17,18,1,0,6,16;1,18,31,30,19,10,2,13;22,11,2,10,21;8,19,21,9,2;9,22,25,3,0,13,2;25,22,24,35,36,26,37,4;11,0,1,8,2;4,37,38,27,6;47,44,41,29,46;29,28,7,6,5;31,18,7,28,20,40;31,8,1,7,17;30,42,32,33,21,10,8;41,40,17,28,29;10,19,33,24,22,9;9,21,24,12,25,11;39,34,36,35,43;22,21,33,35,12;4,3,11,22,12;36,45,38,37,12;14,38,46,5,6;16,29,20,17,7;16,5,46,15,41,20,28;42,19,8,31,40;18,17,40,30,8;42,43,35,33,19;21,19,32,35,24;39,41,44,45,36,23;33,32,43,23,36,12,24;26,12,35,23,34,45;26,38,14,4,12;26,45,47,46,27,14,37;23,43,40,41,34;39,43,42,30,31,17,20,41;20,29,15,44,34,39,40;40,43,32,19,30;23,35,32,42,40,39;34,41,15,47,45;26,36,34,44,47,38;47,15,29,5,27,38;46,38,45,44,15
w-cap8-r139-t0 48 33,29,5,2,23;44,41,43,39,30,29;22,11,3,23,0,5;16,23,2,11,26,4;46,16,3,26,6,25;12,22,2,0,29,30;15,34,25,4,26,13;28,18,36,9,32;47,38,45,10,19;31,32,7,36,13,22,12;42,21,19,8,45,25,34;2,22,13,26,3;5,30,31,9,22;22,9,36,15,6,26,11;46,37,20,24,33,23,16;6,13,36,18,34;4,46,14,23,3;21,42,18,28,40;36,7,28,17,42,34,15;47,8,10,21,40,41;38,47,35,24,14,37;10,42,17,40,19;2,5,12,9,13,11;16,14,33,0,2,3;35,29,33,14,20;46,4,6,34,10,45,37;11,13,6,4,3;32,39,43,40,28;7,32,27,40,17,18;0,33,24,35,44,1,30,5;5,29,1,39,31,12;32,9,12,30,39;7,9,31,39,27,28;24,29,0,23,14;6,15,18,42,10,25;24,20,47,44,29;13,9,7,18,15;46,25,45,38,20,14;20,37,45,8,47;27,32,31,30,1,43;17,28,27,43,41,19,21;43,1,44,47,19,40;17,21,10,34,18;27,39,1,41,40;41,1,29,35,47;10,8,38,37,25;4,25,37,14,16;8,19,41,44,35,20,38
w-cap8-r140-t0 49 36,6,24,22,35;11,2,6,26,19,10;6,1,11,3,24;2,11,20,13,24;36,35,5,42,44,45;33,21,42,4,35,22,13,8;1,2,24,0,36,25,26;29,46,48,40,47;33,5,13,12,30,28,43;14,15,48,46,18;11,1,19,17,31,32,20;10,20,3,2,1;32,30,8,13,20;12,8,5,22,24,3,20;9,18,43,28,15;9,14,28,41,48;19,27,34,38,17;19,16,38,41,31,10;9,46,29,23,21,33,43,14;17,10,1,26,27,16;11,10,32,12,13,3;33,18,23,42,5;0,24,13,5,35;42,21,18,29,47;0,6,2,3,13,22;27,26,6,36,45;19,1,6,25,27;25,45,34,16,19,26;15,14,43,8,30,31,41;7,47,23,18,46;12,32,31,28,8;30,32,10,17,41,28;12,20,10,31,30;21,5,8,43,18;37,38,16,27,45,44,47;4,36,0,22,5;0,35,4,45,25,6;34,47,40,39,38;37,39,41,17,16,34;38,37,40,48,41;48,39,37,47,7;15,28,31,17,38,39,48;23,47,44,4,5,21;28,14,18,33,8;42,47,34,45,4;25,36,4,44,34,27;48,7,29,18,9;40,37,34,44,42,23,29,7;40,7,46,9,15,41,39
w-cap8-r141-t0 49 45,14,17,28,48;19,42,8,32,24,21;16,33,42,19,27;10,20,18,34,22;34,11,45,37,9;43,23,37,48,28,13;39,31,25,22,29,23;17,15,40,44,28;1,42,40,12,32;37,29,22,34,4;20,3,22,25,30,46;47,36,45,4,34,18,21,24;15,26,32,8,40;38,43,5,28,44;45,36,26,17,0;17,26,12,40,7;35,33,2,27,41;14,26,15,7,28,0;20,21,11,34,3;2,42,1,21,46,27;3,10,46,21,18;1,24,11,18,20,46,19;29,6,25,10,3,34,9;29,37,5,43,39,6;1,32,47,11,21;31,30,10,22,6;32,12,15,17,14,36,47;16,2,19,46,30,31,41;0,17,7,44,13,5,48;22,9,37,23,6;27,46,10,25,31;25,6,39,41,27,30;47,24,1,8,12,26;35,40,42,2,16;4,9,22,3,18,11;16,41,38,44,40,33;11,47,26,14,45;9,4,45,48,5,23,29;41,43,13,44,35;31,6,23,43,41;15,12,8,42,33,35,44,7;39,43,38,35,16,27,31;1,19,2,33,40,8;5,13,38,41,39,23;35,38,13,28,7,40;14,0,48,37,4,11,36;30,27,19,21,20,10;36,11,24,32,26;5,37,45,0,28
w-cap8-r142-t0 46 2,3,12,4,5,6;6,15,16,8,2;1,8,3,0,6;2,8,21,9,10,12,0;12,11,13,14,5,0;6,0,4,14,27,15;15,1,2,0,5;16,28,19,21,8;2,1,16,7,21,3;43,33,10,3,21;12,3,9,33,22;22,24,13,4,12;10,22,11,4,0,3;24,36,44,37,38,25,14,4,11;25,27,5,4,13;6,5,27,26,40,16,1;1,15,40,28,7,8;30,31,18,39,29;31,20,19,28,39,17;20,21,7,28,18;31,41,32,21,19,18;7,19,20,32,43,9,3,8;33,34,23,24,11,12,10;22,34,35,36,24;23,36,13,11,22;38,26,27,14,13;25,38,29,39,40,15,27;26,15,5,14,25;19,7,16,40,39,18;38,37,45,30,17,39,26;31,17,29,45,41;18,17,30,41,20;42,43,21,20,41;22,10,9,43,34;23,22,33,43,42,35;23,34,42,41,45,44,36;23,35,44,13,24;44,45,29,38,13;25,13,37,29,26;17,18,28,40,26,29;16,15,26,39,28;42,32,20,31,30,45,35;34,43,32,41,35;32,42,34,33,9,21;45,37,13,36,35;44,35,41,30,29,37
w-cap8-r145-t0 49 8,28,16,18,5,6;12,24,4,8,6,9;11,36,3,28,8,4;2,36,22,14,15,28;11,2,8,1,24;0,18,17,9,6;1,8,0,5,9;26,29,32,19,20,17,18;0,6,1,4,2,28;10,12,1,6,5,17,20;9,20,33,34,12;4,24,35,36,2;1,9,10,34,24;38,27,15,14,46;13,15,3,22,25,46;28,3,14,13,27;40,18,0,28,27;20,9,5,18,7;17,5,0,16,40,26,7;30,33,20,7,32;17,7,19,33,10,9;34,43,44,35,24;3,36,23,25,14;25,22,36,35,44,45,48;35,11,4,1,12,34,21;22,23,48,46,14;29,7,18,40,38,39;13,38,40,16,28,15;15,27,16,0,8,2,3;26,39,47,32,7;19,32,47,41,31,33;41,45,44,43,33,30;29,47,30,19,7;43,34,10,20,19,30,31;21,24,12,10,33,43;21,44,23,36,11,24;35,23,22,3,2,11;39,38,46,48,42,47;39,26,40,27,13,46,37;38,37,47,29,26;26,18,16,27,38;45,31,30,47,42;37,48,45,41,47;44,21,34,33,31;43,31,45,23,35,21;31,41,42,48,23,44;14,25,48,37,38,13;42,41,30,32,29,39,37;42,37,46,25,23,45
w-cap8-r147-t0 49 4,15,7,6,26;30,41,36,44,18;23,14,8,34,33,12;23,10,46,28,4,14;29,15,0,26,14,3,28;21,32,9,26,6,19;0,7,19,5,26;0,15,17,18,16,19,6;2,14,26,9,34;8,26,5,32,34;22,27,48,46,3,23,12;31,45,37,21,20,44;13,22,10,23,2,33;24,25,22,12,33;8,2,23,3,4,26;29,17,7,0,4;7,18,44,20,19;7,15,29,40,30,18;7,17,30,1,44,16;6,7,16,20,21,5;21,19,16,44,11;20,11,37,43,32,5,19;25,27,10,12,13;2,12,10,3,14;42,25,13,33,35,45;27,22,13,24,42,36,38;8,14,4,0,6,5,9;48,10,22,25,38;29,4,3,46,39,40;15,4,28,40,17;41,1,18,17,40;42,45,11,44,36;34,9,5,21,43,33;35,24,13,12,2,34,32,43;32,33,2,8,9;45,24,33,43,37;38,25,42,31,44,1,41,47;43,21,11,45,35;27,25,36,47,48;47,40,28,46,48;41,30,17,29,28,39,47;36,1,30,40,47;31,36,25,24,45;32,21,37,35,33;16,18,1,36,31,11,20;35,37,11,31,42,24;48,39,28,3,10;39,48,38,36,41,40;46,10,27,38,47,39
w-cap8-r150-t3 45 7,30,8,1,26,28,17,18;13,24,37,26,0,8;11,6,25,9,30,7,20;31,32,33,12,35,22,4;10,31,3,22,25;23,43,27,16,15;11,21,10,25,2;2,30,0,18,20;9,22,13,1,0,30;8,30,2,25,22;6,21,41,31,4,25;6,2,20,44,21;34,24,35,3,33;1,8,22,35,24;37,36,15,16,38,28,26;14,36,23,5,16;5,27,38,14,15;28,38,19,29,18,0;17,29,20,7,0;40,29,17,38,27;11,2,7,18,29,44;10,6,11,44,41;35,13,8,9,25,4,3;34,33,43,5,15,36;37,1,13,35,12,34,36;6,10,4,22,9,2;37,14,28,0,1;5,43,39,40,19,38,16;14,38,17,0,26;40,44,20,18,17,19;9,8,0,7,2;4,10,41,32,3;31,41,42,33,3;32,42,43,23,34,12,3;23,36,24,12,33;3,12,24,13,22;34,23,15,14,37,24;26,1,24,36,14;28,14,16,27,19,17;42,41,40,27,43;29,19,27,39,41,44;31,10,21,44,40,39,42,32;39,43,33,32,41;42,39,27,5,23,33;21,11,20,29,40,41
w-cap8-r151-t0 45 22,13,12,5,7,2;32,30,17,35,33,43;8,21,22,0,7,6,40;42,16,12,10,39,18;37,44,18,11,23;38,27,7,0,12;20,30,40,2,7;5,27,20,6,2,0;40,19,9,21,2;36,34,21,8,19,28;13,14,39,3,12;25,23,4,18,39,14;5,0,13,10,3,16,38;14,10,12,0,22;25,11,39,10,13,22,21;29,27,38,16,31;38,12,3,42,31,15;29,35,1,30,20,27;39,11,4,44,41,42,3;8,40,30,32,28,9;7,27,17,30,6;34,25,14,22,2,8,9;14,13,0,2,21;37,4,11,25,34,36,26;26,28,43,33,37;34,23,11,14,21;28,24,37,23,36;17,20,7,5,38,15,29;43,24,26,36,9,19,32;35,17,27,15,31;6,20,17,1,32,19,40;41,33,35,29,15,16,42;1,43,28,19,30;43,1,35,31,41,44,37,24;21,9,36,23,25;1,17,29,31,33;34,9,28,26,23;24,33,44,4,23,26;15,27,5,12,16;11,18,3,10,14;8,2,6,30,19;33,31,42,18,44;18,41,31,16,3;24,28,32,1,33;4,37,33,41,18
w-cap8-r153-t0 49 20,21,44,10,35,2,8;25,11,26,14,31;3,28,8,0,35;28,2,35,19,26;48,36,45,40,22,23;41,29,30,6,15;31,14,15,5,30,42;40,45,27,29,41,13,37;20,0,2,28,11,9;25,17,20,8,11;12,23,35,0,44;28,26,1,25,9,8;10,44,34,38,48,23;37,7,41,15,26,19;31,1,26,15,6;5,6,14,26,13,41;24,32,43,33,34,21,17;20,9,25,18,24,16,21;24,17,25,31,42;22,37,13,26,3,35,23;0,8,9,17,21;20,17,16,34,44,0;23,4,40,37,19;10,12,48,4,22,19,35;42,30,32,16,17,18;9,11,1,31,18,17;28,3,19,13,15,14,1,11;46,29,7,45,47;26,11,8,2,3;5,41,7,27,46,30;24,42,6,5,29,46,32;14,6,42,18,25,1;24,30,46,47,43,16;38,34,16,43,39;44,21,16,33,38,12;2,0,10,23,19,3;45,4,48,38,39;13,19,22,40,7;33,39,36,48,12,34;43,47,45,36,38,33;37,22,4,45,7;29,5,15,13,7;24,18,31,6,30;39,33,16,32,47;34,12,10,0,21;40,4,36,39,47,27,7;47,32,30,29,27;46,27,45,39,43,32;12,38,36,4,23
w-cap8-r164-t0 42 6,31,2,10,4;19,20,21,11,9;10,0,31,19,9;10,9,12,13,4;5,6,0,10,3,13,25,14;26,7,6,4,14;31,0,4,5,7;6,5,26,15,31;17,18,29,20,19,31;3,10,2,19,1,11,12;3,4,0,2,9;1,21,40,23,12,9;3,9,11,23,13;25,4,3,12,23;25,37,26,5,4;16,17,31,7,26;27,28,30,17,15,26;18,8,31,15,16,30;33,29,8,17,30;1,9,2,31,8,20;8,29,21,1,19;40,11,1,20,29;40,32,35,24,23;22,24,34,25,13,12,11,40;35,39,38,34,23,22;14,4,13,23,34,36,37;27,16,15,7,5,14,37;37,41,28,16,26;30,16,27,41,39;32,40,21,20,8,18,33;16,28,39,33,18,17;0,6,7,15,17,8,19,2;29,33,35,22,40;18,30,39,35,32,29;23,24,38,36,25;33,39,24,22,32;25,34,38,41,37;27,26,14,25,36,41;41,36,34,24,39;35,33,30,28,41,38,24;21,29,32,22,23,11;36,38,39,28,27,37
w-cap8-r166-t0 46 15,28,1,17,3,11,9,5;0,28,6,16,17;41,42,12,32,4,18;17,18,4,11,0;3,18,2,32,11;10,14,26,15,0,9;16,1,28,38,7,8;38,43,39,31,30,8,6;30,34,18,16,6,7;11,32,10,5,0;14,5,9,32,19,24;9,0,3,4,32;25,23,20,32,2,42,36;29,27,14,24,22;13,27,26,5,10,24;26,45,28,0,5;17,1,6,8,18;3,0,1,16,18;41,2,4,3,17,16,8,34;21,24,10,32,20;32,12,23,21,19;24,19,20,23,22;37,44,39,29,13,24,21,23;20,12,25,37,22,21;21,22,13,14,10,19;23,12,36,35,37;45,15,5,14,27;45,26,14,13,29,43,38;15,45,38,6,1,0;13,22,39,43,27;7,31,40,34,8;30,7,39,44,40;20,19,10,9,11,4,2,12;40,36,42,41,34;30,40,33,41,18,8;37,25,36,40,44;33,40,35,25,12,42;35,44,22,23,25;43,7,6,28,45,27;31,7,43,29,22,44;33,34,30,31,44,35,36;33,42,2,18,34;41,33,36,12,2;29,39,7,38,27;37,35,40,31,39,22;26,27,38,28,15
w-cap8-r167-t0 46 19,2,20,11,33;8,28,42,10,20;0,19,3,37,23,8,20;9,38,37,2,19;34,15,16,6,33;7,35,16,26,13;16,35,19,33,4;36,38,9,35,5,13,39;23,28,1,20,2;38,3,19,35,7;1,42,21,22,34,11,20;0,20,10,34,33;44,41,39,24,43;26,24,39,7,5;44,43,15,22,21,32,25;43,24,26,16,4,34,22,14;6,4,15,26,5,35;40,31,18,30,45;28,23,30,17,31,42;9,3,2,0,33,6,35;8,1,10,11,0,2;22,10,42,32,14;21,14,15,34,10;37,30,18,28,8,2;43,12,39,13,26,15;40,45,41,44,14,32;15,24,13,5,16;38,36,29,45,30,37;8,23,18,42,1;36,39,41,45,27;37,27,45,17,18,23;40,32,42,18,17;31,40,25,14,21,42;6,19,0,11,34,4;4,33,11,10,22,15;9,19,6,16,5,7;38,7,39,29,27;27,30,23,2,3,38;9,7,36,27,37,3;12,41,29,36,7,13,24;25,32,31,17,45;12,44,25,45,29,39;28,18,31,32,21,10,1;15,14,44,12,24;43,14,25,41,12;40,17,30,27,29,41,25
w-cap8-r173-t0 49 3,4,5,9,2,10;18,19,7,8,9,6;10,0,9,8,22;10,11,13,4,0;13,14,15,5,0,3;15,17,9,0,4;18,1,9,17,16;19,33,20,8,1;20,22,2,9,1,7;8,2,0,5,17,6,1;2,22,21,23,11,3,0;10,23,36,12,13,3;11,36,24,25,13;4,3,11,12,25,14;15,4,13,25,27;14,27,28,17,5,4;28,29,30,18,6,17;5,15,28,16,6,9;30,31,19,1,6,16;18,31,42,32,33,7,1;22,8,7,33,34,21;34,35,23,10,22,20;21,10,2,8,20;21,35,36,11,10;37,26,25,12,36,44;26,39,27,14,13,12,24;25,24,37,38,39;29,28,15,14,25,39;27,29,16,17,15;41,30,16,28,27,39,40;18,16,29,41,31;18,30,41,47,42,19;19,42,48,43,33;43,34,20,7,19,32;44,35,21,20,33,43,45;21,34,44,36,23;44,24,12,11,23,35;44,45,46,38,26,24;39,26,37,46,40;25,26,38,40,29,27;39,38,46,47,41,29;30,29,40,47,31;47,48,32,19,31;33,32,48,46,45,34;45,37,24,36,35,34;44,34,43,46,37;40,38,37,45,43,48,47;42,31,41,40,46,48;43,32,42,47,46
w-cap8-r179-t0 46 24,2,4,23,11;6,8,16,5,24;9,10,4,0,24,5;41,19,36,31,23,4,10;2,10,3,23,0;9,2,24,1,16,18;14,27,8,1,24,11;29,18,28,45,35,30;16,1,6,27,13;29,10,2,5,18;41,3,4,2,9,29,30;12,14,6,24,0,23;23,25,26,14,11;17,16,8,27,15,39;11,12,26,27,6;43,33,39,13,27,37;8,13,17,28,18,5,1;13,39,45,28,16;9,5,16,28,7,29;36,3,41,42,21;22,44,31,36,21;36,19,42,35,32,34,22,20;34,33,43,38,44,20,21;12,11,0,4,3,31,44,25;5,2,0,11,6,1;26,12,23,44,38,37;12,25,37,27,14;8,6,14,26,37,15,13;7,18,16,17,45;9,18,7,30,10;42,41,10,29,7,35;36,20,44,23,3;34,21,35,45,40;43,22,34,40,39,15;22,21,32,40,33;32,21,42,30,7,45;19,21,20,31,3;38,43,15,27,26,25;44,22,43,37,25;15,33,40,45,17,13;34,32,45,39,33;42,19,3,10,30;41,30,35,21,19;15,37,38,22,33;38,25,23,31,20,22;40,32,35,7,28,17,39
w-cap8-r180-t0 47 3,4,6,16,7;12,23,2,10,20,34;7,10,1,23,3;2,23,9,4,0,7;3,9,11,39,6,0;45,25,18,44,37;4,39,28,45,29,16,0;10,2,3,0,16,17;38,35,33,41,21;13,11,4,3,23;7,17,20,1,2;9,13,27,39,4;23,1,34,43,15;9,23,15,24,27,11;27,40,25,28,39;23,12,43,35,24,13;7,0,6,29,30,17;16,30,31,20,10,7;42,44,5,25,40;31,30,37,46,32;31,32,22,34,1,10,17;8,41,46,44,38;34,20,32,41,33;9,3,2,1,12,15,13;36,27,13,15,35;14,40,18,5,45,28;42,40,36,35,38;36,40,14,39,11,13,24;45,6,39,14,25;16,6,45,37,30;16,29,37,19,31,17;32,20,17,30,19;22,20,31,19,46,41;22,41,8,35,43,34;43,12,1,20,22,33;8,38,26,36,24,15,43,33;27,24,35,26,40;19,30,29,45,5,44,46;8,21,44,42,26,35;4,11,27,14,28,6;36,26,42,18,25,14,27;21,8,33,22,32,46;26,38,44,18,40;34,33,35,15,12;37,5,18,42,38,21,46;5,37,29,6,28,25;21,41,32,19,37,44
w-cap8-r181-t0 48 10,31,42,6,30,43;11,23,8,25,2;27,4,11,1,25,26,12;14,16,6,17,11,4;14,3,11,2,27;15,33,19,46,32;30,0,42,17,3,16,15;31,23,11,17,42;39,25,1,23,22,36,24;31,10,21,36,22;9,31,0,43,18,21;17,7,23,1,2,4,3;40,28,27,2,26;41,33,15,16,14,28;3,4,27,28,13,16;33,5,32,30,6,16,13;6,3,14,13,15;11,3,6,42,7;10,43,46,20,21;46,5,33,44,34;21,18,46,34,35;20,35,24,36,9,10,18;36,8,23,31,9;1,11,7,31,22,8;36,21,35,45,47,39,8;39,26,2,1,8;12,2,25,39,47,37,40;14,4,2,12,28;27,12,40,29,41,13,14;37,44,41,28,40;0,6,15,32,43;7,42,0,10,9,22,23;15,5,46,43,30;13,41,44,19,5,15;38,45,35,20,46,19,44;21,20,34,45,24;24,8,22,9,21;29,40,26,47,38,44;34,44,37,47,45;8,24,47,26,25;12,26,37,29,28;29,44,33,13,28;31,7,17,6,0;30,32,46,18,10,0;41,29,37,38,34,19,33;35,34,38,47,24;5,19,34,20,18,43,32;39,24,45,38,37,26
w-cap8-r193-t1 48 30,47,19,20,4,2;29,16,6,13,27,35;12,28,30,0,4,16;32,26,44,9,15;20,7,6,16,2,0;21,34,37,15,9;4,7,13,1,16;20,32,15,13,6,4;10,41,43,18,31,40;21,5,15,3,44,33;41,8,40,24,33;34,24,39,22,23,37;29,17,28,2,16;27,1,6,7,15,37,23;36,31,45,35,25,22;32,3,9,5,37,13,7;29,12,2,4,6,1;12,29,35,38,28;42,28,46,31,8,43;47,43,41,26,32,20,0;4,0,19,32,7;5,9,33,24,34;39,36,14,25,23,11;25,27,13,37,11,22;34,21,33,10,40,39,11;27,23,22,14,35;44,3,32,19,41;23,25,35,1,13;30,2,12,17,38,46,18,42;35,17,12,16,1;0,2,28,42,47;45,14,36,40,8,18,46;3,15,7,20,19,26;21,9,44,41,10,24;37,5,21,24,11;29,1,27,25,14,45,38,17;31,14,22,39,40;34,11,23,13,15,5;17,35,45,46,28;36,22,11,24,40;36,39,24,10,8,31;8,10,33,44,26,19,43;47,30,28,18,43;19,47,42,18,8,41;3,26,41,33,9;31,46,38,35,14;45,31,18,28,38;0,30,42,43,19
w-cap8-r196-t0 48 47,37,32,43,46,16;44,43,6,33,4,15;15,4,20,8,21;20,13,25,45,42,30,39;9,20,2,15,1,33;11,10,41,44,15,21,27;43,32,34,33,1;29,10,11,28,12,22,36;39,38,21,2,20;23,13,20,4,33;11,7,29,46,41,5;27,28,7,10,5;31,22,7,28,38,39;25,3,20,9,23,35;19,40,24,26,42;2,21,5,44,1,4;29,36,24,47,0,46;45,25,35,18,19;47,40,19,17,35,37;40,14,42,45,17,18;3,39,8,2,4,9,13;2,8,38,27,5,15;36,7,12,31,26,24;9,33,34,35,13;36,22,26,14,40,47,16;13,35,17,45,3;31,30,42,14,24,22;11,5,21,38,28;11,27,38,12,7;7,36,16,46,10;31,39,3,42,26;26,22,12,39,30;6,43,0,37,34;6,34,23,9,4,1;6,32,37,35,23,33;23,34,37,18,17,25,13;7,22,24,16,29;32,0,47,18,35,34;28,27,21,8,39,12;30,31,12,38,8,20,3;19,18,47,24,14;44,5,10,46,43;14,26,30,3,45,19;6,1,44,41,46,0,32;15,5,41,43,1;3,25,17,19,42;29,16,0,43,41,10;40,18,37,0,16,24
w-cap8-r202-t0 49 30,43,32,33,16;21,33,36,31,11,6,8;20,23,34,37,25;10,22,40,4,6,11;8,6,3,40,5;17,44,14,15,8,4,40;4,8,1,11,3;39,45,30,16,27;4,5,15,21,1,6;11,31,19,35,23,10;20,22,3,11,9,23;9,10,3,6,1,31;45,39,13,24,48;26,28,22,24,12,39;27,16,29,15,5,44;21,8,5,14,29;29,14,27,7,30,0,33;40,28,26,44,5;19,31,36,32,43,38,46;18,46,35,9,31;10,23,2,25,22;1,8,15,29,33;20,25,24,13,28,40,3,10;2,20,10,9,35,34;25,37,48,12,13,22;22,20,2,37,24;13,39,44,17,28;14,44,39,7,16;26,17,40,22,13;16,33,21,15,14;45,43,0,16,7;36,18,19,9,11,1;36,33,0,43,18;29,16,0,32,36,1,21;2,23,35,46,47,42,37;23,9,19,46,34;1,33,32,18,31;48,24,25,2,34,42;41,47,46,18,43;7,27,44,26,13,12,45;17,5,4,3,22,28;38,43,45,42,47;47,41,45,48,37,34;41,38,18,32,0,30,45;26,39,27,14,5,17;48,42,41,43,30,7,39,12;35,19,18,38,47,34;46,38,41,42,34;24,37,42,45,12
w-cap8-r211-t0 47 22,35,43,36,4,9;20,9,2,7,18;6,7,1,9,3,11;24,11,2,9,4;36,24,3,9,0;23,12,17,11,24;2,11,16,30,7;1,2,6,30,19,18;20,18,19,33,32,10;1,20,10,22,0,4,3,2;20,8,32,39,34,22,9;16,6,2,3,24,5,17;23,27,38,46,15,17,5;23,24,37,26,27;28,46,38,25,45,31,41;12,46,28,40,29,17;17,29,30,6,11;16,11,5,12,15,29;8,20,1,7,19;18,7,30,29,40,33,8;10,9,1,18,8;31,39,32,33,40,41;34,35,0,9,10;5,24,13,27,12;3,4,36,37,13,23,5,11;45,14,38,26,44,42;27,13,37,44,25,38;23,13,26,38,12;41,40,15,46,14;30,16,17,15,40,19;29,19,7,6,16;39,21,41,14,45;33,21,39,10,8;21,32,8,19,40;22,10,39,42,35;43,0,22,34,42;43,37,24,4,0;13,24,36,43,44,26;46,12,27,26,25,14;45,42,34,10,32,21,31;28,41,21,33,19,29,15;28,14,31,21,40;39,45,25,44,43,35,34;36,0,35,42,44,37;25,26,37,43,42;25,42,39,31,14;28,15,12,38,14
w-cap8-r218-t0 47 22,12,37,31,21,32;30,3,31,7,33;29,46,28,45,15;1,30,19,5,21,31;26,14,37,12,23;19,41,10,32,21,3;26,16,24,17,27;14,26,27,18,33,1,31;19,40,28,42,41;15,36,18,27,17;34,35,22,32,5,41,42;25,35,34,43,38;20,23,4,37,0,22;23,20,25,38,44;7,31,37,4,26;36,9,17,29,2,45,39;44,24,6,26,23;9,27,6,24,29,15;27,9,36,33,7;5,3,30,40,8,41;25,13,23,12,22;31,3,5,32,0;35,25,20,12,0,32,10;13,44,16,26,4,12,20;6,16,44,29,17;20,22,35,11,38,13;4,23,16,6,27,7,14;6,17,9,18,7,26;8,40,45,2,46,43,42;2,15,17,24,44,38,46;19,3,1,33,39,40;1,3,21,0,37,14,7;0,21,5,10,22;18,36,39,30,1,7;35,10,42,43,11;10,34,11,25,22;18,9,15,39,33;4,14,31,0,12;44,13,25,11,43,46,29;36,15,45,40,30,33;30,39,45,28,8,19;42,10,5,19,8;41,8,28,43,34,10;38,11,34,42,28,46;16,23,13,38,29,24;2,28,40,39,15;38,43,28,2,29
w-cap8-r229-t0 47 2,13,3,15,5;17,43,21,10,22,6,18;0,5,36,11,13;0,13,26,14,4,16,15;3,14,28,27,16;36,2,0,15,9;22,9,30,18,1;44,42,46,37,20,32;31,32,17,18,16;22,33,36,5,15,30,6;21,24,38,23,33,22,1;36,23,38,45,25,12,13,2;39,26,13,11,25;26,3,0,2,11,12;28,4,3,26,40;0,3,16,30,9,5;31,8,18,30,15,3,4,27;18,8,32,43,1;17,1,6,30,16,8;34,24,20,37,35;43,32,7,37,19,24,21;10,1,43,20,24;33,9,6,1,10;38,11,36,33,10;21,20,19,34,45,38,10;34,35,39,12,11,45;14,3,13,12,39,41,40;4,28,42,44,31,16;40,42,27,4,14;40,41,35,46,42;6,9,15,16,18;44,32,8,16,27;43,17,8,31,44,7,20;36,9,22,10,23;45,24,19,35,25;46,29,41,39,25,34,19,37;11,2,5,9,33,23;20,7,46,35,19;11,23,10,24,45;41,26,12,25,35;28,14,26,41,29,42;26,39,35,29,40;28,40,29,46,7,44,27;20,21,1,17,32;7,32,31,27,42;24,34,25,11,38;42,29,35,37,7
w-cap8-r230-t0 49 4,24,26,15,5,1;2,3,4,0,5;3,1,5,18,8;2,8,21,10,4,1;10,13,24,0,1,3;0,15,16,28,18,2,1;29,19,17,18,28;19,30,22,44,23,9,17;9,21,3,2,18,17;8,17,7,23,21;3,21,12,13,4;23,44,35,12,21;11,35,13,10,21;4,10,12,35,24;25,38,41,27,26;16,5,0,26,27,39;15,39,40,28,5;19,7,9,8,18,6;8,2,5,28,6,17;7,17,6,29,30;33,34,22,30,31,32;12,10,3,8,9,23,11;7,30,20,34,44;11,21,9,7,44;36,26,0,4,13,35;14,26,36,45,38;0,24,36,25,14,27,15;15,26,14,41,39;29,6,18,5,16,40,31;28,31,30,19,6;22,7,19,29,31,20;29,28,40,32,20,30;40,42,48,33,20,31;48,46,37,47,34,20,32;43,44,22,20,33,47;36,24,13,12,11,44,43,45;24,35,45,25,26;46,38,45,47,33;46,41,14,25,45,37;41,42,40,16,15,27;42,32,31,28,16,39;42,39,27,14,38,46,48;41,48,32,40,39;44,34,47,45,35;43,35,11,23,7,22,34;43,47,37,38,25,36,35;48,41,38,37,33;43,34,33,37,45;42,41,46,33,32
w-cap8-r231-t2 49 48,33,21,11,3,20,30,31;29,47,7,28,27;20,3,19,16,6,18;20,0,11,37,9,19,2;22,10,19,9,32,13;22,17,14,26,35,15,10;18,2,16,15,28,7;31,30,18,6,28,1,47,8;47,42,36,48,31,7;4,19,3,37,32;22,5,15,16,19,4;21,44,37,3,0;39,24,14,25,23;22,4,32,25,17;17,25,12,24,26,5;28,6,16,10,5,35,27;10,15,6,2,19;22,13,25,14,5;30,20,2,6,7;9,4,10,16,2,3;30,0,3,2,18;0,33,34,44,11;13,17,5,10,4;39,12,25,32,44;39,45,43,40,46,26,14,12;12,14,17,13,32,23;5,14,24,46,35;28,15,35,29,1;27,1,7,6,15;40,41,42,47,1,27,35,46;31,0,20,18,7;30,7,8,48,0;13,4,9,37,44,23,25;21,0,48,36,34;21,33,36,38,44;46,29,27,15,5,26;38,34,33,48,8,42,41,43;11,44,32,9,3;34,36,43,45,44;24,12,23,44,45;43,41,29,46,24;42,29,40,43,36;41,36,8,47,29;40,24,45,38,36,41;21,34,38,45,39,23,32,37,11;24,39,44,38,43;40,29,35,26,24;8,7,1,29,42;33,0,31,8,36
w-cap8-r232-t0 48 2,8,42,4,14;7,8,2,26,15,5,6;8,0,14,27,26,1;42,25,18,13,23,4;23,24,12,14,0,42,3;15,16,40,6,1;7,1,5,40,10;10,42,8,1,6;2,1,7,42,0;44,20,21,33,13;7,6,40,29,32,42;18,43,17,44,13;4,24,34,36,14;44,9,33,23,3,18,11;35,27,2,0,4,12,36;16,5,1,26,28;15,28,47,38,39,40,5;44,11,43,19,39,20;43,11,13,3,25;29,40,39,17,43;44,17,39,30,31,21,9;33,9,20,31,22;21,31,41,45,34,33;33,24,4,3,13;23,33,34,12,4;18,3,42,32,43;15,1,2,27,28;2,14,35,28,26;37,47,16,15,26,27,35;19,43,32,10,40;39,38,41,31,20;21,20,30,41,22;10,29,43,25,42;23,13,9,21,22,34,24;45,36,12,24,33,22;37,28,27,14,36;37,35,14,12,34,45,46;46,47,28,35,36;30,39,16,47,41;40,16,38,30,20,17,19;39,19,29,10,6,5,16;30,38,47,46,45,22,31;7,10,32,25,3,4,0,8;18,25,32,29,19,17,11;20,9,13,11,17;34,22,41,46,36;37,36,45,41,47;37,46,41,38,16,28
w-cap8-r234-t0 45 10,2,6,5,9,1;8,38,19,10,0,9;10,20,11,40,22,6,0;14,40,11,30,44,12;37,16,5,6,22,26;7,9,0,6,4,16;0,2,22,4,5;17,18,8,9,5,16,27;1,9,7,18,28,38;0,5,7,8,1;1,19,20,2,0;40,2,20,30,3;44,33,13,24,15,14,3;33,42,23,24,12;3,12,15,26,22,40;24,37,26,14,12;4,37,27,7,5;27,35,25,18,7;17,25,28,8,7;20,10,1,38,31,21;21,30,11,2,10,19;20,19,31,41,30;6,2,40,14,26,4;34,35,36,24,13,42;36,37,15,12,13,23;43,28,18,17,35;22,14,15,37,4;17,7,16,37,36,35;25,43,39,32,31,38,8,18;39,42,33,41,32;44,3,11,20,21,41;32,41,21,19,38,28;39,29,41,31,28;44,41,29,42,13,12;23,42,39,43,35;43,25,17,27,36,23,34;24,23,35,27,37;4,26,15,24,36,27,16;1,8,28,31,19;29,32,28,43,34,42;11,3,14,22,2;32,29,33,44,30,21,31;29,39,34,23,13,33;39,28,25,35,34;12,3,30,41,33
w-cap8-r235-t1 49 4,9,3,2,26,13;7,9,4,27,6;38,28,26,0,3,10,12;9,7,8,10,2,0;1,9,0,13,27;41,25,39,42,27,13;1,27,40,15,17,7;1,6,17,30,32,31,8,3,9;31,20,10,3,7;4,1,7,3,0;8,20,11,12,2,3;18,36,16,12,10,20;38,2,10,11,16;26,41,5,27,4,0;40,27,42,47,46;6,40,43,21,17;38,12,11,36,23,25;7,6,15,21,30;22,36,11,20,34;33,37,45,23,36,22,35;18,11,10,8,31,34;30,17,15,43,44;35,19,36,18,34;45,24,25,16,36,19;45,47,39,25,23;38,16,23,24,39,5,41,28;13,0,2,28,41;14,40,6,1,4,13,5,42;38,25,41,26,2;32,30,44,35,34;29,32,7,17,21,44;32,34,20,8,7;29,34,31,7,30;37,19,35,44,43,48;22,18,20,31,32,29,35;29,44,33,19,22,34;18,22,19,23,16,11;33,48,47,45,19;25,28,2,12,16;24,47,42,5,25;15,6,27,14,46,43;26,28,25,5,13;14,27,5,39,47;21,15,40,46,48,33,44;29,30,21,43,33,35;24,23,19,37,47;14,47,48,43,40;14,42,39,24,45,37,48,46;33,43,46,47,37
w-cap8-r240-t0 47 38,33,43,3,4;31,27,6,26,40,36,25,28;38,7,26,6,33;13,16,4,0,43,21;14,7,38,0,3,16;46,29,39,8,18,20,33,27,31;33,2,26,1,27;40,26,2,38,4,14,10,17;39,42,32,18,5;34,22,32,42,45;7,14,15,11,37,17;15,24,12,35,41,37,10;44,35,11,24,45,42;3,21,23,24,16;4,16,15,10,7;11,10,14,16,24;13,24,15,14,4,3;37,36,40,7,10;32,22,20,5,8;44,42,39,29,30;5,18,22,43,33;23,13,3,43,22;32,9,34,23,21,43,20,18;13,21,22,34,24;34,45,12,11,15,16,13,23;28,1,36,37,41,30;7,40,1,6,2;31,5,33,6,1;46,31,1,25,30;5,46,30,19,39;29,46,28,25,41,35,44,19;46,5,27,1,28;18,8,42,9,22;0,38,2,6,27,5,20,43;23,22,9,45,24;12,44,30,41,11;40,17,37,25,1;11,41,25,36,17,10;4,7,2,33,0;19,42,8,5,29;36,1,26,7,17;11,35,30,25,37;9,32,8,39,19,44,12,45;21,3,0,33,20,22;19,30,35,12,42;34,9,42,12,24;28,30,29,5,31
w-cap8-r245-t0 47 16,6,18,2,4;10,5,4,2,8;4,0,18,8,1;26,15,4,5,11,13,25;5,3,15,16,0,2,1;4,1,10,11,3;17,7,18,0,16,28;17,30,31,18,6;1,2,18,9,34,10;31,42,19,34,8,18;11,5,1,8,34,22,44,23;13,3,5,10,23;24,25,13,23,44,35,36;11,23,12,25,3;28,16,15,26,27;14,16,4,3,26;14,28,6,0,4,15;7,6,28,39,41,30;2,0,6,7,31,9,8;21,33,22,34,9,42;42,30,41,43,32,21;19,42,20,32,33;34,19,33,44,10;13,11,10,44,12;46,37,25,12,36,40;24,37,26,3,13,12;15,3,25,37,27,14;46,38,29,28,14,26,37;14,27,29,39,17,6,16;27,38,43,39,28;42,31,7,17,41,20;30,42,9,18,7;21,20,43,40,45,33;35,44,22,19,21,32,45;22,10,8,9,19;44,33,45,36,12;35,45,40,24,12;24,46,27,26,25;40,43,29,27,46;28,29,43,41,17;43,38,46,24,36,45,32;30,17,39,43,20;20,21,19,9,31,30;29,38,40,32,20,41,39;35,12,23,10,22,33;36,35,33,32,40;40,38,27,37,24
w-cap8-r246-t0 45 7,1,29,19,12,32;7,5,38,31,29,0;10,20,22,27,34,8;24,42,43,14,25;6,32,12,34,13,16;28,18,38,1,7,6,16;16,5,7,32,4;1,0,32,6,5;12,35,10,2,34;35,19,39,33,20,10;9,20,2,8,35;21,41,42,24,22,20;35,8,34,4,32,0,19;23,15,16,4,34;36,26,25,3,43,44,37;17,28,16,13,23,25;13,15,28,5,6,4;28,15,25,26,18;28,17,26,38,5;39,9,35,12,0,29;9,33,21,11,22,2,10;40,41,11,20,33;20,11,24,27,2;13,34,27,24,25,15;3,25,23,27,22,11,42;24,3,14,26,17,15,23;36,38,18,17,25,14;23,34,2,22,24;18,5,16,15,17;39,19,0,1,31,30;31,37,44,40,39,29;36,37,30,29,1,38;6,7,0,12,4;20,9,39,40,21;2,27,23,13,4,12,8;8,12,19,9,10;31,38,26,14,37;44,30,31,36,14;5,18,26,36,31,1;19,29,30,40,33,9;21,33,39,30,44,41;43,42,11,21,40,44;43,3,24,11,41;14,3,42,41,44;37,14,43,41,40,30
w-cap8-r266-t0 44 4,23,12,22,21;5,41,11,32,15;38,22,20,29,10;24,21,22,38,35;41,8,23,0,21,33;8,41,1,15,7;15,32,27,16,25;5,15,31,36,8;23,4,41,5,7,36;19,18,25,37,39;34,17,35,38,2,29;32,1,41,40,13;20,22,0,23,36,30;43,14,27,32,11,40,28,24;43,42,37,16,27,13;6,25,31,7,5,1,32;14,37,25,6,27;26,42,35,10,34;31,25,9,19,30,36;9,39,29,30,18;2,22,12,30,29;28,33,4,0,22,3,24;2,38,3,21,0,12,20;8,36,12,0,4;43,13,28,21,3,35;9,18,31,15,6,16,37;17,34,39,37,42;13,14,16,6,32;40,33,21,24,13;34,10,2,20,30,19,39;19,29,20,12,36,18;18,36,7,15,25;27,6,15,1,11,13;4,21,28,40,41;17,10,29,39,26;43,24,3,38,10,17,42;23,8,7,31,18,30,12;26,39,9,25,16,14,42;2,10,35,3,22;19,9,37,26,34,29;11,41,33,28,13;1,5,8,4,33,40,11;17,26,37,14,43,35;35,42,14,13,24
w-cap8-r267-t0 49 34,1,15,2,28;34,20,24,21,15,0;8,7,28,0,15,14;38,6,11,21,24,23;12,14,15,11,6;7,8,39,29,27;11,3,38,10,37,12,4;28,2,8,5,27;5,7,2,14,12,39;17,19,22,23,24;37,6,38,36,25;21,3,6,4,15;4,6,37,30,39,8,14;44,42,48,30,37;8,2,15,4,12;4,14,2,0,1,21,11;18,20,34,28,40;32,19,9,24,20;16,40,31,35,43,32,20;26,33,22,9,17,32,43;34,16,18,32,17,24,1;11,15,1,24,3;36,23,9,19,33,47,25;36,38,3,24,9,22;20,17,9,23,3,21,1;10,36,22,47,44,37;43,35,45,42,33,19;5,29,46,31,40,28,7;7,27,40,16,34,0,2;5,39,41,46,27;12,37,13,48,39;40,27,46,35,18;43,19,17,20,18;47,22,19,26,42;0,28,16,20,1;43,18,31,46,41,45,26;22,25,10,38,23;10,25,44,13,30,12,6;3,23,36,10,6;41,29,5,8,12,30,48;31,18,16,28,27;46,29,39,48,45,35;44,47,33,26,45,48,13;35,26,19,32,18;37,25,47,42,13;35,41,48,42,26;41,35,31,27,29;22,33,42,44,25;39,30,13,42,45,41
w-cap8-r268-t1 48 11,6,4,5,15;8,21,2,9,16,17,18;9,1,21,35,22;6,13,12,24,14,4;14,28,5,0,6,3;28,38,26,15,0,4;0,11,13,3,4;41,42,19,8,18;7,19,21,1,18;15,30,16,1,2,22;35,34,45,12,13;22,13,6,0,15;10,45,24,3,13;6,11,22,35,10,12,3;24,25,28,4,3;9,22,11,0,5,26,30;30,29,17,1,9;16,29,31,41,18,1;7,8,1,17,41;32,20,33,21,8,7,42;19,32,44,45,34,33;8,19,33,35,2,1;11,15,9,2,35,13;25,24,36,37,39,38;14,3,12,45,36,23,25;28,14,24,23,38;27,29,30,15,5,38;26,38,39,40,29;25,38,5,4,14;27,40,31,17,16,30,26;16,9,15,26,29;41,17,29,40,47;42,43,44,20,19;20,34,35,21,19;20,45,10,35,33;10,13,22,2,21,33,34;46,37,23,24,45;36,46,43,40,39,23;27,26,5,28,25,23,39;37,40,27,38,23;31,29,27,39,37,43,47;7,18,17,31,47,42;32,19,7,41,47,43;46,44,32,42,47,40,37;20,32,43,46,45;12,10,34,20,44,46,36,24;37,36,45,44,43;31,40,43,42,41
w-cap8-r280-t0 44 8,21,2,14,4,7,16;26,28,5,15,25;21,10,11,3,14,0;11,13,25,24,14,2;6,7,0,14,24,15;15,1,28,37,6;17,7,4,15,5,37;6,17,16,0,4;9,31,21,0,16;8,16,29,18,20,31;22,34,12,11,2,21,31;13,3,2,10,12;34,33,13,11,10;11,12,33,23,36,25,3;3,24,4,0,2;6,4,24,25,1,5;8,0,7,17,29,9;6,37,29,16,7;30,20,9,29,19,39;18,29,37,38,39;9,18,30,32,31;2,0,8,31,10;10,31,32,40,34;42,36,13,33,35;14,3,25,15,4;36,26,1,15,24,3,13;1,25,36,42,27,28;43,39,38,28,26,42;1,26,27,38,37,5;19,18,9,16,17,37;18,39,41,32,20;22,10,21,8,9,20,32;30,41,40,22,31,20;12,34,35,23,13;33,12,10,22,40,35;33,34,40,41,43,42,23;25,13,23,42,26;17,6,5,28,38,19,29;27,39,19,37,28;43,41,30,18,19,38,27;34,22,32,41,35;30,39,43,35,40,32;23,35,43,27,26,36;27,42,35,41,39
w-cap8-r284-t0 45 44,37,42,3,39,23;30,16,17,19,6,15;32,21,14,22,28;12,10,39,0,42;32,9,26,40,34,21;13,41,38,20,8;15,1,19,24,43,27;12,42,31,16,29,38;13,5,20,30,22,14;32,28,27,43,26,4;3,12,38,41,39;13,14,21,36,25;10,3,42,7,38;5,8,14,11,25,41;2,21,11,13,8,22;6,27,22,30,1;31,17,1,30,29,7;31,35,19,1,16;33,44,23,34,40;6,1,17,35,24;8,5,38,29,30;11,14,2,32,4,34,23,36;27,28,2,14,8,30,15;36,21,34,18,44,0,39;26,43,6,19,35,33,40;41,13,11,36,39;24,40,4,9,43;43,9,28,22,15,6;32,2,22,27,9;16,30,20,38,7;15,22,8,20,29,16,1;37,33,35,17,16,7,42;4,21,2,28,9;37,44,18,40,24,35,31;4,40,18,23,21;33,24,19,17,31;23,39,25,11,21;33,31,42,0,44;29,20,5,41,10,12,7;3,10,41,25,36,23,0;26,24,33,18,34,4;25,39,10,38,5,13;12,3,0,37,31,7;26,9,27,6,24;23,18,33,37,0
w-cap8-r285-t0 47 5,34,45,35,38,15;31,29,18,28,6;12,22,33,24,7,14;25,17,6,8,32;5,15,16,24,13;15,4,13,34,0;31,1,28,8,3,17,30,37;25,14,2,24,16,9,17;28,10,32,3,6;7,16,27,30,17;18,20,32,8,28;32,20,19,22,12;2,14,32,11,22;42,23,34,5,4,24,33;25,32,12,2,7;5,0,38,27,16,4;24,4,15,27,9,7;30,6,3,25,7,9;19,20,10,28,1,29,40,21;11,20,18,21,22;19,11,32,10,18;19,18,40,41,22;12,11,19,21,41,42,33,2;43,34,13,42,41;4,16,7,2,33,13;3,32,14,7,17;46,37,30,27,38,35;38,26,30,9,16,15;6,1,18,10,8;1,31,39,40,18;37,6,17,9,27,26;1,6,37,39,29;20,11,12,14,25,3,8,10;42,13,24,2,22;45,0,5,13,23,43;36,46,26,38,0,45,44;35,44,40,39,46;46,39,31,6,30,26;26,27,15,0,35;31,37,46,36,40,29;36,44,43,41,21,18,29,39;21,40,43,23,42,22;41,23,13,33,22;44,45,34,23,41,40;45,43,40,36,35;34,43,44,35,0;37,26,35,36,39
w-cap8-r286-t0 45 2,9,10,3,4,5,1;5,6,8,2,0;0,1,8,18,9;11,14,4,0,10,21;3,14,15,5,0;15,26,6,1,0,4;16,8,1,5,26;27,29,17,8,16;1,6,16,7,17,18,2;2,18,19,20,10,0;21,3,0,9,20,32;3,21,22,23,12,14;11,23,34,24,13,14;25,36,26,15,14,12,24;4,3,11,12,13,15;14,13,26,5,4;37,27,7,8,6,26,36;7,29,30,19,18,8;17,19,9,2,8;30,39,31,20,9,18,17;31,32,10,9,19;10,32,40,22,11,3;21,40,41,23,11;12,11,22,41,34;12,34,42,25,13;42,35,36,13,24;6,5,15,13,36,16;29,7,16,37,43;38,39,30,29,43;27,43,28,30,17,7;28,39,19,17,29;40,32,20,19,39;40,21,10,20,31;44,38,43,35,42,34;23,41,44,33,42,24,12;42,33,43,37,36,25;35,37,16,26,13,25;36,35,43,27,16;43,33,44,39,28;44,40,31,19,30,28,38;39,44,41,22,21,32,31;44,34,23,22,40;35,25,24,34,33;38,28,29,27,37,35,33;33,34,41,40,39,38
w-cap8-r288-t4 47 2,13,11,9,12,10;30,31,6,5,16;13,0,10,4,14;32,10,12,22,31,8,21,35;2,10,32,23,25,40,45,37,14;16,1,6,11,24;22,9,11,5,1,31;26,39,17,18,27;33,21,3,31,30;6,22,12,0,11;12,3,32,4,2,0;9,0,13,38,24,5,6;3,10,0,9,22;11,0,2,14,38;13,2,4,37,38;26,27,19,16,24;19,42,30,1,5,24,15;45,40,36,29,18,7,39;7,17,29,20,27;16,15,27,20,42;46,34,41,42,19,27,18,29;35,3,8,33,43;9,6,31,3,12;35,43,25,4,32;28,26,15,16,5,11,38;23,43,36,40,4;28,39,7,27,15,24;15,26,7,18,20,19;26,24,38,37,39;36,46,20,18,17;31,1,16,42,41,33,8;22,6,1,30,8,3;3,35,23,4,10;21,8,30,41,34,44,43;41,20,46,44,33;23,32,3,21,43;44,46,29,17,40,25,43;14,4,45,39,28,38;13,14,37,28,24,11;28,37,45,17,7,26;45,4,25,36,17;34,33,30,42,20;16,19,20,41,30;23,35,21,33,44,36,25;33,34,46,36,43;40,17,39,37,4;44,34,20,29,36
w-cap8-r291-t1 49 29,13,38,15,14;6,12,4,8,11;21,5,22,36,3,7,20;35,16,7,2,36;32,42,40,23,8,1,12;21,33,10,46,22,2;11,25,14,39,12,1;2,3,16,25,19,20;11,1,4,23,19;40,30,18,19,23;5,33,17,48,44,45,46;6,1,8,19,25;28,32,4,1,6,39,27;0,29,24,31,26,38;15,39,6,25,16,35,29,0;27,39,14,0,38;25,7,3,35,14;33,34,30,40,43,48,10;30,34,20,19,9;18,20,7,25,11,8,23,9;18,34,21,2,7,19;2,20,34,33,5;2,5,46,37,36;8,4,40,9,19;13,29,36,37,31;7,16,14,6,11,19;41,27,38,13,31,45,44;39,15,38,26,41,28,12;32,12,27,41,47;24,13,0,14,35,36;18,9,40,17,34;24,37,45,26,13;4,12,28,47,42;21,34,17,10,5;30,17,33,21,20,18;29,14,16,3,36;22,37,24,29,35,3,2;31,24,36,22,46,45;26,27,15,0,13;6,14,15,27,12;30,9,23,4,42,43,17;26,44,47,28,27;43,40,4,32,47;48,17,40,42,47;48,47,41,26,45,10;44,26,31,37,46,10;37,22,5,10,45;32,28,41,44,48,43,42;44,10,17,43,47
w-cap8-r293-t5 49 4,24,1,8,19;39,25,27,8,0,24,12;31,20,3,19,5,13,9,48;19,2,20,32,22;23,38,21,24,0,19,22,11;13,2,19,8,27,7;17,42,41,47,16,45;18,13,5,27,14,42;0,1,27,5,19;48,2,13,18,15;35,33,34,32,44;22,32,34,23,4;39,1,24,21,46;7,18,9,2,5;27,25,28,42,7;18,42,17,30,48,9;45,6,47,37,29;30,15,42,6,45;13,7,42,15,9;3,22,4,0,8,5,2;32,3,2,31,43;38,40,46,12,24,4;19,3,32,11,4;34,33,38,4,11;4,21,12,1,0;14,27,1,39,28;39,46,47,41,28;14,7,5,8,1,25;14,25,39,26,41,42;35,36,45,16,37,33;48,15,17,45,36;48,36,43,20,2;20,43,44,10,34,11,22,3;10,35,29,37,40,38,23,34;23,11,32,10,33;10,44,36,29,33;35,44,43,31,48,30,45,29;40,33,29,16,47;21,4,23,33,40;26,28,25,1,12,46;38,33,37,47,46,21;28,26,47,6,42;41,6,17,15,18,7,14,28;31,36,44,32,20;10,32,43,36,35;30,17,6,16,29,36;26,39,12,21,40,47;40,37,16,6,41,26,46;9,15,30,36,31,2
w-cap8-r295-t1 49 14,8,3,15,46;30,17,25,5,37,31;25,17,7,32,8,14,45;8,32,21,36,15,0;38,28,39,18,31,37;12,37,1,25,45;18,41,16,40,30;17,9,33,32,2;3,0,14,2,32;7,17,30,40,33;20,33,40,16,29,11;35,36,21,20,10,29;19,24,13,38,37,5,45;12,24,27,28,38;0,46,19,45,2,8;0,3,36,22,48,23,46;6,41,29,10,40;7,2,25,1,30,9;41,6,30,31,4,39,34;45,14,46,24,12;10,11,21,32,33;32,20,11,36,3;36,35,43,48,15;24,46,15,48,26;13,12,19,46,23,26,27;2,45,5,1,17;48,42,27,24,23;28,13,24,26,42,47,39;27,39,4,38,13;41,44,43,35,11,10,16;1,31,18,6,40,9,17;30,1,37,4,18;21,3,8,2,7,33,20;10,20,32,7,9,40;41,18,39,47,44;43,22,36,11,29;35,22,15,3,21,11;5,12,38,4,31,1;37,12,13,28,4;34,18,4,28,27,47;10,33,9,30,6,16;6,18,34,44,29,16;44,47,27,26,48,43;35,29,44,42,48,22;47,42,43,29,41,34;19,12,5,25,2,14;19,14,0,15,23,24;42,44,34,39,27;43,42,26,23,15,22
