p22#196 22 1,2,3,4,5,6;0,6,7,8,2;0,1,8,9,10,3;0,2,10,11,4;0,3,11,12,5;0,4,12,13,14,6;0,5,14,7,1;1,6,14,15,8;1,7,15,16,9,2;2,8,16,17,10;2,9,17,18,11,3;3,10,18,12,4;4,11,18,19,13,5;5,12,19,20,14;5,13,20,15,7,6;7,14,20,21,16,8;8,15,21,17,9;9,16,21,18,10;10,17,21,19,12,11;12,18,21,20,13;13,19,21,15,14;15,20,19,18,17,16 appfree=1 rsstfree=1
p23#598 23 1,2,3,4,5,6;0,6,7,8,2;0,1,8,9,3;0,2,9,10,11,4;0,3,11,12,5;0,4,12,13,6;0,5,13,14,7,1;1,6,14,15,8;1,7,15,16,17,9,2;2,8,17,10,3;3,9,17,18,19,11;3,10,19,12,4;4,11,19,20,21,13,5;5,12,21,14,6;6,13,21,22,15,7;7,14,22,16,8;8,15,22,18,17;8,16,18,10,9;10,17,16,22,20,19;10,18,20,12,11;12,19,18,22,21;12,20,22,14,13;14,21,20,18,16,15 appfree=1 rsstfree=1
p24#428 24 1,2,3,4,5;0,5,6,7,8,2;0,1,8,9,10,3;0,2,10,11,12,4;0,3,12,13,5;0,4,13,14,6,1;1,5,14,15,7;1,6,15,16,17,8;1,7,17,9,2;2,8,17,18,19,10;2,9,19,11,3;3,10,19,20,12;3,11,20,21,13,4;4,12,21,22,14,5;5,13,22,15,6;6,14,22,16,7;7,15,22,23,18,17;7,16,18,9,8;9,17,16,23,20,19;9,18,20,11,10;11,19,18,23,21,12;12,20,23,22,13;13,21,23,16,15,14;16,22,21,20,18 appfree=1 rsstfree=1
p24#581 24 1,2,3,4,5,6,7;0,7,8,9,2;0,1,9,10,3;0,2,10,11,4;0,3,11,12,5;0,4,12,13,6;0,5,13,14,15,7;0,6,15,8,1;1,7,15,16,9;1,8,16,17,18,10,2;2,9,18,11,3;3,10,18,19,20,12,4;4,11,20,13,5;5,12,20,21,14,6;6,13,21,22,15;6,14,22,16,8,7;8,15,22,23,17,9;9,16,23,19,18;9,17,19,11,10;11,18,17,23,20;11,19,23,21,13,12;13,20,23,22,14;14,21,23,16,15;16,22,21,20,19,17 appfree=1 rsstfree=1
p24#1803 24 1,2,3,4,5;0,5,6,7,8,9,2;0,1,9,10,3;0,2,10,11,12,4;0,3,12,13,14,5;0,4,14,6,1;1,5,14,15,7;1,6,15,16,8;1,7,16,17,9;1,8,17,10,2;2,9,17,18,11,3;3,10,18,19,12;3,11,19,13,4;4,12,19,20,14;4,13,20,21,15,6,5;6,14,21,16,7;7,15,21,22,23,17,8;8,16,23,18,10,9;10,17,23,19,11;11,18,23,22,20,13,12;13,19,22,21,14;14,20,22,16,15;16,21,20,19,23;16,22,19,18,17 appfree=1 rsstfree=1
p24#2550 24 1,2,3,4,5;0,5,6,7,2;0,1,7,8,9,3;0,2,9,10,11,4;0,3,11,12,13,5;0,4,13,6,1;1,5,13,14,15,7;1,6,15,16,8,2;2,7,16,17,9;2,8,17,18,10,3;3,9,18,19,11;3,10,19,12,4;4,11,19,20,21,13;4,12,21,14,6,5;6,13,21,22,15;6,14,22,23,16,7;7,15,23,17,8;8,16,23,18,9;9,17,23,20,19,10;10,18,20,12,11;12,19,18,23,22,21;12,20,22,14,13;14,21,20,23,15;15,22,20,18,17,16 appfree=1 rsstfree=1
p25#2111 25 1,2,3,4,5,6,7;0,7,8,9,2;0,1,9,10,3;0,2,10,11,4;0,3,11,12,13,5;0,4,13,14,6;0,5,14,15,7;0,6,15,8,1;1,7,15,16,17,18,9;1,8,18,10,2;2,9,18,19,20,11,3;3,10,20,12,4;4,11,20,21,22,23,13;4,12,23,14,5;5,13,23,24,16,15,6;6,14,16,8,7;8,15,14,24,17;8,16,24,22,21,19,18;8,17,19,10,9;10,18,17,21,20;10,19,21,12,11;12,20,19,17,22;12,21,17,24,23;12,22,24,14,13;14,23,22,17,16 appfree=1 rsstfree=1
p25#6000 25 1,2,3,4,5;0,5,6,7,8,9,2;0,1,9,10,3;0,2,10,11,12,13,4;0,3,13,14,5;0,4,14,6,1;1,5,14,15,7;1,6,15,16,8;1,7,16,17,9;1,8,17,18,10,2;2,9,18,11,3;3,10,18,19,12;3,11,19,20,13;3,12,20,14,4;4,13,20,21,22,15,6,5;6,14,22,16,7;7,15,22,23,24,17,8;8,16,24,18,9;9,17,24,19,11,10;11,18,24,23,21,20,12;12,19,21,14,13;14,20,19,23,22;14,21,23,16,15;16,22,21,19,24;16,23,19,18,17 appfree=1 rsstfree=1
p26#4918 26 1,2,3,4,5;0,5,6,7,8,2;0,1,8,9,10,3;0,2,10,11,4;0,3,11,12,5;0,4,12,13,6,1;1,5,13,14,7;1,6,14,15,16,8;1,7,16,17,9,2;2,8,17,18,10;2,9,18,19,11,3;3,10,19,20,12,4;4,11,20,21,13,5;5,12,21,14,6;6,13,21,22,15,7;7,14,22,23,16;7,15,23,24,17,8;8,16,24,18,9;9,17,24,19,10;10,18,24,25,20,11;11,19,25,21,12;12,20,25,22,14,13;14,21,25,23,15;15,22,25,24,16;16,23,25,19,18,17;19,24,23,22,21,20 appfree=1 rsstfree=1
p26#5298 26 1,2,3,4,5,6;0,6,7,8,9,2;0,1,9,10,3;0,2,10,11,4;0,3,11,12,13,5;0,4,13,14,6;0,5,14,7,1;1,6,14,15,8;1,7,15,16,17,9;1,8,17,10,2;2,9,17,18,19,20,11,3;3,10,20,12,4;4,11,20,21,22,13;4,12,22,14,5;5,13,22,23,24,15,7,6;7,14,24,16,8;8,15,24,25,18,17;8,16,18,10,9;10,17,16,25,19;10,18,25,21,20;10,19,21,12,11;12,20,19,25,23,22;12,21,23,14,13;14,22,21,25,24;14,23,25,16,15;16,24,23,21,19,18 appfree=1 rsstfree=1
p26#5349 26 1,2,3,4,5;0,5,6,7,8,2;0,1,8,9,10,3;0,2,10,11,4;0,3,11,12,5;0,4,12,13,6,1;1,5,13,14,15,7;1,6,15,16,8;1,7,16,17,9,2;2,8,17,18,10;2,9,18,19,11,3;3,10,19,20,12,4;4,11,20,21,13,5;5,12,21,14,6;6,13,21,22,23,15;6,14,23,16,7;7,15,23,17,8;8,16,23,24,18,9;9,17,24,25,19,10;10,18,25,20,11;11,19,25,21,12;12,20,25,22,14,13;14,21,25,24,23;14,22,24,17,16,15;17,23,22,25,18;18,24,22,21,20,19 appfree=1 rsstfree=1
p26#6120 26 1,2,3,4,5,6,7,8;0,8,9,10,2;0,1,10,11,3;0,2,11,12,4;0,3,12,13,5;0,4,13,14,6;0,5,14,15,7;0,6,15,16,8;0,7,16,9,1;1,8,16,17,10;1,9,17,18,19,11,2;2,10,19,12,3;3,11,19,20,21,13,4;4,12,21,14,5;5,13,21,22,23,24,15,6;6,14,24,16,7;7,15,24,25,17,9,8;9,16,25,18,10;10,17,25,23,22,20,19;10,18,20,12,11;12,19,18,22,21;12,20,22,14,13;14,21,20,18,23;14,22,18,25,24;14,23,25,16,15;16,24,23,18,17 appfree=1 rsstfree=1
p26#19167 26 1,2,3,4,5;0,5,6,7,8,2;0,1,8,9,3;0,2,9,10,11,4;0,3,11,12,13,5;0,4,13,14,6,1;1,5,14,15,7;1,6,15,16,8;1,7,16,17,9,2;2,8,17,18,10,3;3,9,18,19,11;3,10,19,12,4;4,11,19,20,21,13;4,12,21,14,5;5,13,21,22,23,15,6;6,14,23,16,7;7,15,23,24,25,17,8;8,16,25,18,9;9,17,25,20,19,10;10,18,20,12,11;12,19,18,25,24,22,21;12,20,22,14,13;14,21,20,24,23;14,22,24,16,15;16,23,22,20,25;16,24,20,18,17 appfree=1 rsstfree=1
p26#20634 26 1,2,3,4,5;0,5,6,7,8,2;0,1,8,9,10,3;0,2,10,11,4;0,3,11,12,5;0,4,12,13,6,1;1,5,13,14,7;1,6,14,15,16,8;1,7,16,17,9,2;2,8,17,18,19,10;2,9,19,20,11,3;3,10,20,21,12,4;4,11,21,22,13,5;5,12,22,14,6;6,13,22,15,7;7,14,22,23,24,16;7,15,24,17,8;8,16,24,18,9;9,17,24,23,25,19;9,18,25,20,10;10,19,25,21,11;11,20,25,23,22,12;12,21,23,15,14,13;15,22,21,25,18,24;15,23,18,17,16;18,23,21,20,19 appfree=1 rsstfree=1
p26#22346 26 1,2,3,4,5;0,5,6,7,8,9,10,2;0,1,10,11,3;0,2,11,12,4;0,3,12,13,14,15,5;0,4,15,6,1;1,5,15,16,7;1,6,16,17,8;1,7,17,18,9;1,8,18,19,10;1,9,19,11,2;2,10,19,20,21,12,3;3,11,21,22,13,4;4,12,22,23,14;4,13,23,16,15;4,14,16,6,5;6,15,14,23,24,17,7;7,16,24,18,8;8,17,24,25,20,19,9;9,18,20,11,10;11,19,18,25,21;11,20,25,22,12;12,21,25,24,23,13;13,22,24,16,14;16,23,22,25,18,17;18,24,22,21,20 appfree=1 rsstfree=1
p26#24637 26 1,2,3,4,5,6;0,6,7,8,9,2;0,1,9,10,3;0,2,10,11,4;0,3,11,12,13,5;0,4,13,14,15,6;0,5,15,7,1;1,6,15,16,8;1,7,16,17,18,19,9;1,8,19,10,2;2,9,19,20,21,11,3;3,10,21,12,4;4,11,21,22,23,13;4,12,23,14,5;5,13,23,24,16,15;5,14,16,7,6;7,15,14,24,17,8;8,16,24,25,18;8,17,25,22,20,19;8,18,20,10,9;10,19,18,22,21;10,20,22,12,11;12,21,20,18,25,23;12,22,25,24,14,13;14,23,25,17,16;17,24,23,22,18 appfree=1 rsstfree=1
p26#30399 26 1,2,3,4,5,6;0,6,7,8,9,2;0,1,9,10,3;0,2,10,11,4;0,3,11,12,13,5;0,4,13,14,6;0,5,14,7,1;1,6,14,15,16,8;1,7,16,17,18,9;1,8,18,19,10,2;2,9,19,11,3;3,10,19,20,12,4;4,11,20,21,13;4,12,21,22,14,5;5,13,22,15,7,6;7,14,22,23,16;7,15,23,17,8;8,16,23,24,25,18;8,17,25,19,9;9,18,25,20,11,10;11,19,25,24,21,12;12,20,24,22,13;13,21,24,23,15,14;15,22,24,17,16;17,23,22,21,20,25;17,24,20,19,18 appfree=1 rsstfree=1
p26#34638 26 1,2,3,4,5,6,7;0,7,8,9,2;0,1,9,10,3;0,2,10,11,4;0,3,11,12,13,5;0,4,13,14,6;0,5,14,15,7;0,6,15,8,1;1,7,15,16,9;1,8,16,17,18,10,2;2,9,18,11,3;3,10,18,19,20,12,4;4,11,20,21,13;4,12,21,22,23,14,5;5,13,23,15,6;6,14,23,24,16,8,7;8,15,24,25,17,9;9,16,25,19,18;9,17,19,11,10;11,18,17,25,20;11,19,25,21,12;12,20,25,22,13;13,21,25,24,23;13,22,24,15,14;15,23,22,25,16;16,24,22,21,20,19,17 appfree=1 rsstfree=1
p26#78654 26 1,2,3,4,5,6,7;0,7,8,9,10,2;0,1,10,11,3;0,2,11,12,4;0,3,12,13,5;0,4,13,14,6;0,5,14,15,7;0,6,15,8,1;1,7,15,16,9;1,8,16,17,18,10;1,9,18,11,2;2,10,18,19,20,12,3;3,11,20,21,13,4;4,12,21,22,14,5;5,13,22,23,15,6;6,14,23,24,16,8,7;8,15,24,17,9;9,16,24,25,19,18;9,17,19,11,10;11,18,17,25,20;11,19,25,21,12;12,20,25,22,13;13,21,25,23,14;14,22,25,24,15;15,23,25,17,16;17,24,23,22,21,20,19 appfree=1 rsstfree=1
p27#4710 27 1,2,3,4,5,6;0,6,7,8,9,2;0,1,9,10,3;0,2,10,11,4;0,3,11,12,13,14,5;0,4,14,15,6;0,5,15,16,7,1;1,6,16,17,8;1,7,17,18,19,9;1,8,19,10,2;2,9,19,20,21,11,3;3,10,21,12,4;4,11,21,22,13;4,12,22,23,24,14;4,13,24,15,5;5,14,24,16,6;6,15,24,25,17,7;7,16,25,18,8;8,17,25,26,20,19;8,18,20,10,9;10,19,18,26,22,21;10,20,22,12,11;12,21,20,26,23,13;13,22,26,25,24;13,23,25,16,15,14;16,24,23,26,18,17;18,25,23,22,20 appfree=1 rsstfree=1
p27#8454 27 1,2,3,4,5;0,5,6,7,8,2;0,1,8,9,10,3;0,2,10,11,12,4;0,3,12,13,14,5;0,4,14,6,1;1,5,14,15,16,7;1,6,16,17,18,8;1,7,18,9,2;2,8,18,19,20,21,10;2,9,21,11,3;3,10,21,22,23,12;3,11,23,13,4;4,12,23,24,14;4,13,24,15,6,5;6,14,24,25,16;6,15,25,17,7;7,16,25,26,19,18;7,17,19,9,8;9,18,17,26,20;9,19,26,22,21;9,20,22,11,10;11,21,20,26,24,23;11,22,24,13,12;13,23,22,26,25,15,14;15,24,26,17,16;17,25,24,22,20,19 appfree=1 rsstfree=1
p27#8475 27 1,2,3,4,5,6;0,6,7,8,2;0,1,8,9,10,3;0,2,10,11,4;0,3,11,12,5;0,4,12,13,14,6;0,5,14,15,7,1;1,6,15,16,8;1,7,16,17,9,2;2,8,17,18,19,10;2,9,19,11,3;3,10,19,20,21,12,4;4,11,21,22,13,5;5,12,22,23,14;5,13,23,15,6;6,14,23,24,16,7;7,15,24,25,17,8;8,16,25,18,9;9,17,25,26,20,19;9,18,20,11,10;11,19,18,26,21;11,20,26,22,12;12,21,26,24,23,13;13,22,24,15,14;15,23,22,26,25,16;16,24,26,18,17;18,25,24,22,21,20 appfree=1 rsstfree=1
p27#16214 27 1,2,3,4,5,6;0,6,7,8,9,2;0,1,9,10,3;0,2,10,11,4;0,3,11,12,13,5;0,4,13,14,6;0,5,14,7,1;1,6,14,15,8;1,7,15,16,17,9;1,8,17,10,2;2,9,17,18,19,11,3;3,10,19,12,4;4,11,19,20,21,13;4,12,21,14,5;5,13,21,22,23,15,7,6;7,14,23,16,8;8,15,23,24,25,17;8,16,25,18,10,9;10,17,25,26,19;10,18,26,20,12,11;12,19,26,24,22,21;12,20,22,14,13;14,21,20,24,23;14,22,24,16,15;16,23,22,20,26,25;16,24,26,18,17;18,25,24,20,19 appfree=1 rsstfree=1
p27#18110 27 1,2,3,4,5,6;0,6,7,8,2;0,1,8,9,10,3;0,2,10,11,4;0,3,11,12,5;0,4,12,13,14,6;0,5,14,7,1;1,6,14,15,16,17,8;1,7,17,18,9,2;2,8,18,19,10;2,9,19,20,11,3;3,10,20,21,22,12,4;4,11,22,13,5;5,12,22,23,15,14;5,13,15,7,6;7,14,13,23,16;7,15,23,24,17;7,16,24,25,18,8;8,17,25,19,9;9,18,25,20,10;10,19,25,26,21,11;11,20,26,23,22;11,21,23,13,12;13,22,21,26,24,16,15;16,23,26,25,17;17,24,26,20,19,18;20,25,24,23,21 appfree=1 rsstfree=1
p27#18319 27 1,2,3,4,5,6,7;0,7,8,9,10,2;0,1,10,11,3;0,2,11,12,13,4;0,3,13,14,5;0,4,14,15,6;0,5,15,16,17,7;0,6,17,8,1;1,7,17,18,9;1,8,18,19,20,10;1,9,20,11,2;2,10,20,12,3;3,11,20,21,22,13;3,12,22,14,4;4,13,22,23,24,15,5;5,14,24,16,6;6,15,24,25,26,18,17;6,16,18,8,7;8,17,16,26,19,9;9,18,26,21,20;9,19,21,12,11,10;12,20,19,26,25,23,22;12,21,23,14,13;14,22,21,25,24;14,23,25,16,15;16,24,23,21,26;16,25,21,19,18 appfree=1 rsstfree=1
p27#27746 27 1,2,3,4,5,6;0,6,7,8,2;0,1,8,9,3;0,2,9,10,11,4;0,3,11,12,13,5;0,4,13,14,6;0,5,14,15,7,1;1,6,15,16,17,8;1,7,17,9,2;2,8,17,18,10,3;3,9,18,19,11;3,10,19,20,12,4;4,11,20,21,22,13;4,12,22,14,5;5,13,22,23,15,6;6,14,23,16,7;7,15,23,24,25,17;7,16,25,18,9,8;9,17,25,19,10;10,18,25,26,20,11;11,19,26,21,12;12,20,26,24,22;12,21,24,23,14,13;14,22,24,16,15;16,23,22,21,26,25;16,24,26,19,18,17;19,25,24,21,20 appfree=1 rsstfree=1
p27#47487 27 1,2,3,4,5,6;0,6,7,8,2;0,1,8,9,10,3;0,2,10,11,4;0,3,11,12,13,5;0,4,13,14,6;0,5,14,15,7,1;1,6,15,16,8;1,7,16,17,18,9,2;2,8,18,19,10;2,9,19,20,11,3;3,10,20,21,12,4;4,11,21,22,23,13;4,12,23,14,5;5,13,23,15,6;6,14,23,24,16,7;7,15,24,17,8;8,16,24,25,18;8,17,25,19,9;9,18,25,26,20,10;10,19,26,21,11;11,20,26,22,12;12,21,26,25,24,23;12,22,24,15,14,13;15,23,22,25,17,16;17,24,22,26,19,18;19,25,22,21,20 appfree=1 rsstfree=1
p27#47915 27 1,2,3,4,5,6;0,6,7,8,9,2;0,1,9,10,3;0,2,10,11,12,4;0,3,12,13,14,5;0,4,14,15,6;0,5,15,16,7,1;1,6,16,17,8;1,7,17,18,19,9;1,8,19,10,2;2,9,19,20,11,3;3,10,20,21,12;3,11,21,13,4;4,12,21,22,23,14;4,13,23,15,5;5,14,23,24,16,6;6,15,24,17,7;7,16,24,18,8;8,17,24,25,26,19;8,18,26,20,10,9;10,19,26,22,21,11;11,20,22,13,12;13,21,20,26,25,23;13,22,25,24,15,14;15,23,25,18,17,16;18,24,23,22,26;18,25,22,20,19 appfree=1 rsstfree=1
p27#47922 27 1,2,3,4,5,6;0,6,7,8,9,2;0,1,9,10,3;0,2,10,11,12,4;0,3,12,13,5;0,4,13,14,6;0,5,14,15,7,1;1,6,15,16,8;1,7,16,17,18,19,9;1,8,19,10,2;2,9,19,11,3;3,10,19,20,21,12;3,11,21,13,4;4,12,21,22,23,14,5;5,13,23,24,15,6;6,14,24,16,7;7,15,24,17,8;8,16,24,25,26,18;8,17,26,20,19;8,18,20,11,10,9;11,19,18,26,21;11,20,26,22,13,12;13,21,26,25,23;13,22,25,24,14;14,23,25,17,16,15;17,24,23,22,26;17,25,22,21,20,18 appfree=1 rsstfree=1
p27#66300 27 1,2,3,4,5;0,5,6,7,8,9,10,2;0,1,10,11,3;0,2,11,12,13,14,4;0,3,14,15,16,5;0,4,16,6,1;1,5,16,17,7;1,6,17,18,8;1,7,18,19,9;1,8,19,20,10;1,9,20,11,2;2,10,20,12,3;3,11,20,21,13;3,12,21,22,14;3,13,22,15,4;4,14,22,23,16;4,15,23,24,17,6,5;6,16,24,18,7;7,17,24,25,26,19,8;8,18,26,20,9;9,19,26,21,12,11,10;12,20,26,22,13;13,21,26,25,23,15,14;15,22,25,24,16;16,23,25,18,17;18,24,23,22,26;18,25,22,21,20,19 appfree=1 rsstfree=1
p27#66703 27 1,2,3,4,5;0,5,6,7,8,9,2;0,1,9,10,3;0,2,10,11,12,13,4;0,3,13,14,15,5;0,4,15,6,1;1,5,15,16,7;1,6,16,17,8;1,7,17,18,9;1,8,18,19,10,2;2,9,19,11,3;3,10,19,20,12;3,11,20,21,13;3,12,21,14,4;4,13,21,22,15;4,14,22,23,16,6,5;6,15,23,17,7;7,16,23,24,25,18,8;8,17,25,19,9;9,18,25,26,20,11,10;11,19,26,21,12;12,20,26,24,22,14,13;14,21,24,23,15;15,22,24,17,16;17,23,22,21,26,25;17,24,26,19,18;19,25,24,21,20 appfree=1 rsstfree=1
p27#66705 27 1,2,3,4,5;0,5,6,7,8,9,2;0,1,9,10,11,3;0,2,11,12,4;0,3,12,13,14,15,5;0,4,15,6,1;1,5,15,16,7;1,6,16,17,8;1,7,17,18,9;1,8,18,10,2;2,9,18,19,11;2,10,19,20,21,12,3;3,11,21,13,4;4,12,21,22,14;4,13,22,23,15;4,14,23,16,6,5;6,15,23,24,17,7;7,16,24,25,18,8;8,17,25,26,19,10,9;10,18,26,20,11;11,19,26,22,21;11,20,22,13,12;13,21,20,26,25,24,23,14;14,22,24,16,15;16,23,22,25,17;17,24,22,26,18;18,25,22,20,19 appfree=1 rsstfree=1
p27#67093 27 1,2,3,4,5;0,5,6,7,8,2;0,1,8,9,3;0,2,9,10,4;0,3,10,11,12,5;0,4,12,13,6,1;1,5,13,14,7;1,6,14,15,16,8;1,7,16,17,9,2;2,8,17,18,10,3;3,9,18,19,11,4;4,10,19,20,12;4,11,20,13,5;5,12,20,21,22,14,6;6,13,22,23,15,7;7,14,23,24,16;7,15,24,17,8;8,16,24,25,18,9;9,17,25,19,10;10,18,25,26,21,20,11;11,19,21,13,12;13,20,19,26,22;13,21,26,23,14;14,22,26,25,24,15;15,23,25,17,16;17,24,23,26,19,18;19,25,23,22,21 appfree=1 rsstfree=1
p27#74743 27 1,2,3,4,5;0,5,6,7,8,9,2;0,1,9,10,3;0,2,10,11,12,13,4;0,3,13,14,5;0,4,14,15,6,1;1,5,15,16,7;1,6,16,17,8;1,7,17,18,9;1,8,18,10,2;2,9,18,11,3;3,10,18,19,12;3,11,19,20,21,13;3,12,21,14,4;4,13,21,22,15,5;5,14,22,23,16,6;6,15,23,24,17,7;7,16,24,25,18,8;8,17,25,19,11,10,9;11,18,25,20,12;12,19,25,24,26,21;12,20,26,22,14,13;14,21,26,23,15;15,22,26,24,16;16,23,26,20,25,17;17,24,20,19,18;20,24,23,22,21 appfree=1 rsstfree=1
p27#74917 27 1,2,3,4,5;0,5,6,7,8,2;0,1,8,9,10,3;0,2,10,11,12,4;0,3,12,13,5;0,4,13,14,6,1;1,5,14,15,7;1,6,15,16,17,8;1,7,17,18,9,2;2,8,18,19,10;2,9,19,11,3;3,10,19,20,21,12;3,11,21,22,13,4;4,12,22,23,14,5;5,13,23,15,6;6,14,23,24,16,7;7,15,24,25,17;7,16,25,18,8;8,17,25,20,19,9;9,18,20,11,10;11,19,18,25,24,26,21;11,20,26,22,12;12,21,26,23,13;13,22,26,24,15,14;15,23,26,20,25,16;16,24,20,18,17;20,24,23,22,21 appfree=1 rsstfree=1
p27#75634 27 1,2,3,4,5;0,5,6,7,8,9,2;0,1,9,10,3;0,2,10,11,4;0,3,11,12,13,14,5;0,4,14,6,1;1,5,14,15,7;1,6,15,16,17,8;1,7,17,18,9;1,8,18,10,2;2,9,18,19,20,11,3;3,10,20,12,4;4,11,20,21,22,13;4,12,22,23,14;4,13,23,15,6,5;6,14,23,24,16,7;7,15,24,25,17;7,16,25,26,19,18,8;8,17,19,10,9;10,18,17,26,20;10,19,26,21,12,11;12,20,26,25,24,22;12,21,24,23,13;13,22,24,15,14;15,23,22,21,25,16;16,24,21,26,17;17,25,21,20,19 appfree=1 rsstfree=1
p27#75636 27 1,2,3,4,5;0,5,6,7,8,9,2;0,1,9,10,3;0,2,10,11,4;0,3,11,12,13,14,5;0,4,14,6,1;1,5,14,15,7;1,6,15,16,17,8;1,7,17,18,9;1,8,18,10,2;2,9,18,19,20,11,3;3,10,20,21,12,4;4,11,21,22,13;4,12,22,23,15,14;4,13,15,6,5;6,14,13,23,16,7;7,15,23,24,17;7,16,24,25,19,18,8;8,17,19,10,9;10,18,17,25,20;10,19,25,26,21,11;11,20,26,22,12;12,21,26,23,13;13,22,26,24,16,15;16,23,26,25,17;17,24,26,20,19;20,25,24,23,22,21 appfree=1 rsstfree=1
p27#75643 27 1,2,3,4,5,6;0,6,7,8,2;0,1,8,9,3;0,2,9,10,11,4;0,3,11,12,5;0,4,12,13,6;0,5,13,14,15,7,1;1,6,15,16,17,8;1,7,17,9,2;2,8,17,18,10,3;3,9,18,19,20,11;3,10,20,12,4;4,11,20,21,22,13,5;5,12,22,14,6;6,13,22,23,15;6,14,23,16,7;7,15,23,24,25,17;7,16,25,18,9,8;9,17,25,19,10;10,18,25,24,26,21,20;10,19,21,12,11;12,20,19,26,22;12,21,26,23,14,13;14,22,26,24,16,15;16,23,26,19,25;16,24,19,18,17;19,24,23,22,21 appfree=1 rsstfree=1
p27#75650 27 1,2,3,4,5;0,5,6,7,8,9,10,2;0,1,10,11,3;0,2,11,12,13,14,4;0,3,14,15,5;0,4,15,6,1;1,5,15,16,7;1,6,16,17,8;1,7,17,18,9;1,8,18,19,10;1,9,19,11,2;2,10,19,20,12,3;3,11,20,21,13;3,12,21,22,14;3,13,22,15,4;4,14,22,23,16,6,5;6,15,23,24,17,7;7,16,24,25,18,8;8,17,25,26,19,9;9,18,26,20,11,10;11,19,26,21,12;12,20,26,25,24,23,22,13;13,21,23,15,14;15,22,21,24,16;16,23,21,25,17;17,24,21,26,18;18,25,21,20,19 appfree=1 rsstfree=1
p27#79271 27 1,2,3,4,5,6;0,6,7,8,9,10,2;0,1,10,11,3;0,2,11,12,4;0,3,12,13,14,5;0,4,14,15,16,6;0,5,16,7,1;1,6,16,17,8;1,7,17,18,19,9;1,8,19,20,10;1,9,20,11,2;2,10,20,21,22,12,3;3,11,22,13,4;4,12,22,23,24,14;4,13,24,15,5;5,14,24,25,17,16;5,15,17,7,6;7,16,15,25,18,8;8,17,25,26,19;8,18,26,23,21,20,9;9,19,21,11,10;11,20,19,23,22;11,21,23,13,12;13,22,21,19,26,24;13,23,26,25,15,14;15,24,26,18,17;18,25,24,23,19 appfree=1 rsstfree=1
p27#80047 27 1,2,3,4,5;0,5,6,7,8,9,2;0,1,9,10,3;0,2,10,11,12,4;0,3,12,13,14,5;0,4,14,6,1;1,5,14,15,7;1,6,15,16,17,18,8;1,7,18,19,9;1,8,19,10,2;2,9,19,20,11,3;3,10,20,21,12;3,11,21,13,4;4,12,21,22,14;4,13,22,23,15,6,5;6,14,23,16,7;7,15,23,24,17;7,16,24,25,18;7,17,25,19,8;8,18,25,26,20,10,9;10,19,26,21,11;11,20,26,24,22,13,12;13,21,24,23,14;14,22,24,16,15;16,23,22,21,26,25,17;17,24,26,19,18;19,25,24,21,20 appfree=1 rsstfree=1
p27#87204 27 1,2,3,4,5,6;0,6,7,8,9,2;0,1,9,10,3;0,2,10,11,4;0,3,11,12,13,5;0,4,13,14,6;0,5,14,7,1;1,6,14,15,16,8;1,7,16,17,9;1,8,17,18,10,2;2,9,18,19,11,3;3,10,19,20,12,4;4,11,20,21,13;4,12,21,22,14,5;5,13,22,15,7,6;7,14,22,23,16;7,15,23,24,17,8;8,16,24,25,18,9;9,17,25,19,10;10,18,25,20,11;11,19,25,26,21,12;12,20,26,23,22,13;13,21,23,15,14;15,22,21,26,24,16;16,23,26,25,17;17,24,26,20,19,18;20,25,24,23,21 appfree=1 rsstfree=1
p27#129338 27 1,2,3,4,5,6;0,6,7,8,2;0,1,8,9,3;0,2,9,10,11,4;0,3,11,12,5;0,4,12,13,6;0,5,13,14,7,1;1,6,14,15,16,8;1,7,16,17,9,2;2,8,17,18,10,3;3,9,18,19,11;3,10,19,20,12,4;4,11,20,21,13,5;5,12,21,22,14,6;6,13,22,15,7;7,14,22,23,24,16;7,15,24,17,8;8,16,24,25,18,9;9,17,25,19,10;10,18,25,26,20,11;11,19,26,21,12;12,20,26,23,22,13;13,21,23,15,14;15,22,21,26,25,24;15,23,25,17,16;17,24,23,26,19,18;19,25,23,21,20 appfree=1 rsstfree=1
p28#4363 28 1,2,3,4,5,6;0,6,7,8,9,2;0,1,9,10,3;0,2,10,11,12,4;0,3,12,13,5;0,4,13,14,15,6;0,5,15,16,7,1;1,6,16,17,8;1,7,17,18,19,9;1,8,19,10,2;2,9,19,11,3;3,10,19,20,21,12;3,11,21,13,4;4,12,21,22,14,5;5,13,22,23,15;5,14,23,16,6;6,15,23,24,17,7;7,16,24,25,18,8;8,17,25,26,20,19;8,18,20,11,10,9;11,19,18,26,21;11,20,26,22,13,12;13,21,26,27,23,14;14,22,27,24,16,15;16,23,27,25,17;17,24,27,26,18;18,25,27,22,21,20;22,26,25,24,23 appfree=1 rsstfree=1
p28#8067 28 1,2,3,4,5,6;0,6,7,8,9,2;0,1,9,10,3;0,2,10,11,12,4;0,3,12,13,14,15,5;0,4,15,16,6;0,5,16,7,1;1,6,16,17,8;1,7,17,18,19,9;1,8,19,10,2;2,9,19,20,11,3;3,10,20,21,12;3,11,21,13,4;4,12,21,22,14;4,13,22,23,24,15;4,14,24,16,5;5,15,24,25,17,7,6;7,16,25,18,8;8,17,25,23,26,27,19;8,18,27,20,10,9;10,19,27,21,11;11,20,27,26,22,13,12;13,21,26,23,14;14,22,26,18,25,24;14,23,25,16,15;16,24,23,18,17;18,23,22,21,27;18,26,21,20,19 appfree=1 rsstfree=1
p28#8077 28 1,2,3,4,5,6,7;0,7,8,9,10,11,2;0,1,11,12,3;0,2,12,13,4;0,3,13,14,5;0,4,14,15,6;0,5,15,16,7;0,6,16,8,1;1,7,16,17,9;1,8,17,18,10;1,9,18,19,11;1,10,19,12,2;2,11,19,20,21,22,13,3;3,12,22,14,4;4,13,22,23,24,15,5;5,14,24,16,6;6,15,24,25,26,17,8,7;8,16,26,18,9;9,17,26,27,20,19,10;10,18,20,12,11;12,19,18,27,21;12,20,27,25,23,22;12,21,23,14,13;14,22,21,25,24;14,23,25,16,15;16,24,23,21,27,26;16,25,27,18,17;18,26,25,21,20 appfree=1 rsstfree=1
p28#9613 28 1,2,3,4,5;0,5,6,7,8,2;0,1,8,9,10,3;0,2,10,11,12,4;0,3,12,13,5;0,4,13,6,1;1,5,13,14,15,7;1,6,15,16,17,8;1,7,17,18,9,2;2,8,18,19,10;2,9,19,11,3;3,10,19,20,21,22,12;3,11,22,23,13,4;4,12,23,14,6,5;6,13,23,24,15;6,14,24,16,7;7,15,24,25,26,17;7,16,26,18,8;8,17,26,20,19,9;9,18,20,11,10;11,19,18,26,25,21;11,20,25,27,22;11,21,27,23,12;12,22,27,24,14,13;14,23,27,25,16,15;16,24,27,21,20,26;16,25,20,18,17;21,25,24,23,22 appfree=1 rsstfree=1
p28#14246 28 1,2,3,4,5,6;0,6,7,8,9,2;0,1,9,10,3;0,2,10,11,12,4;0,3,12,13,5;0,4,13,14,15,6;0,5,15,7,1;1,6,15,16,8;1,7,16,17,18,9;1,8,18,19,10,2;2,9,19,20,11,3;3,10,20,21,22,12;3,11,22,13,4;4,12,22,23,14,5;5,13,23,24,15;5,14,24,16,7,6;7,15,24,25,17,8;8,16,25,26,18;8,17,26,19,9;9,18,26,20,10;10,19,26,21,11;11,20,26,27,22;11,21,27,23,13,12;13,22,27,25,24,14;14,23,25,16,15;16,24,23,27,26,17;17,25,27,21,20,19,18;21,26,25,23,22 appfree=1 rsstfree=1
p28#18123 28 1,2,3,4,5;0,5,6,7,2;0,1,7,8,3;0,2,8,9,10,11,4;0,3,11,12,5;0,4,12,13,14,6,1;1,5,14,15,7;1,6,15,16,17,8,2;2,7,17,9,3;3,8,17,18,10;3,9,18,19,20,11;3,10,20,21,12,4;4,11,21,13,5;5,12,21,22,14;5,13,22,23,15,6;6,14,23,24,16,7;7,15,24,25,18,17;7,16,18,9,8;9,17,16,25,19,10;10,18,25,26,20;10,19,26,21,11;11,20,26,22,13,12;13,21,26,27,23,14;14,22,27,24,15;15,23,27,25,16;16,24,27,26,19,18;19,25,27,22,21,20;22,26,25,24,23 appfree=1 rsstfree=1
p28#18204 28 1,2,3,4,5;0,5,6,7,2;0,1,7,8,3;0,2,8,9,10,11,4;0,3,11,12,5;0,4,12,13,14,6,1;1,5,14,15,7;1,6,15,16,17,8,2;2,7,17,9,3;3,8,17,18,19,20,10;3,9,20,21,11;3,10,21,12,4;4,11,21,13,5;5,12,21,22,14;5,13,22,23,15,6;6,14,23,24,16,7;7,15,24,25,18,17;7,16,18,9,8;9,17,16,25,19;9,18,25,26,20;9,19,26,21,10;10,20,26,22,13,12,11;13,21,26,27,23,14;14,22,27,24,15;15,23,27,25,16;16,24,27,26,19,18;19,25,27,22,21,20;22,26,25,24,23 appfree=1 rsstfree=1
p28#22656 28 1,2,3,4,5;0,5,6,7,2;0,1,7,8,9,10,3;0,2,10,11,12,4;0,3,12,13,5;0,4,13,14,15,6,1;1,5,15,16,17,7;1,6,17,8,2;2,7,17,18,9;2,8,18,19,10;2,9,19,11,3;3,10,19,20,21,12;3,11,21,22,13,4;4,12,22,14,5;5,13,22,23,15;5,14,23,16,6;6,15,23,24,25,17;6,16,25,18,8,7;8,17,25,26,19,9;9,18,26,20,11,10;11,19,26,24,27,21;11,20,27,22,12;12,21,27,23,14,13;14,22,27,24,16,15;16,23,27,20,26,25;16,24,26,18,17;18,25,24,20,19;20,24,23,22,21 appfree=1 rsstfree=1
p28#28302 28 1,2,3,4,5;0,5,6,7,8,9,2;0,1,9,10,3;0,2,10,11,12,4;0,3,12,13,14,5;0,4,14,15,6,1;1,5,15,16,7;1,6,16,17,18,8;1,7,18,19,9;1,8,19,10,2;2,9,19,20,11,3;3,10,20,21,12;3,11,21,13,4;4,12,21,22,23,14;4,13,23,24,15,5;5,14,24,16,6;6,15,24,17,7;7,16,24,25,26,18;7,17,26,27,19,8;8,18,27,20,10,9;10,19,27,21,11;11,20,27,26,22,13,12;13,21,26,25,23;13,22,25,24,14;14,23,25,17,16,15;17,24,23,22,26;17,25,22,21,27,18;18,26,21,20,19 appfree=1 rsstfree=1
p28#28462 28 1,2,3,4,5;0,5,6,7,8,2;0,1,8,9,10,11,3;0,2,11,12,4;0,3,12,13,5;0,4,13,14,6,1;1,5,14,15,7;1,6,15,16,17,18,8;1,7,18,9,2;2,8,18,19,10;2,9,19,20,11;2,10,20,21,12,3;3,11,21,22,13,4;4,12,22,23,14,5;5,13,23,15,6;6,14,23,16,7;7,15,23,24,25,26,17;7,16,26,19,18;7,17,19,9,8;9,18,17,26,27,20,10;10,19,27,21,11;11,20,27,25,24,22,12;12,21,24,23,13;13,22,24,16,15,14;16,23,22,21,25;16,24,21,27,26;16,25,27,19,17;19,26,25,21,20 appfree=1 rsstfree=1
p28#28466 28 1,2,3,4,5;0,5,6,7,8,2;0,1,8,9,10,11,3;0,2,11,12,4;0,3,12,13,5;0,4,13,14,6,1;1,5,14,15,7;1,6,15,16,17,8;1,7,17,9,2;2,8,17,18,10;2,9,18,19,11;2,10,19,20,12,3;3,11,20,21,13,4;4,12,21,22,14,5;5,13,22,23,15,6;6,14,23,16,7;7,15,23,24,18,17;7,16,18,9,8;9,17,16,24,25,19,10;10,18,25,20,11;11,19,25,26,27,21,12;12,20,27,22,13;13,21,27,23,14;14,22,27,26,24,16,15;16,23,26,25,18;18,24,26,20,19;20,25,24,23,27;20,26,23,22,21 appfree=1 rsstfree=1
p28#30538 28 1,2,3,4,5;0,5,6,7,8,2;0,1,8,9,10,3;0,2,10,11,12,13,4;0,3,13,14,5;0,4,14,6,1;1,5,14,15,16,7;1,6,16,17,8;1,7,17,18,9,2;2,8,18,19,10;2,9,19,11,3;3,10,19,20,12;3,11,20,21,22,13;3,12,22,23,14,4;4,13,23,15,6,5;6,14,23,24,25,16;6,15,25,17,7;7,16,25,26,18,8;8,17,26,19,9;9,18,26,27,20,11,10;11,19,27,21,12;12,20,27,25,24,22;12,21,24,23,13;13,22,24,15,14;15,23,22,21,25;15,24,21,27,26,17,16;17,25,27,19,18;19,26,25,21,20 appfree=1 rsstfree=1
p28#30756 28 1,2,3,4,5;0,5,6,7,8,9,2;0,1,9,10,3;0,2,10,11,4;0,3,11,12,13,5;0,4,13,14,6,1;1,5,14,15,7;1,6,15,16,8;1,7,16,17,9;1,8,17,10,2;2,9,17,18,19,11,3;3,10,19,20,12,4;4,11,20,21,13;4,12,21,14,5;5,13,21,22,15,6;6,14,22,23,16,7;7,15,23,24,17,8;8,16,24,18,10,9;10,17,24,25,19;10,18,25,26,20,11;11,19,26,21,12;12,20,26,27,22,14,13;14,21,27,23,15;15,22,27,25,24,16;16,23,25,18,17;18,24,23,27,26,19;19,25,27,21,20;21,26,25,23,22 appfree=1 rsstfree=1
p28#30794 28 1,2,3,4,5,6,7;0,7,8,9,2;0,1,9,10,11,3;0,2,11,12,13,4;0,3,13,14,5;0,4,14,15,6;0,5,15,16,7;0,6,16,8,1;1,7,16,17,9;1,8,17,18,10,2;2,9,18,19,11;2,10,19,12,3;3,11,19,20,13;3,12,20,21,14,4;4,13,21,22,23,15,5;5,14,23,16,6;6,15,23,24,17,8,7;8,16,24,25,26,18,9;9,17,26,19,10;10,18,26,27,20,12,11;12,19,27,21,13;13,20,27,25,22,14;14,21,25,24,23;14,22,24,16,15;16,23,22,25,17;17,24,22,21,27,26;17,25,27,19,18;19,26,25,21,20 appfree=1 rsstfree=1
p28#34766 28 1,2,3,4,5;0,5,6,7,2;0,1,7,8,3;0,2,8,9,10,11,4;0,3,11,12,5;0,4,12,13,14,6,1;1,5,14,15,16,7;1,6,16,17,8,2;2,7,17,18,9,3;3,8,18,19,20,10;3,9,20,21,11;3,10,21,12,4;4,11,21,13,5;5,12,21,22,14;5,13,22,15,6;6,14,22,23,16;6,15,23,24,25,17,7;7,16,25,18,8;8,17,25,19,9;9,18,25,24,26,27,20;9,19,27,21,10;10,20,27,22,13,12,11;13,21,27,26,23,15,14;15,22,26,24,16;16,23,26,19,25;16,24,19,18,17;19,24,23,22,27;19,26,22,21,20 appfree=1 rsstfree=1
p28#37057 28 1,2,3,4,5,6;0,6,7,8,9,2;0,1,9,10,3;0,2,10,11,12,4;0,3,12,13,5;0,4,13,14,15,16,6;0,5,16,7,1;1,6,16,17,18,8;1,7,18,19,20,9;1,8,20,10,2;2,9,20,11,3;3,10,20,21,22,12;3,11,22,23,13,4;4,12,23,14,5;5,13,23,24,15;5,14,24,17,16;5,15,17,7,6;7,16,15,24,25,18;7,17,25,26,19,8;8,18,26,21,20;8,19,21,11,10,9;11,20,19,26,22;11,21,26,27,23,12;12,22,27,24,14,13;14,23,27,25,17,15;17,24,27,26,18;18,25,27,22,21,19;22,26,25,24,23 appfree=1 rsstfree=1
p28#43329 28 1,2,3,4,5;0,5,6,7,8,2;0,1,8,9,3;0,2,9,10,4;0,3,10,11,12,5;0,4,12,13,14,6,1;1,5,14,15,7;1,6,15,16,17,8;1,7,17,18,9,2;2,8,18,19,10,3;3,9,19,20,11,4;4,10,20,21,22,23,12;4,11,23,13,5;5,12,23,24,14;5,13,24,15,6;6,14,24,16,7;7,15,24,25,26,17;7,16,26,27,18,8;8,17,27,19,9;9,18,27,20,10;10,19,27,26,21,11;11,20,26,25,22;11,21,25,24,23;11,22,24,13,12;13,23,22,25,16,15,14;16,24,22,21,26;16,25,21,20,27,17;17,26,20,19,18 appfree=1 rsstfree=1
p28#44502 28 1,2,3,4,5,6;0,6,7,8,2;0,1,8,9,10,3;0,2,10,11,12,4;0,3,12,13,5;0,4,13,14,6;0,5,14,15,7,1;1,6,15,16,8;1,7,16,9,2;2,8,16,17,18,10;2,9,18,11,3;3,10,18,19,12;3,11,19,20,13,4;4,12,20,21,14,5;5,13,21,22,15,6;6,14,22,23,16,7;7,15,23,17,9,8;9,16,23,24,25,18;9,17,25,19,11,10;11,18,25,26,20,12;12,19,26,27,21,13;13,20,27,22,14;14,21,27,23,15;15,22,27,24,17,16;17,23,27,26,25;17,24,26,19,18;19,25,24,27,20;20,26,24,23,22,21 appfree=1 rsstfree=1
p28#44900 28 1,2,3,4,5;0,5,6,7,8,2;0,1,8,9,3;0,2,9,10,4;0,3,10,11,12,5;0,4,12,13,6,1;1,5,13,14,15,7;1,6,15,16,8;1,7,16,17,18,9,2;2,8,18,19,10,3;3,9,19,20,11,4;4,10,20,21,12;4,11,21,13,5;5,12,21,22,14,6;6,13,22,23,24,15;6,14,24,16,7;7,15,24,17,8;8,16,24,25,18;8,17,25,19,9;9,18,25,26,20,10;10,19,26,27,21,11;11,20,27,22,13,12;13,21,27,23,14;14,22,27,26,24;14,23,26,25,17,16,15;17,24,26,19,18;19,25,24,23,27,20;20,26,23,22,21 appfree=1 rsstfree=1
p28#44925 28 1,2,3,4,5,6;0,6,7,8,2;0,1,8,9,10,3;0,2,10,11,12,4;0,3,12,13,5;0,4,13,14,15,6;0,5,15,7,1;1,6,15,16,17,8;1,7,17,18,9,2;2,8,18,19,10;2,9,19,11,3;3,10,19,20,21,12;3,11,21,13,4;4,12,21,22,14,5;5,13,22,23,15;5,14,23,16,7,6;7,15,23,24,25,17;7,16,25,18,8;8,17,25,26,19,9;9,18,26,20,11,10;11,19,26,27,21;11,20,27,24,22,13,12;13,21,24,23,14;14,22,24,16,15;16,23,22,21,27,25;16,24,27,26,18,17;18,25,27,20,19;20,26,25,24,21 appfree=1 rsstfree=1
p28#47052 28 1,2,3,4,5;0,5,6,7,8,9,2;0,1,9,10,11,3;0,2,11,12,4;0,3,12,13,5;0,4,13,14,6,1;1,5,14,15,7;1,6,15,16,8;1,7,16,17,18,9;1,8,18,10,2;2,9,18,19,11;2,10,19,20,12,3;3,11,20,21,13,4;4,12,21,22,14,5;5,13,22,23,15,6;6,14,23,16,7;7,15,23,24,17,8;8,16,24,25,18;8,17,25,26,19,10,9;10,18,26,20,11;11,19,26,27,21,12;12,20,27,22,13;13,21,27,23,14;14,22,27,24,16,15;16,23,27,25,17;17,24,27,26,18;18,25,27,20,19;20,26,25,24,23,22,21 appfree=1 rsstfree=1
p28#48478 28 1,2,3,4,5,6;0,6,7,8,2;0,1,8,9,10,11,3;0,2,11,12,4;0,3,12,13,14,5;0,4,14,15,6;0,5,15,16,7,1;1,6,16,17,8;1,7,17,9,2;2,8,17,18,19,10;2,9,19,20,11;2,10,20,21,12,3;3,11,21,13,4;4,12,21,22,23,14;4,13,23,15,5;5,14,23,16,6;6,15,23,24,25,17,7;7,16,25,18,9,8;9,17,25,26,27,19;9,18,27,20,10;10,19,27,21,11;11,20,27,22,13,12;13,21,27,26,24,23;13,22,24,16,15,14;16,23,22,26,25;16,24,26,18,17;18,25,24,22,27;18,26,22,21,20,19 appfree=1 rsstfree=1
p28#48973 28 1,2,3,4,5,6;0,6,7,8,9,2;0,1,9,10,3;0,2,10,11,4;0,3,11,12,13,5;0,4,13,14,6;0,5,14,7,1;1,6,14,15,8;1,7,15,16,17,9;1,8,17,10,2;2,9,17,18,19,11,3;3,10,19,12,4;4,11,19,20,21,13;4,12,21,22,14,5;5,13,22,23,15,7,6;7,14,23,16,8;8,15,23,24,25,17;8,16,25,18,10,9;10,17,25,26,19;10,18,26,20,12,11;12,19,26,24,27,21;12,20,27,22,13;13,21,27,23,14;14,22,27,24,16,15;16,23,27,20,26,25;16,24,26,18,17;18,25,24,20,19;20,24,23,22,21 appfree=1 rsstfree=1
p28#48975 28 1,2,3,4,5,6;0,6,7,8,9,2;0,1,9,10,3;0,2,10,11,4;0,3,11,12,13,5;0,4,13,14,6;0,5,14,7,1;1,6,14,15,16,8;1,7,16,17,18,9;1,8,18,10,2;2,9,18,19,20,11,3;3,10,20,12,4;4,11,20,21,22,13;4,12,22,15,14,5;5,13,15,7,6;7,14,13,22,23,24,16;7,15,24,17,8;8,16,24,25,26,18;8,17,26,19,10,9;10,18,26,27,20;10,19,27,21,12,11;12,20,27,25,23,22;12,21,23,15,13;15,22,21,25,24;15,23,25,17,16;17,24,23,21,27,26;17,25,27,19,18;19,26,25,21,20 appfree=1 rsstfree=1
p28#48976 28 1,2,3,4,5,6;0,6,7,8,9,2;0,1,9,10,3;0,2,10,11,4;0,3,11,12,13,5;0,4,13,14,15,6;0,5,15,7,1;1,6,15,16,8;1,7,16,17,18,9;1,8,18,10,2;2,9,18,19,20,11,3;3,10,20,12,4;4,11,20,21,22,13;4,12,22,14,5;5,13,22,23,15;5,14,23,24,16,7,6;7,15,24,17,8;8,16,24,25,26,18;8,17,26,19,10,9;10,18,26,27,20;10,19,27,21,12,11;12,20,27,25,23,22;12,21,23,14,13;14,22,21,25,24,15;15,23,25,17,16;17,24,23,21,27,26;17,25,27,19,18;19,26,25,21,20 appfree=1 rsstfree=1
p28#50242 28 1,2,3,4,5;0,5,6,7,8,2;0,1,8,9,3;0,2,9,10,11,4;0,3,11,12,13,5;0,4,13,14,6,1;1,5,14,15,7;1,6,15,16,17,8;1,7,17,18,9,2;2,8,18,19,10,3;3,9,19,20,11;3,10,20,21,12,4;4,11,21,22,13;4,12,22,14,5;5,13,22,23,15,6;6,14,23,24,16,7;7,15,24,25,17;7,16,25,18,8;8,17,25,26,19,9;9,18,26,20,10;10,19,26,27,21,11;11,20,27,23,22,12;12,21,23,14,13;14,22,21,27,24,15;15,23,27,26,25,16;16,24,26,18,17;18,25,24,27,20,19;20,26,24,23,21 appfree=1 rsstfree=1
p28#50588 28 1,2,3,4,5,6;0,6,7,8,9,10,2;0,1,10,11,3;0,2,11,12,13,4;0,3,13,14,5;0,4,14,15,16,6;0,5,16,7,1;1,6,16,17,8;1,7,17,18,9;1,8,18,19,10;1,9,19,11,2;2,10,19,20,12,3;3,11,20,21,13;3,12,21,22,14,4;4,13,22,23,15,5;5,14,23,24,17,16;5,15,17,7,6;7,16,15,24,25,18,8;8,17,25,19,9;9,18,25,26,20,11,10;11,19,26,21,12;12,20,26,27,22,13;13,21,27,23,14;14,22,27,24,15;15,23,27,26,25,17;17,24,26,19,18;19,25,24,27,21,20;21,26,24,23,22 appfree=1 rsstfree=1
p28#53302 28 1,2,3,4,5;0,5,6,7,8,9,2;0,1,9,10,3;0,2,10,11,12,4;0,3,12,13,14,15,5;0,4,15,6,1;1,5,15,16,17,7;1,6,17,18,19,8;1,7,19,20,9;1,8,20,10,2;2,9,20,21,11,3;3,10,21,22,12;3,11,22,13,4;4,12,22,23,14;4,13,23,16,15;4,14,16,6,5;6,15,14,23,24,17;6,16,24,18,7;7,17,24,25,26,19;7,18,26,20,8;8,19,26,27,21,10,9;10,20,27,22,11;11,21,27,25,23,13,12;13,22,25,24,16,14;16,23,25,18,17;18,24,23,22,27,26;18,25,27,20,19;20,26,25,22,21 appfree=1 rsstfree=1
p28#54313 28 1,2,3,4,5,6;0,6,7,8,9,2;0,1,9,10,11,3;0,2,11,12,4;0,3,12,13,5;0,4,13,14,15,6;0,5,15,7,1;1,6,15,16,17,8;1,7,17,18,9;1,8,18,10,2;2,9,18,19,20,11;2,10,20,12,3;3,11,20,21,22,13,4;4,12,22,23,14,5;5,13,23,24,15;5,14,24,16,7,6;7,15,24,25,26,17;7,16,26,19,18,8;8,17,19,10,9;10,18,17,26,27,21,20;10,19,21,12,11;12,20,19,27,22;12,21,27,25,23,13;13,22,25,24,14;14,23,25,16,15;16,24,23,22,27,26;16,25,27,19,17;19,26,25,22,21 appfree=1 rsstfree=1
p28#55261 28 1,2,3,4,5,6;0,6,7,8,9,2;0,1,9,10,11,12,3;0,2,12,13,4;0,3,13,14,15,5;0,4,15,16,6;0,5,16,7,1;1,6,16,17,18,8;1,7,18,19,9;1,8,19,10,2;2,9,19,20,11;2,10,20,21,12;2,11,21,13,3;3,12,21,22,14,4;4,13,22,23,24,15;4,14,24,17,16,5;5,15,17,7,6;7,16,15,24,25,18;7,17,25,19,8;8,18,25,26,20,10,9;10,19,26,27,21,11;11,20,27,22,13,12;13,21,27,23,14;14,22,27,26,24;14,23,26,25,17,15;17,24,26,19,18;19,25,24,23,27,20;20,26,23,22,21 appfree=1 rsstfree=1
p28#59086 28 1,2,3,4,5,6;0,6,7,8,9,2;0,1,9,10,3;0,2,10,11,12,4;0,3,12,13,5;0,4,13,14,15,6;0,5,15,7,1;1,6,15,16,8;1,7,16,17,18,19,9;1,8,19,10,2;2,9,19,11,3;3,10,19,20,21,12;3,11,21,22,13,4;4,12,22,14,5;5,13,22,23,24,15;5,14,24,16,7,6;7,15,24,25,17,8;8,16,25,26,27,18;8,17,27,20,19;8,18,20,11,10,9;11,19,18,27,21;11,20,27,26,22,12;12,21,26,23,14,13;14,22,26,25,24;14,23,25,16,15;16,24,23,26,17;17,25,23,22,21,27;17,26,21,20,18 appfree=1 rsstfree=1
p28#61051 28 1,2,3,4,5;0,5,6,7,8,9,2;0,1,9,10,11,3;0,2,11,12,4;0,3,12,13,14,15,5;0,4,15,6,1;1,5,15,16,17,7;1,6,17,18,8;1,7,18,19,20,9;1,8,20,10,2;2,9,20,21,11;2,10,21,22,12,3;3,11,22,13,4;4,12,22,23,14;4,13,23,16,15;4,14,16,6,5;6,15,14,23,24,17;6,16,24,18,7;7,17,24,25,19,8;8,18,25,26,20;8,19,26,21,10,9;10,20,26,27,22,11;11,21,27,23,13,12;13,22,27,24,16,14;16,23,27,25,18,17;18,24,27,26,19;19,25,27,21,20;21,26,25,24,23,22 appfree=1 rsstfree=1
p28#71892 28 1,2,3,4,5,6,7,8;0,8,9,10,2;0,1,10,11,3;0,2,11,12,4;0,3,12,13,5;0,4,13,14,6;0,5,14,15,7;0,6,15,16,8;0,7,16,9,1;1,8,16,17,18,19,10;1,9,19,20,21,11,2;2,10,21,12,3;3,11,21,22,23,13,4;4,12,23,24,14,5;5,13,24,25,15,6;6,14,25,26,17,16,7;7,15,17,9,8;9,16,15,26,18;9,17,26,27,19;9,18,27,20,10;10,19,27,22,21;10,20,22,12,11;12,21,20,27,23;12,22,27,24,13;13,23,27,25,14;14,24,27,26,15;15,25,27,18,17;18,26,25,24,23,22,20,19 appfree=1 rsstfree=1
p28#71929 28 1,2,3,4,5,6,7;0,7,8,9,2;0,1,9,10,11,3;0,2,11,12,4;0,3,12,13,5;0,4,13,14,6;0,5,14,15,7;0,6,15,8,1;1,7,15,16,17,18,9;1,8,18,10,2;2,9,18,19,20,21,11;2,10,21,12,3;3,11,21,22,23,13,4;4,12,23,24,25,14,5;5,13,25,15,6;6,14,25,26,16,8,7;8,15,26,27,17;8,16,27,19,18;8,17,19,10,9;10,18,17,27,20;10,19,27,22,21;10,20,22,12,11;12,21,20,27,23;12,22,27,24,13;13,23,27,26,25;13,24,26,15,14;15,25,24,27,16;16,26,24,23,22,20,19,17 appfree=1 rsstfree=1
p28#72493 28 1,2,3,4,5,6,7;0,7,8,9,2;0,1,9,10,3;0,2,10,11,4;0,3,11,12,5;0,4,12,13,6;0,5,13,14,15,7;0,6,15,8,1;1,7,15,16,17,18,9;1,8,18,19,20,10,2;2,9,20,11,3;3,10,20,21,22,12,4;4,11,22,23,13,5;5,12,23,24,14,6;6,13,24,25,16,15;6,14,16,8,7;8,15,14,25,17;8,16,25,26,18;8,17,26,19,9;9,18,26,21,20;9,19,21,11,10;11,20,19,26,22;11,21,26,27,23,12;12,22,27,24,13;13,23,27,25,14;14,24,27,26,17,16;17,25,27,22,21,19,18;22,26,25,24,23 appfree=1 rsstfree=1
p28#73397 28 1,2,3,4,5,6,7;0,7,8,9,2;0,1,9,10,3;0,2,10,11,12,4;0,3,12,13,5;0,4,13,14,6;0,5,14,15,7;0,6,15,8,1;1,7,15,16,17,9;1,8,17,18,10,2;2,9,18,19,11,3;3,10,19,20,12;3,11,20,21,22,13,4;4,12,22,14,5;5,13,22,23,24,15,6;6,14,24,16,8,7;8,15,24,25,26,17;8,16,26,18,9;9,17,26,19,10;10,18,26,27,20,11;11,19,27,21,12;12,20,27,23,22;12,21,23,14,13;14,22,21,27,25,24;14,23,25,16,15;16,24,23,27,26;16,25,27,19,18,17;19,26,25,23,21,20 appfree=1 rsstfree=1
p28#93605 28 1,2,3,4,5,6;0,6,7,8,9,2;0,1,9,10,3;0,2,10,11,12,4;0,3,12,13,5;0,4,13,14,15,16,6;0,5,16,7,1;1,6,16,17,8;1,7,17,18,19,20,9;1,8,20,10,2;2,9,20,11,3;3,10,20,21,22,12;3,11,22,23,13,4;4,12,23,14,5;5,13,23,24,15;5,14,24,25,17,16;5,15,17,7,6;7,16,15,25,18,8;8,17,25,26,19;8,18,26,27,21,20;8,19,21,11,10,9;11,20,19,27,22;11,21,27,23,12;12,22,27,24,14,13;14,23,27,26,25,15;15,24,26,18,17;18,25,24,27,19;19,26,24,23,22,21 appfree=1 rsstfree=1
p28#94025 28 1,2,3,4,5,6,7;0,7,8,9,2;0,1,9,10,3;0,2,10,11,12,4;0,3,12,13,5;0,4,13,14,6;0,5,14,15,16,7;0,6,16,8,1;1,7,16,17,18,19,9;1,8,19,10,2;2,9,19,20,11,3;3,10,20,21,12;3,11,21,22,13,4;4,12,22,14,5;5,13,22,23,15,6;6,14,23,24,16;6,15,24,17,8,7;8,16,24,25,18;8,17,25,26,19;8,18,26,20,10,9;10,19,26,21,11;11,20,26,27,22,12;12,21,27,23,14,13;14,22,27,24,15;15,23,27,25,17,16;17,24,27,26,18;18,25,27,21,20,19;21,26,25,24,23,22 appfree=1 rsstfree=1
p28#94041 28 1,2,3,4,5,6,7;0,7,8,9,2;0,1,9,10,3;0,2,10,11,4;0,3,11,12,5;0,4,12,13,6;0,5,13,14,15,7;0,6,15,8,1;1,7,15,16,17,18,9;1,8,18,10,2;2,9,18,19,20,11,3;3,10,20,21,12,4;4,11,21,22,13,5;5,12,22,23,14,6;6,13,23,24,15;6,14,24,16,8,7;8,15,24,25,17;8,16,25,19,18;8,17,19,10,9;10,18,17,25,26,27,20;10,19,27,21,11;11,20,27,22,12;12,21,27,26,23,13;13,22,26,24,14;14,23,26,25,16,15;16,24,26,19,17;19,25,24,23,22,27;19,26,22,21,20 appfree=1 rsstfree=1
p28#145857 28 1,2,3,4,5;0,5,6,7,8,2;0,1,8,9,10,3;0,2,10,11,12,4;0,3,12,13,5;0,4,13,14,15,6,1;1,5,15,16,7;1,6,16,17,18,8;1,7,18,19,9,2;2,8,19,20,10;2,9,20,11,3;3,10,20,21,22,12;3,11,22,23,24,13,4;4,12,24,14,5;5,13,24,25,15;5,14,25,16,6;6,15,25,17,7;7,16,25,26,27,18;7,17,27,19,8;8,18,27,21,20,9;9,19,21,11,10;11,20,19,27,26,22;11,21,26,23,12;12,22,26,25,24;12,23,25,14,13;14,24,23,26,17,16,15;17,25,23,22,21,27;17,26,21,19,18 appfree=1 rsstfree=1
p28#151331 28 1,2,3,4,5,6;0,6,7,8,9,2;0,1,9,10,3;0,2,10,11,12,4;0,3,12,13,5;0,4,13,14,15,6;0,5,15,7,1;1,6,15,16,17,8;1,7,17,18,9;1,8,18,19,10,2;2,9,19,20,11,3;3,10,20,21,22,12;3,11,22,13,4;4,12,22,14,5;5,13,22,23,24,15;5,14,24,16,7,6;7,15,24,25,17;7,16,25,26,18,8;8,17,26,27,19,9;9,18,27,20,10;10,19,27,21,11;11,20,27,26,23,22;11,21,23,14,13,12;14,22,21,26,25,24;14,23,25,16,15;16,24,23,26,17;17,25,23,21,27,18;18,26,21,20,19 appfree=1 rsstfree=1
p28#152047 28 1,2,3,4,5,6;0,6,7,8,9,2;0,1,9,10,3;0,2,10,11,12,4;0,3,12,13,14,5;0,4,14,15,6;0,5,15,16,7,1;1,6,16,17,8;1,7,17,18,19,20,9;1,8,20,10,2;2,9,20,11,3;3,10,20,21,22,12;3,11,22,13,4;4,12,22,23,24,14;4,13,24,15,5;5,14,24,25,16,6;6,15,25,17,7;7,16,25,18,8;8,17,25,26,27,19;8,18,27,21,20;8,19,21,11,10,9;11,20,19,27,22;11,21,27,23,13,12;13,22,27,26,24;13,23,26,25,15,14;15,24,26,18,17,16;18,25,24,23,27;18,26,23,22,21,19 appfree=1 rsstfree=1
p28#154059 28 1,2,3,4,5,6;0,6,7,8,9,2;0,1,9,10,3;0,2,10,11,12,4;0,3,12,13,5;0,4,13,14,15,6;0,5,15,16,7,1;1,6,16,17,18,8;1,7,18,19,20,9;1,8,20,10,2;2,9,20,11,3;3,10,20,21,22,12;3,11,22,13,4;4,12,22,23,14,5;5,13,23,24,15;5,14,24,16,6;6,15,24,25,17,7;7,16,25,26,18;7,17,26,19,8;8,18,26,27,21,20;8,19,21,11,10,9;11,20,19,27,22;11,21,27,23,13,12;13,22,27,25,24,14;14,23,25,16,15;16,24,23,27,26,17;17,25,27,19,18;19,26,25,23,22,21 appfree=1 rsstfree=1
p28#171817 28 1,2,3,4,5;0,5,6,7,8,2;0,1,8,9,10,3;0,2,10,11,4;0,3,11,12,5;0,4,12,13,6,1;1,5,13,14,7;1,6,14,15,8;1,7,15,16,9,2;2,8,16,17,10;2,9,17,18,19,11,3;3,10,19,20,12,4;4,11,20,21,13,5;5,12,21,22,14,6;6,13,22,23,24,15,7;7,14,24,16,8;8,15,24,25,17,9;9,16,25,18,10;10,17,25,26,27,19;10,18,27,20,11;11,19,27,21,12;12,20,27,26,22,13;13,21,26,23,14;14,22,26,25,24;14,23,25,16,15;16,24,23,26,18,17;18,25,23,22,21,27;18,26,21,20,19 appfree=1 rsstfree=1
p28#184718 28 1,2,3,4,5;0,5,6,7,8,9,10,2;0,1,10,11,3;0,2,11,12,13,4;0,3,13,14,15,5;0,4,15,6,1;1,5,15,16,7;1,6,16,17,8;1,7,17,18,9;1,8,18,19,10;1,9,19,11,2;2,10,19,20,12,3;3,11,20,21,13;3,12,21,14,4;4,13,21,22,23,15;4,14,23,16,6,5;6,15,23,24,17,7;7,16,24,25,18,8;8,17,25,26,19,9;9,18,26,20,11,10;11,19,26,27,22,21,12;12,20,22,14,13;14,21,20,27,24,23;14,22,24,16,15;16,23,22,27,25,17;17,24,27,26,18;18,25,27,20,19;20,26,25,24,22 appfree=1 rsstfree=1
p28#184782 28 1,2,3,4,5;0,5,6,7,8,9,2;0,1,9,10,3;0,2,10,11,4;0,3,11,12,13,5;0,4,13,14,6,1;1,5,14,15,7;1,6,15,16,17,8;1,7,17,18,19,9;1,8,19,10,2;2,9,19,20,21,11,3;3,10,21,22,12,4;4,11,22,23,13;4,12,23,24,14,5;5,13,24,15,6;6,14,24,16,7;7,15,24,25,26,17;7,16,26,18,8;8,17,26,27,20,19;8,18,20,10,9;10,19,18,27,21;10,20,27,22,11;11,21,27,25,23,12;12,22,25,24,13;13,23,25,16,15,14;16,24,23,22,27,26;16,25,27,18,17;18,26,25,22,21,20 appfree=1 rsstfree=1
p28#185590 28 1,2,3,4,5;0,5,6,7,8,2;0,1,8,9,3;0,2,9,10,11,4;0,3,11,12,13,5;0,4,13,14,6,1;1,5,14,15,16,7;1,6,16,17,8;1,7,17,18,9,2;2,8,18,19,10,3;3,9,19,20,11;3,10,20,21,12,4;4,11,21,22,13;4,12,22,14,5;5,13,22,23,15,6;6,14,23,24,25,16;6,15,25,17,7;7,16,25,18,8;8,17,25,26,19,9;9,18,26,20,10;10,19,26,27,21,11;11,20,27,23,22,12;12,21,23,14,13;14,22,21,27,24,15;15,23,27,26,25;15,24,26,18,17,16;18,25,24,27,20,19;20,26,24,23,21 appfree=1 rsstfree=1
p28#185675 28 1,2,3,4,5;0,5,6,7,8,9,2;0,1,9,10,11,3;0,2,11,12,13,4;0,3,13,14,15,5;0,4,15,6,1;1,5,15,16,7;1,6,16,17,8;1,7,17,18,19,9;1,8,19,10,2;2,9,19,20,11;2,10,20,21,12,3;3,11,21,22,13;3,12,22,23,14,4;4,13,23,24,15;4,14,24,16,6,5;6,15,24,25,26,17,7;7,16,26,18,8;8,17,26,27,20,19;8,18,20,10,9;10,19,18,27,21,11;11,20,27,22,12;12,21,27,25,23,13;13,22,25,24,14;14,23,25,16,15;16,24,23,22,27,26;16,25,27,18,17;18,26,25,22,21,20 appfree=1 rsstfree=1
p28#185682 28 1,2,3,4,5;0,5,6,7,2;0,1,7,8,9,3;0,2,9,10,11,4;0,3,11,12,13,5;0,4,13,14,6,1;1,5,14,15,16,7;1,6,16,17,8,2;2,7,17,18,9;2,8,18,19,10,3;3,9,19,20,11;3,10,20,12,4;4,11,20,21,13;4,12,21,22,14,5;5,13,22,15,6;6,14,22,23,16;6,15,23,24,17,7;7,16,24,18,8;8,17,24,25,19,9;9,18,25,20,10;10,19,25,26,27,21,12,11;12,20,27,22,13;13,21,27,23,15,14;15,22,27,26,24,16;16,23,26,25,18,17;18,24,26,20,19;20,25,24,23,27;20,26,23,22,21 appfree=1 rsstfree=1
p28#185706 28 1,2,3,4,5;0,5,6,7,8,9,2;0,1,9,10,3;0,2,10,11,4;0,3,11,12,13,14,5;0,4,14,6,1;1,5,14,15,7;1,6,15,16,17,8;1,7,17,18,9;1,8,18,19,10,2;2,9,19,20,11,3;3,10,20,21,12,4;4,11,21,22,13;4,12,22,15,14;4,13,15,6,5;6,14,13,22,23,16,7;7,15,23,24,25,17;7,16,25,18,8;8,17,25,19,9;9,18,25,26,20,10;10,19,26,21,11;11,20,26,27,22,12;12,21,27,23,15,13;15,22,27,24,16;16,23,27,26,25;16,24,26,19,18,17;19,25,24,27,21,20;21,26,24,23,22 appfree=1 rsstfree=1
p28#185711 28 1,2,3,4,5;0,5,6,7,8,9,2;0,1,9,10,11,3;0,2,11,12,4;0,3,12,13,14,15,5;0,4,15,6,1;1,5,15,16,7;1,6,16,17,8;1,7,17,18,19,9;1,8,19,10,2;2,9,19,20,11;2,10,20,21,12,3;3,11,21,22,13,4;4,12,22,23,14;4,13,23,16,15;4,14,16,6,5;6,15,14,23,24,17,7;7,16,24,25,18,8;8,17,25,26,20,19;8,18,20,10,9;10,19,18,26,21,11;11,20,26,22,12;12,21,26,27,23,13;13,22,27,24,16,14;16,23,27,25,17;17,24,27,26,18;18,25,27,22,21,20;22,26,25,24,23 appfree=1 rsstfree=1
p28#187533 28 1,2,3,4,5,6;0,6,7,8,9,2;0,1,9,10,3;0,2,10,11,4;0,3,11,12,13,14,5;0,4,14,15,6;0,5,15,16,7,1;1,6,16,17,8;1,7,17,18,19,9;1,8,19,20,10,2;2,9,20,11,3;3,10,20,21,12,4;4,11,21,22,13;4,12,22,23,14;4,13,23,15,5;5,14,23,24,16,6;6,15,24,17,7;7,16,24,18,8;8,17,24,25,26,19;8,18,26,27,20,9;9,19,27,21,11,10;11,20,27,22,12;12,21,27,26,25,23,13;13,22,25,24,15,14;15,23,25,18,17,16;18,24,23,22,26;18,25,22,27,19;19,26,22,21,20 appfree=1 rsstfree=1
p28#201432 28 1,2,3,4,5,6;0,6,7,8,2;0,1,8,9,10,11,3;0,2,11,12,4;0,3,12,13,5;0,4,13,14,15,6;0,5,15,7,1;1,6,15,16,8;1,7,16,17,9,2;2,8,17,18,19,10;2,9,19,20,11;2,10,20,12,3;3,11,20,21,22,13,4;4,12,22,14,5;5,13,22,23,24,15;5,14,24,16,7,6;7,15,24,25,17,8;8,16,25,18,9;9,17,25,26,19;9,18,26,21,20,10;10,19,21,12,11;12,20,19,26,27,22;12,21,27,23,14,13;14,22,27,25,24;14,23,25,16,15;16,24,23,27,26,18,17;18,25,27,21,19;21,26,25,23,22 appfree=1 rsstfree=1
p28#203772 28 1,2,3,4,5;0,5,6,7,2;0,1,7,8,9,3;0,2,9,10,11,4;0,3,11,12,13,5;0,4,13,6,1;1,5,13,14,15,7;1,6,15,16,8,2;2,7,16,17,9;2,8,17,18,10,3;3,9,18,19,11;3,10,19,20,12,4;4,11,20,21,13;4,12,21,14,6,5;6,13,21,22,15;6,14,22,23,16,7;7,15,23,17,8;8,16,23,24,18,9;9,17,24,19,10;10,18,24,25,20,11;11,19,25,26,21,12;12,20,26,22,14,13;14,21,26,27,23,15;15,22,27,24,17,16;17,23,27,25,19,18;19,24,27,26,20;20,25,27,22,21;22,26,25,24,23 appfree=1 rsstfree=1
p28#206109 28 1,2,3,4,5;0,5,6,7,8,9,2;0,1,9,10,3;0,2,10,11,12,4;0,3,12,13,14,15,5;0,4,15,6,1;1,5,15,16,7;1,6,16,17,8;1,7,17,18,9;1,8,18,10,2;2,9,18,19,20,11,3;3,10,20,21,12;3,11,21,13,4;4,12,21,22,14;4,13,22,23,15;4,14,23,16,6,5;6,15,23,24,17,7;7,16,24,25,18,8;8,17,25,19,10,9;10,18,25,26,20;10,19,26,21,11;11,20,26,27,22,13,12;13,21,27,23,14;14,22,27,24,16,15;16,23,27,25,17;17,24,27,26,19,18;19,25,27,21,20;21,26,25,24,23,22 appfree=1 rsstfree=1
p28#213130 28 1,2,3,4,5;0,5,6,7,8,9,10,2;0,1,10,11,3;0,2,11,12,4;0,3,12,13,14,15,16,5;0,4,16,6,1;1,5,16,17,7;1,6,17,18,8;1,7,18,19,9;1,8,19,20,10;1,9,20,11,2;2,10,20,21,22,23,12,3;3,11,23,13,4;4,12,23,24,14;4,13,24,25,15;4,14,25,17,16;4,15,17,6,5;6,16,15,25,26,18,7;7,17,26,19,8;8,18,26,27,21,20,9;9,19,21,11,10;11,20,19,27,22;11,21,27,24,23;11,22,24,13,12;13,23,22,27,26,25,14;14,24,26,17,15;17,25,24,27,19,18;19,26,24,22,21 appfree=1 rsstfree=1
p28#215707 28 1,2,3,4,5;0,5,6,7,2;0,1,7,8,9,3;0,2,9,10,11,12,4;0,3,12,13,14,5;0,4,14,6,1;1,5,14,15,16,7;1,6,16,17,18,8,2;2,7,18,19,9;2,8,19,10,3;3,9,19,20,11;3,10,20,21,12;3,11,21,13,4;4,12,21,22,14;4,13,22,23,15,6,5;6,14,23,24,16;6,15,24,17,7;7,16,24,25,18;7,17,25,19,8;8,18,25,26,20,10,9;10,19,26,21,11;11,20,26,27,22,13,12;13,21,27,23,14;14,22,27,24,15;15,23,27,26,25,17,16;17,24,26,19,18;19,25,24,27,21,20;21,26,24,23,22 appfree=1 rsstfree=1
p28#215709 28 1,2,3,4,5;0,5,6,7,8,9,2;0,1,9,10,11,3;0,2,11,12,4;0,3,12,13,14,15,5;0,4,15,6,1;1,5,15,16,7;1,6,16,17,8;1,7,17,18,9;1,8,18,10,2;2,9,18,19,11;2,10,19,20,21,12,3;3,11,21,13,4;4,12,21,22,23,14;4,13,23,24,15;4,14,24,16,6,5;6,15,24,25,17,7;7,16,25,26,18,8;8,17,26,27,19,10,9;10,18,27,20,11;11,19,27,22,21;11,20,22,13,12;13,21,20,27,26,25,23;13,22,25,24,14;14,23,25,16,15;16,24,23,22,26,17;17,25,22,27,18;18,26,22,20,19 appfree=1 rsstfree=1
p28#215717 28 1,2,3,4,5;0,5,6,7,8,9,2;0,1,9,10,11,3;0,2,11,12,4;0,3,12,13,14,15,16,5;0,4,16,6,1;1,5,16,17,7;1,6,17,18,8;1,7,18,19,9;1,8,19,10,2;2,9,19,20,11;2,10,20,21,22,12,3;3,11,22,13,4;4,12,22,23,14;4,13,23,24,15;4,14,24,17,16;4,15,17,6,5;6,16,15,24,25,18,7;7,17,25,19,8;8,18,25,26,27,20,10,9;10,19,27,21,11;11,20,27,23,22;11,21,23,13,12;13,22,21,27,26,24,14;14,23,26,25,17,15;17,24,26,19,18;19,25,24,23,27;19,26,23,21,20 appfree=1 rsstfree=1
p28#216801 28 1,2,3,4,5,6;0,6,7,8,9,10,2;0,1,10,11,3;0,2,11,12,4;0,3,12,13,14,15,5;0,4,15,16,6;0,5,16,7,1;1,6,16,17,18,8;1,7,18,19,9;1,8,19,20,10;1,9,20,11,2;2,10,20,21,22,23,12,3;3,11,23,13,4;4,12,23,24,14;4,13,24,25,15;4,14,25,17,16,5;5,15,17,7,6;7,16,15,25,26,18;7,17,26,19,8;8,18,26,27,21,20,9;9,19,21,11,10;11,20,19,27,22;11,21,27,24,23;11,22,24,13,12;13,23,22,27,26,25,14;14,24,26,17,15;17,25,24,27,19,18;19,26,24,22,21 appfree=1 rsstfree=1
p28#216807 28 1,2,3,4,5;0,5,6,7,8,9,2;0,1,9,10,3;0,2,10,11,12,13,14,4;0,3,14,15,5;0,4,15,6,1;1,5,15,16,7;1,6,16,17,8;1,7,17,18,9;1,8,18,19,10,2;2,9,19,11,3;3,10,19,20,12;3,11,20,21,13;3,12,21,22,14;3,13,22,15,4;4,14,22,23,16,6,5;6,15,23,24,17,7;7,16,24,25,26,18,8;8,17,26,19,9;9,18,26,20,11,10;11,19,26,25,21,12;12,20,25,27,22,13;13,21,27,23,15,14;15,22,27,24,16;16,23,27,25,17;17,24,27,21,20,26;17,25,20,19,18;21,25,24,23,22 appfree=1 rsstfree=1
p28#216817 28 1,2,3,4,5;0,5,6,7,8,9,2;0,1,9,10,3;0,2,10,11,4;0,3,11,12,13,14,5;0,4,14,6,1;1,5,14,15,16,7;1,6,16,17,8;1,7,17,18,19,9;1,8,19,10,2;2,9,19,20,21,22,11,3;3,10,22,12,4;4,11,22,23,13;4,12,23,24,14;4,13,24,15,6,5;6,14,24,25,26,16;6,15,26,17,7;7,16,26,18,8;8,17,26,27,20,19;8,18,20,10,9;10,19,18,27,21;10,20,27,23,22;10,21,23,12,11;12,22,21,27,25,24,13;13,23,25,15,14;15,24,23,27,26;15,25,27,18,17,16;18,26,25,23,21,20 appfree=1 rsstfree=1
p28#216977 28 1,2,3,4,5;0,5,6,7,8,9,2;0,1,9,10,11,3;0,2,11,12,4;0,3,12,13,14,15,16,5;0,4,16,6,1;1,5,16,17,7;1,6,17,18,8;1,7,18,19,9;1,8,19,10,2;2,9,19,20,11;2,10,20,21,22,12,3;3,11,22,13,4;4,12,22,23,14;4,13,23,24,15;4,14,24,17,16;4,15,17,6,5;6,16,15,24,25,26,18,7;7,17,26,19,8;8,18,26,27,20,10,9;10,19,27,21,11;11,20,27,23,22;11,21,23,13,12;13,22,21,27,25,24,14;14,23,25,17,15;17,24,23,27,26;17,25,27,19,18;19,26,25,23,21,20 appfree=1 rsstfree=1
p28#216978 28 1,2,3,4,5;0,5,6,7,8,9,2;0,1,9,10,3;0,2,10,11,12,13,14,4;0,3,14,15,5;0,4,15,6,1;1,5,15,16,7;1,6,16,17,8;1,7,17,18,9;1,8,18,19,10,2;2,9,19,11,3;3,10,19,20,12;3,11,20,21,13;3,12,21,22,14;3,13,22,15,4;4,14,22,23,24,16,6,5;6,15,24,17,7;7,16,24,25,26,27,18,8;8,17,27,19,9;9,18,27,20,11,10;11,19,27,26,21,12;12,20,26,25,23,22,13;13,21,23,15,14;15,22,21,25,24;15,23,25,17,16;17,24,23,21,26;17,25,21,20,27;17,26,20,19,18 appfree=1 rsstfree=1
p28#216983 28 1,2,3,4,5;0,5,6,7,8,9,2;0,1,9,10,11,3;0,2,11,12,4;0,3,12,13,14,15,5;0,4,15,6,1;1,5,15,16,7;1,6,16,17,8;1,7,17,18,9;1,8,18,10,2;2,9,18,19,11;2,10,19,20,21,12,3;3,11,21,13,4;4,12,21,22,14;4,13,22,23,24,15;4,14,24,16,6,5;6,15,24,25,17,7;7,16,25,26,18,8;8,17,26,27,19,10,9;10,18,27,20,11;11,19,27,22,21;11,20,22,13,12;13,21,20,27,26,23,14;14,22,26,25,24;14,23,25,16,15;16,24,23,26,17;17,25,23,22,27,18;18,26,22,20,19 appfree=1 rsstfree=1
p28#218651 28 1,2,3,4,5;0,5,6,7,8,2;0,1,8,9,10,3;0,2,10,11,12,4;0,3,12,13,5;0,4,13,14,6,1;1,5,14,15,7;1,6,15,16,17,18,8;1,7,18,9,2;2,8,18,19,20,10;2,9,20,11,3;3,10,20,21,12;3,11,21,22,13,4;4,12,22,23,14,5;5,13,23,15,6;6,14,23,16,7;7,15,23,24,17;7,16,24,25,18;7,17,25,19,9,8;9,18,25,26,20;9,19,26,21,11,10;11,20,26,27,22,12;12,21,27,23,13;13,22,27,24,16,15,14;16,23,27,25,17;17,24,27,26,19,18;19,25,27,21,20;21,26,25,24,23,22 appfree=1 rsstfree=1
p28#223072 28 1,2,3,4,5,6;0,6,7,8,2;0,1,8,9,3;0,2,9,10,11,4;0,3,11,12,13,5;0,4,13,14,6;0,5,14,15,7,1;1,6,15,16,8;1,7,16,17,18,19,9,2;2,8,19,10,3;3,9,19,20,21,11;3,10,21,22,12,4;4,11,22,23,24,13;4,12,24,14,5;5,13,24,15,6;6,14,24,25,16,7;7,15,25,17,8;8,16,25,26,18;8,17,26,20,19;8,18,20,10,9;10,19,18,26,27,21;10,20,27,22,11;11,21,27,23,12;12,22,27,26,25,24;12,23,25,15,14,13;15,24,23,26,17,16;17,25,23,27,20,18;20,26,23,22,21 appfree=1 rsstfree=1
p28#223136 28 1,2,3,4,5,6;0,6,7,8,9,2;0,1,9,10,3;0,2,10,11,12,13,4;0,3,13,14,5;0,4,14,15,6;0,5,15,16,7,1;1,6,16,17,8;1,7,17,18,19,20,9;1,8,20,10,2;2,9,20,11,3;3,10,20,21,22,12;3,11,22,23,13;3,12,23,24,14,4;4,13,24,15,5;5,14,24,25,16,6;6,15,25,17,7;7,16,25,18,8;8,17,25,26,19;8,18,26,21,20;8,19,21,11,10,9;11,20,19,26,27,22;11,21,27,23,12;12,22,27,24,13;13,23,27,25,15,14;15,24,27,26,18,17,16;18,25,27,21,19;21,26,25,24,23,22 appfree=1 rsstfree=1
p28#224952 28 1,2,3,4,5,6;0,6,7,8,9,2;0,1,9,10,3;0,2,10,11,4;0,3,11,12,13,5;0,4,13,14,6;0,5,14,7,1;1,6,14,15,16,8;1,7,16,17,18,9;1,8,18,19,10,2;2,9,19,20,21,11,3;3,10,21,12,4;4,11,21,22,23,13;4,12,23,15,14,5;5,13,15,7,6;7,14,13,23,24,25,16;7,15,25,17,8;8,16,25,26,27,18;8,17,27,19,9;9,18,27,20,10;10,19,27,26,22,21;10,20,22,12,11;12,21,20,26,24,23;12,22,24,15,13;15,23,22,26,25;15,24,26,17,16;17,25,24,22,20,27;17,26,20,19,18 appfree=1 rsstfree=1
p28#224965 28 1,2,3,4,5;0,5,6,7,2;0,1,7,8,3;0,2,8,9,10,4;0,3,10,11,12,5;0,4,12,13,6,1;1,5,13,14,15,16,7;1,6,16,17,8,2;2,7,17,18,19,9,3;3,8,19,20,10;3,9,20,21,11,4;4,10,21,22,12;4,11,22,13,5;5,12,22,14,6;6,13,22,23,15;6,14,23,24,25,16;6,15,25,17,7;7,16,25,18,8;8,17,25,24,26,19;8,18,26,20,9;9,19,26,21,10;10,20,26,27,22,11;11,21,27,23,14,13,12;14,22,27,24,15;15,23,27,26,18,25;15,24,18,17,16;18,24,27,21,20,19;21,26,24,23,22 appfree=1 rsstfree=1
p28#225063 28 1,2,3,4,5,6;0,6,7,8,2;0,1,8,9,10,11,3;0,2,11,12,4;0,3,12,13,5;0,4,13,14,15,6;0,5,15,7,1;1,6,15,16,17,18,8;1,7,18,9,2;2,8,18,19,20,10;2,9,20,21,11;2,10,21,22,12,3;3,11,22,13,4;4,12,22,23,24,14,5;5,13,24,25,16,15;5,14,16,7,6;7,15,14,25,17;7,16,25,19,18;7,17,19,9,8;9,18,17,25,26,27,20;9,19,27,21,10;10,20,27,22,11;11,21,27,23,13,12;13,22,27,26,24;13,23,26,25,14;14,24,26,19,17,16;19,25,24,23,27;19,26,23,22,21,20 appfree=1 rsstfree=1
p28#228371 28 1,2,3,4,5;0,5,6,7,8,9,2;0,1,9,10,3;0,2,10,11,4;0,3,11,12,13,14,5;0,4,14,6,1;1,5,14,15,7;1,6,15,16,17,18,8;1,7,18,19,9;1,8,19,10,2;2,9,19,20,21,11,3;3,10,21,12,4;4,11,21,22,13;4,12,22,23,14;4,13,23,24,15,6,5;6,14,24,16,7;7,15,24,25,17;7,16,25,26,18;7,17,26,19,8;8,18,26,27,20,10,9;10,19,27,22,21;10,20,22,12,11;12,21,20,27,25,23,13;13,22,25,24,14;14,23,25,16,15;16,24,23,22,27,26,17;17,25,27,19,18;19,26,25,22,20 appfree=1 rsstfree=1
p28#228549 28 1,2,3,4,5;0,5,6,7,8,2;0,1,8,9,3;0,2,9,10,11,4;0,3,11,12,13,5;0,4,13,14,6,1;1,5,14,15,16,7;1,6,16,17,8;1,7,17,18,9,2;2,8,18,19,10,3;3,9,19,20,11;3,10,20,21,12,4;4,11,21,22,13;4,12,22,14,5;5,13,22,15,6;6,14,22,23,16;6,15,23,24,25,17,7;7,16,25,18,8;8,17,25,26,19,9;9,18,26,20,10;10,19,26,27,21,11;11,20,27,22,12;12,21,27,23,15,14,13;15,22,27,24,16;16,23,27,26,25;16,24,26,18,17;18,25,24,27,20,19;20,26,24,23,22,21 appfree=1 rsstfree=1
p28#228550 28 1,2,3,4,5;0,5,6,7,2;0,1,7,8,3;0,2,8,9,10,4;0,3,10,11,12,5;0,4,12,13,14,6,1;1,5,14,15,16,7;1,6,16,17,8,2;2,7,17,18,9,3;3,8,18,19,10;3,9,19,20,11,4;4,10,20,21,12;4,11,21,13,5;5,12,21,22,14;5,13,22,15,6;6,14,22,23,24,25,16;6,15,25,17,7;7,16,25,26,18,8;8,17,26,19,9;9,18,26,27,20,10;10,19,27,21,11;11,20,27,23,22,13,12;13,21,23,15,14;15,22,21,27,24;15,23,27,26,25;15,24,26,17,16;17,25,24,27,19,18;19,26,24,23,21,20 appfree=1 rsstfree=1
p28#244434 28 1,2,3,4,5;0,5,6,7,8,2;0,1,8,9,10,3;0,2,10,11,12,4;0,3,12,13,14,5;0,4,14,6,1;1,5,14,15,16,7;1,6,16,17,8;1,7,17,9,2;2,8,17,18,19,10;2,9,19,20,11,3;3,10,20,21,12;3,11,21,13,4;4,12,21,22,14;4,13,22,15,6,5;6,14,22,23,16;6,15,23,24,17,7;7,16,24,18,9,8;9,17,24,25,19;9,18,25,26,20,10;10,19,26,21,11;11,20,26,27,22,13,12;13,21,27,23,15,14;15,22,27,25,24,16;16,23,25,18,17;18,24,23,27,26,19;19,25,27,21,20;21,26,25,23,22 appfree=1 rsstfree=1
p28#245645 28 1,2,3,4,5;0,5,6,7,8,9,2;0,1,9,10,3;0,2,10,11,4;0,3,11,12,13,14,5;0,4,14,6,1;1,5,14,15,16,7;1,6,16,17,8;1,7,17,18,9;1,8,18,10,2;2,9,18,19,20,11,3;3,10,20,21,12,4;4,11,21,22,13;4,12,22,23,15,14;4,13,15,6,5;6,14,13,23,24,16;6,15,24,17,7;7,16,24,25,26,19,18,8;8,17,19,10,9;10,18,17,26,20;10,19,26,27,21,11;11,20,27,22,12;12,21,27,23,13;13,22,27,25,24,15;15,23,25,17,16;17,24,23,27,26;17,25,27,20,19;20,26,25,23,22,21 appfree=1 rsstfree=1
p28#245649 28 1,2,3,4,5;0,5,6,7,8,9,10,2;0,1,10,11,3;0,2,11,12,13,14,4;0,3,14,15,5;0,4,15,6,1;1,5,15,16,7;1,6,16,17,8;1,7,17,18,9;1,8,18,19,10;1,9,19,11,2;2,10,19,20,12,3;3,11,20,21,13;3,12,21,22,14;3,13,22,15,4;4,14,22,23,16,6,5;6,15,23,24,17,7;7,16,24,25,18,8;8,17,25,26,19,9;9,18,26,20,11,10;11,19,26,27,21,12;12,20,27,24,23,22,13;13,21,23,15,14;15,22,21,24,16;16,23,21,27,25,17;17,24,27,26,18;18,25,27,20,19;20,26,25,24,21 appfree=1 rsstfree=1
p28#257527 28 1,2,3,4,5,6;0,6,7,8,9,2;0,1,9,10,3;0,2,10,11,4;0,3,11,12,13,5;0,4,13,14,6;0,5,14,15,7,1;1,6,15,16,8;1,7,16,17,18,19,9;1,8,19,10,2;2,9,19,20,21,11,3;3,10,21,12,4;4,11,21,22,23,13;4,12,23,24,25,14,5;5,13,25,15,6;6,14,25,26,16,7;7,15,26,17,8;8,16,26,27,18;8,17,27,22,20,19;8,18,20,10,9;10,19,18,22,21;10,20,22,12,11;12,21,20,18,27,23;12,22,27,24,13;13,23,27,26,25;13,24,26,15,14;15,25,24,27,17,16;17,26,24,23,22,18 appfree=1 rsstfree=1
p28#258606 28 1,2,3,4,5,6;0,6,7,8,9,10,2;0,1,10,11,3;0,2,11,12,4;0,3,12,13,14,5;0,4,14,15,6;0,5,15,7,1;1,6,15,16,17,8;1,7,17,18,9;1,8,18,19,10;1,9,19,11,2;2,10,19,20,21,12,3;3,11,21,22,13,4;4,12,22,23,24,14;4,13,24,16,15,5;5,14,16,7,6;7,15,14,24,25,17;7,16,25,26,18,8;8,17,26,27,20,19,9;9,18,20,11,10;11,19,18,27,21;11,20,27,22,12;12,21,27,26,23,13;13,22,26,25,24;13,23,25,16,14;16,24,23,26,17;17,25,23,22,27,18;18,26,22,21,20 appfree=1 rsstfree=1
p28#259533 28 1,2,3,4,5,6;0,6,7,8,9,2;0,1,9,10,3;0,2,10,11,12,4;0,3,12,13,14,5;0,4,14,15,6;0,5,15,7,1;1,6,15,16,17,18,8;1,7,18,19,20,9;1,8,20,10,2;2,9,20,21,11,3;3,10,21,22,12;3,11,22,13,4;4,12,22,23,14;4,13,23,24,16,15,5;5,14,16,7,6;7,15,14,24,17;7,16,24,25,26,18;7,17,26,19,8;8,18,26,27,20;8,19,27,21,10,9;10,20,27,22,11;11,21,27,25,23,13,12;13,22,25,24,14;14,23,25,17,16;17,24,23,22,27,26;17,25,27,19,18;19,26,25,22,21,20 appfree=1 rsstfree=1
p28#259966 28 1,2,3,4,5;0,5,6,7,8,9,2;0,1,9,10,3;0,2,10,11,4;0,3,11,12,13,14,5;0,4,14,6,1;1,5,14,15,7;1,6,15,16,17,18,8;1,7,18,19,9;1,8,19,10,2;2,9,19,20,21,11,3;3,10,21,12,4;4,11,21,22,23,13;4,12,23,24,14;4,13,24,25,15,6,5;6,14,25,16,7;7,15,25,26,17;7,16,26,27,18;7,17,27,20,19,8;8,18,20,10,9;10,19,18,27,22,21;10,20,22,12,11;12,21,20,27,26,23;12,22,26,24,13;13,23,26,25,14;14,24,26,16,15;16,25,24,23,22,27,17;17,26,22,20,18 appfree=1 rsstfree=1
p28#267792 28 1,2,3,4,5;0,5,6,7,8,2;0,1,8,9,3;0,2,9,10,4;0,3,10,11,12,5;0,4,12,13,6,1;1,5,13,14,15,7;1,6,15,16,17,8;1,7,17,18,9,2;2,8,18,19,10,3;3,9,19,20,11,4;4,10,20,21,12;4,11,21,13,5;5,12,21,22,14,6;6,13,22,23,15;6,14,23,16,7;7,15,23,24,25,17;7,16,25,18,8;8,17,25,26,19,9;9,18,26,20,10;10,19,26,27,21,11;11,20,27,22,13,12;13,21,27,24,23,14;14,22,24,16,15;16,23,22,27,26,25;16,24,26,18,17;18,25,24,27,20,19;20,26,24,22,21 appfree=1 rsstfree=1
p28#282373 28 1,2,3,4,5;0,5,6,7,8,2;0,1,8,9,3;0,2,9,10,4;0,3,10,11,12,5;0,4,12,13,6,1;1,5,13,14,7;1,6,14,15,16,17,8;1,7,17,18,9,2;2,8,18,19,10,3;3,9,19,20,11,4;4,10,20,21,22,23,12;4,11,23,13,5;5,12,23,24,14,6;6,13,24,15,7;7,14,24,25,16;7,15,25,26,17;7,16,26,18,8;8,17,26,19,9;9,18,26,20,10;10,19,26,21,11;11,20,26,27,22;11,21,27,24,23;11,22,24,13,12;13,23,22,27,25,15,14;15,24,27,26,16;16,25,27,21,20,19,18,17;21,26,25,24,22 appfree=1 rsstfree=1
p28#285527 28 1,2,3,4,5;0,5,6,7,8,2;0,1,8,9,10,3;0,2,10,11,4;0,3,11,12,5;0,4,12,13,14,6,1;1,5,14,15,7;1,6,15,16,17,8;1,7,17,9,2;2,8,17,18,10;2,9,18,19,11,3;3,10,19,20,21,12,4;4,11,21,13,5;5,12,21,22,14;5,13,22,15,6;6,14,22,23,24,16,7;7,15,24,25,17;7,16,25,18,9,8;9,17,25,26,19,10;10,18,26,20,11;11,19,26,27,21;11,20,27,22,13,12;13,21,27,23,15,14;15,22,27,26,24;15,23,26,25,16;16,24,26,18,17;18,25,24,23,27,20,19;20,26,23,22,21 appfree=1 rsstfree=1
p28#316472 28 1,2,3,4,5,6;0,6,7,8,9,10,2;0,1,10,11,3;0,2,11,12,4;0,3,12,13,14,5;0,4,14,15,6;0,5,15,16,7,1;1,6,16,17,8;1,7,17,18,9;1,8,18,19,10;1,9,19,11,2;2,10,19,20,21,12,3;3,11,21,13,4;4,12,21,22,23,14;4,13,23,15,5;5,14,23,16,6;6,15,23,24,17,7;7,16,24,25,18,8;8,17,25,26,19,9;9,18,26,20,11,10;11,19,26,22,21;11,20,22,13,12;13,21,20,26,27,23;13,22,27,24,16,15,14;16,23,27,25,17;17,24,27,26,18;18,25,27,22,20,19;22,26,25,24,23 appfree=1 rsstfree=1
p28#316544 28 1,2,3,4,5,6;0,6,7,8,9,2;0,1,9,10,3;0,2,10,11,12,4;0,3,12,13,5;0,4,13,14,6;0,5,14,15,7,1;1,6,15,16,8;1,7,16,17,18,9;1,8,18,10,2;2,9,18,19,11,3;3,10,19,20,12;3,11,20,21,13,4;4,12,21,22,14,5;5,13,22,23,15,6;6,14,23,16,7;7,15,23,24,17,8;8,16,24,25,18;8,17,25,19,10,9;10,18,25,26,20,11;11,19,26,21,12;12,20,26,27,22,13;13,21,27,23,14;14,22,27,24,16,15;16,23,27,26,25,17;17,24,26,19,18;19,25,24,27,21,20;21,26,24,23,22 appfree=1 rsstfree=1
p28#341792 28 1,2,3,4,5,6;0,6,7,8,9,2;0,1,9,10,3;0,2,10,11,12,4;0,3,12,13,5;0,4,13,14,15,6;0,5,15,7,1;1,6,15,16,17,18,8;1,7,18,19,20,9;1,8,20,10,2;2,9,20,11,3;3,10,20,21,22,12;3,11,22,23,24,13,4;4,12,24,14,5;5,13,24,25,16,15;5,14,16,7,6;7,15,14,25,17;7,16,25,26,18;7,17,26,27,19,8;8,18,27,21,20;8,19,21,11,10,9;11,20,19,27,22;11,21,27,26,23,12;12,22,26,25,24;12,23,25,14,13;14,24,23,26,17,16;17,25,23,22,27,18;18,26,22,21,19 appfree=1 rsstfree=1
p28#347804 28 1,2,3,4,5,6;0,6,7,8,9,2;0,1,9,10,3;0,2,10,11,12,4;0,3,12,13,5;0,4,13,14,15,6;0,5,15,7,1;1,6,15,16,17,8;1,7,17,18,19,20,9;1,8,20,10,2;2,9,20,11,3;3,10,20,21,22,12;3,11,22,13,4;4,12,22,23,14,5;5,13,23,24,15;5,14,24,16,7,6;7,15,24,25,17;7,16,25,18,8;8,17,25,26,27,19;8,18,27,21,20;8,19,21,11,10,9;11,20,19,27,22;11,21,27,26,23,13,12;13,22,26,24,14;14,23,26,25,16,15;16,24,26,18,17;18,25,24,23,22,27;18,26,22,21,19 appfree=1 rsstfree=1
p28#348621 28 1,2,3,4,5,6;0,6,7,8,2;0,1,8,9,3;0,2,9,10,11,4;0,3,11,12,5;0,4,12,13,14,6;0,5,14,15,7,1;1,6,15,16,17,18,8;1,7,18,9,2;2,8,18,19,20,10,3;3,9,20,21,11;3,10,21,22,12,4;4,11,22,13,5;5,12,22,23,24,14;5,13,24,15,6;6,14,24,16,7;7,15,24,25,26,17;7,16,26,19,18;7,17,19,9,8;9,18,17,26,20;9,19,26,27,21,10;10,20,27,22,11;11,21,27,23,13,12;13,22,27,25,24;13,23,25,16,15,14;16,24,23,27,26;16,25,27,20,19,17;20,26,25,23,22,21 appfree=1 rsstfree=1
p28#349538 28 1,2,3,4,5,6;0,6,7,8,9,2;0,1,9,10,3;0,2,10,11,4;0,3,11,12,13,5;0,4,13,14,15,6;0,5,15,7,1;1,6,15,16,17,8;1,7,17,18,9;1,8,18,19,10,2;2,9,19,11,3;3,10,19,20,12,4;4,11,20,21,22,13;4,12,22,14,5;5,13,22,23,16,15;5,14,16,7,6;7,15,14,23,24,17;7,16,24,25,18,8;8,17,25,26,19,9;9,18,26,20,11,10;11,19,26,21,12;12,20,26,25,27,22;12,21,27,23,14,13;14,22,27,24,16;16,23,27,25,17;17,24,27,21,26,18;18,25,21,20,19;21,25,24,23,22 appfree=1 rsstfree=1
p28#349539 28 1,2,3,4,5,6;0,6,7,8,9,2;0,1,9,10,3;0,2,10,11,4;0,3,11,12,13,5;0,4,13,14,15,6;0,5,15,7,1;1,6,15,16,17,8;1,7,17,18,9;1,8,18,19,20,10,2;2,9,20,11,3;3,10,20,21,12,4;4,11,21,22,23,13;4,12,23,14,5;5,13,23,24,16,15;5,14,16,7,6;7,15,14,24,25,17;7,16,25,18,8;8,17,25,19,9;9,18,25,26,27,20;9,19,27,21,11,10;11,20,27,22,12;12,21,27,26,23;12,22,26,24,14,13;14,23,26,25,16;16,24,26,19,18,17;19,25,24,23,22,27;19,26,22,21,20 appfree=1 rsstfree=1
p28#368131 28 1,2,3,4,5,6;0,6,7,8,9,2;0,1,9,10,3;0,2,10,11,12,4;0,3,12,13,14,5;0,4,14,15,6;0,5,15,7,1;1,6,15,16,17,8;1,7,17,18,19,9;1,8,19,10,2;2,9,19,11,3;3,10,19,20,21,12;3,11,21,22,13,4;4,12,22,23,24,14;4,13,24,16,15,5;5,14,16,7,6;7,15,14,24,25,17;7,16,25,26,18,8;8,17,26,27,20,19;8,18,20,11,10,9;11,19,18,27,21;11,20,27,22,12;12,21,27,26,23,13;13,22,26,25,24;13,23,25,16,14;16,24,23,26,17;17,25,23,22,27,18;18,26,22,21,20 appfree=1 rsstfree=1
p28#495187 28 1,2,3,4,5;0,5,6,7,8,2;0,1,8,9,3;0,2,9,10,4;0,3,10,11,12,5;0,4,12,13,6,1;1,5,13,14,15,7;1,6,15,16,17,8;1,7,17,18,9,2;2,8,18,19,20,10,3;3,9,20,21,11,4;4,10,21,22,12;4,11,22,13,5;5,12,22,23,14,6;6,13,23,24,15;6,14,24,16,7;7,15,24,25,26,17;7,16,26,18,8;8,17,26,19,9;9,18,26,25,27,20;9,19,27,21,10;10,20,27,23,22,11;11,21,23,13,12;13,22,21,27,25,24,14;14,23,25,16,15;16,24,23,27,19,26;16,25,19,18,17;19,25,23,21,20 appfree=1 rsstfree=1
p28#546088 28 1,2,3,4,5;0,5,6,7,8,9,2;0,1,9,10,3;0,2,10,11,4;0,3,11,12,13,14,5;0,4,14,6,1;1,5,14,15,7;1,6,15,16,17,8;1,7,17,18,9;1,8,18,10,2;2,9,18,19,20,11,3;3,10,20,12,4;4,11,20,21,13;4,12,21,22,14;4,13,22,15,6,5;6,14,22,23,16,7;7,15,23,24,17;7,16,24,25,18,8;8,17,25,19,10,9;10,18,25,26,20;10,19,26,27,21,12,11;12,20,27,22,13;13,21,27,23,15,14;15,22,27,24,16;16,23,27,26,25,17;17,24,26,19,18;19,25,24,27,20;20,26,24,23,22,21 appfree=1 rsstfree=1
p28#546090 28 1,2,3,4,5;0,5,6,7,8,9,2;0,1,9,10,3;0,2,10,11,4;0,3,11,12,13,14,5;0,4,14,6,1;1,5,14,15,7;1,6,15,16,17,8;1,7,17,18,9;1,8,18,10,2;2,9,18,19,20,11,3;3,10,20,21,12,4;4,11,21,22,13;4,12,22,23,14;4,13,23,15,6,5;6,14,23,24,16,7;7,15,24,25,17;7,16,25,19,18,8;8,17,19,10,9;10,18,17,25,26,20;10,19,26,21,11;11,20,26,27,22,12;12,21,27,23,13;13,22,27,24,15,14;15,23,27,25,16;16,24,27,26,19,17;19,25,27,21,20;21,26,25,24,23,22 appfree=1 rsstfree=1
p28#546102 28 1,2,3,4,5;0,5,6,7,8,9,2;0,1,9,10,3;0,2,10,11,4;0,3,11,12,13,14,5;0,4,14,6,1;1,5,14,15,7;1,6,15,16,17,8;1,7,17,18,9;1,8,18,10,2;2,9,18,19,20,11,3;3,10,20,12,4;4,11,20,21,13;4,12,21,22,14;4,13,22,15,6,5;6,14,22,23,16,7;7,15,23,24,17;7,16,24,25,18,8;8,17,25,19,10,9;10,18,25,26,20;10,19,26,21,12,11;12,20,26,27,22,13;13,21,27,23,15,14;15,22,27,24,16;16,23,27,25,17;17,24,27,26,19,18;19,25,27,21,20;21,26,25,24,23,22 appfree=1 rsstfree=1
p28#634040 28 1,2,3,4,5,6;0,6,7,8,2;0,1,8,9,3;0,2,9,10,11,4;0,3,11,12,5;0,4,12,13,6;0,5,13,14,7,1;1,6,14,15,16,8;1,7,16,17,18,9,2;2,8,18,10,3;3,9,18,19,20,11;3,10,20,21,12,4;4,11,21,13,5;5,12,21,22,23,14,6;6,13,23,15,7;7,14,23,24,25,16;7,15,25,17,8;8,16,25,26,18;8,17,26,19,10,9;10,18,26,27,20;10,19,27,21,11;11,20,27,22,13,12;13,21,27,24,23;13,22,24,15,14;15,23,22,27,26,25;15,24,26,17,16;17,25,24,27,19,18;19,26,24,22,21,20 appfree=1 rsstfree=1
p28#634043 28 1,2,3,4,5,6,7;0,7,8,9,2;0,1,9,10,3;0,2,10,11,12,4;0,3,12,13,5;0,4,13,14,6;0,5,14,15,7;0,6,15,8,1;1,7,15,16,17,18,9;1,8,18,10,2;2,9,18,19,20,11,3;3,10,20,21,12;3,11,21,22,13,4;4,12,22,23,14,5;5,13,23,24,16,15,6;6,14,16,8,7;8,15,14,24,25,17;8,16,25,19,18;8,17,19,10,9;10,18,17,25,26,20;10,19,26,21,11;11,20,26,22,12;12,21,26,27,23,13;13,22,27,24,14;14,23,27,25,16;16,24,27,26,19,17;19,25,27,22,21,20;22,26,25,24,23 appfree=1 rsstfree=1
p28#668116 28 1,2,3,4,5,6,7;0,7,8,9,10,2;0,1,10,11,3;0,2,11,12,4;0,3,12,13,5;0,4,13,14,6;0,5,14,15,7;0,6,15,8,1;1,7,15,16,17,9;1,8,17,18,10;1,9,18,19,11,2;2,10,19,20,12,3;3,11,20,21,22,13,4;4,12,22,23,14,5;5,13,23,24,15,6;6,14,24,16,8,7;8,15,24,25,26,17;8,16,26,18,9;9,17,26,19,10;10,18,26,27,20,11;11,19,27,21,12;12,20,27,25,22;12,21,25,23,13;13,22,25,24,14;14,23,25,16,15;16,24,23,22,21,27,26;16,25,27,19,18,17;19,26,25,21,20 appfree=1 rsstfree=1
p28#878595 28 1,2,3,4,5,6,7;0,7,8,9,10,2;0,1,10,11,12,3;0,2,12,13,4;0,3,13,14,5;0,4,14,15,16,6;0,5,16,17,7;0,6,17,8,1;1,7,17,18,19,9;1,8,19,20,10;1,9,20,21,11,2;2,10,21,22,12;2,11,22,23,13,3;3,12,23,14,4;4,13,23,24,15,5;5,14,24,25,16;5,15,25,18,17,6;6,16,18,8,7;8,17,16,25,26,19;8,18,26,20,9;9,19,26,21,10;10,20,26,27,22,11;11,21,27,23,12;12,22,27,24,14,13;14,23,27,25,15;15,24,27,26,18,16;18,25,27,21,20,19;21,26,25,24,23,22 appfree=1 rsstfree=1
p28#1022783 28 1,2,3,4,5,6;0,6,7,8,9,10,2;0,1,10,11,12,3;0,2,12,13,4;0,3,13,14,15,5;0,4,15,16,6;0,5,16,7,1;1,6,16,17,18,8;1,7,18,19,20,9;1,8,20,21,10;1,9,21,11,2;2,10,21,22,23,12;2,11,23,13,3;3,12,23,14,4;4,13,23,24,25,15;4,14,25,17,16,5;5,15,17,7,6;7,16,15,25,26,18;7,17,26,19,8;8,18,26,27,20;8,19,27,22,21,9;9,20,22,11,10;11,21,20,27,24,23;11,22,24,14,13,12;14,23,22,27,25;14,24,27,26,17,15;17,25,27,19,18;19,26,25,24,22,20 appfree=1 rsstfree=1
p28#1049835 28 1,2,3,4,5;0,5,6,7,8,2;0,1,8,9,10,3;0,2,10,11,4;0,3,11,12,5;0,4,12,13,6,1;1,5,13,14,15,7;1,6,15,16,8;1,7,16,9,2;2,8,16,17,18,10;2,9,18,19,11,3;3,10,19,20,21,12,4;4,11,21,22,13,5;5,12,22,14,6;6,13,22,23,24,15;6,14,24,16,7;7,15,24,25,17,9,8;9,16,25,26,18;9,17,26,19,10;10,18,26,20,11;11,19,26,27,21;11,20,27,22,12;12,21,27,23,14,13;14,22,27,26,25,24;14,23,25,16,15;16,24,23,26,17;17,25,23,27,20,19,18;20,26,23,22,21 appfree=1 rsstfree=1
p28#1050742 28 1,2,3,4,5;0,5,6,7,8,9,2;0,1,9,10,11,3;0,2,11,12,4;0,3,12,13,5;0,4,13,14,6,1;1,5,14,15,7;1,6,15,16,8;1,7,16,17,9;1,8,17,18,10,2;2,9,18,19,11;2,10,19,20,12,3;3,11,20,21,13,4;4,12,21,22,14,5;5,13,22,23,15,6;6,14,23,24,16,7;7,15,24,25,17,8;8,16,25,26,18,9;9,17,26,19,10;10,18,26,20,11;11,19,26,27,21,12;12,20,27,22,13;13,21,27,23,14;14,22,27,24,15;15,23,27,25,16;16,24,27,26,17;17,25,27,20,19,18;20,26,25,24,23,22,21 appfree=1 rsstfree=1
p28#1050744 28 1,2,3,4,5,6,7;0,7,8,9,2;0,1,9,10,11,3;0,2,11,12,4;0,3,12,13,5;0,4,13,14,6;0,5,14,15,7;0,6,15,16,8,1;1,7,16,17,9;1,8,17,18,10,2;2,9,18,19,11;2,10,19,20,12,3;3,11,20,21,13,4;4,12,21,22,14,5;5,13,22,23,15,6;6,14,23,24,16,7;7,15,24,25,17,8;8,16,25,26,18,9;9,17,26,19,10;10,18,26,20,11;11,19,26,27,21,12;12,20,27,22,13;13,21,27,23,14;14,22,27,24,15;15,23,27,25,16;16,24,27,26,17;17,25,27,20,19,18;20,26,25,24,23,22,21 appfree=1 rsstfree=1
