rp2_s205_w910_t291 28 2,3,15,12,23;6,25,11,8,15,19,21,14;0,3,24,16,23;0,2,24,20,15;6,27,7,26,25;9,10,27,12,23,16;1,25,4,27,17,14;4,27,22,21,26;1,15,17,14,11;5,10,18,20,24,16;5,9,18,13,27;1,25,26,21,14,8;0,15,17,27,5,23;10,18,19,22,27;1,21,11,8,17,6;0,3,20,19,1,8,17,12;2,23,5,9,24;6,27,12,15,8,14;9,20,19,13,10;1,21,22,13,18,20,15;3,24,9,18,19,15;1,14,11,26,7,22,19;7,27,13,19,21;0,12,5,16,2;2,3,20,9,16;1,6,4,26,11;4,25,11,21,7;4,7,22,13,10,5,12,17,6
rp2_s205_w414_t66 28 2,3,15,12,23;6,25,11,8,19,21,14;0,3,24,16,23;0,2,24,20,15;6,17,7,26,25;9,10,27,12,23,16;1,25,4,17,14;4,17,27,22,21,26;1,19,17,14,11;5,10,18,20,24,16;5,9,18,13,27;1,25,26,21,14,8;0,15,17,27,5,23;10,18,19,22,27;1,21,11,8,17,6;0,3,20,19,17,12;2,23,5,9,24;4,7,27,12,15,19,8,14,6;9,20,19,13,10;1,21,22,13,18,20,15,17,8;3,24,9,18,19,15;1,19,22,7,26,11,14;7,27,13,19,21;0,12,5,16,2;2,3,20,9,16;1,6,4,26,11;4,25,11,21,7;5,10,13,22,7,17,12
rp2_s203_w393_t568 30 2,17,13,22,6,10;3,22,13,25,15;0,17,28,20,29,4,10;1,22,16,18,15;2,29,24,9,11,10;6,24,9,8,16,22;0,10,26,12,24,5,22;15,18,29,20,27,25;5,9,11,19,16;4,24,5,8,11;0,6,26,19,11,4,2;4,10,19,8,9;6,26,23,14,24;0,22,1,25,21,17;12,23,18,29,24;1,25,7,18,3;3,22,5,8,19,26,23,18;0,2,28,21,13;3,16,23,14,29,7,15;8,11,10,26,16;2,28,27,7,29;13,25,27,28,17;0,13,1,3,16,5,6;12,26,16,18,14;4,9,5,6,12,14,29;1,15,7,27,21,13;6,10,19,16,23,12;7,20,28,21,25;2,20,27,21,17;2,4,24,14,18,7,20
rp2_s205_w835_t86 28 2,3,15,12,23;6,25,11,8,19,14;0,3,24,16,23;0,2,24,20,15;6,17,27,7,26,25;9,10,27,12,23,16;1,25,4,17,14;4,27,22,21,26;1,19,17,14,11;5,10,18,20,24,16;5,9,18,13,27;1,25,26,21,14,8;0,15,17,27,5,23;10,18,19,22,27;1,6,17,8,11,21,19;0,3,20,19,17,12;2,23,5,9,24;4,6,14,8,19,15,12,27;9,20,19,13,10;1,8,17,15,20,18,13,22,21,14;3,24,9,18,19,15;7,26,11,14,19,22;7,27,13,19,21;0,12,5,16,2;2,3,20,9,16;1,6,4,26,11;4,25,11,21,7;4,7,22,13,10,5,12,17
rp2_s205_w231_t83 28 4,16,7,12,10,22,24;3,17,14,5,8,20,16;9,18,14,17,26;1,17,26,19,11,16;0,16,20,13,24;1,8,22,23,25,15,18,14;12,21,15,25,27;0,12,21,11,16;1,5,22,10,23,13,20;2,18,15,19,26;0,22,8,23,27,12;3,19,21,7,16;0,7,21,6,27,10;4,20,8,23,24;1,17,2,18,5;5,18,9,19,21,6,25;0,4,20,1,3,11,7;1,14,2,26,3;2,9,15,5,14;3,11,21,15,9,26;1,8,13,4,16;6,12,7,11,19,15;0,10,8,5,23,24;5,22,24,13,8,10,27,25;0,22,23,13,4;5,23,27,6,15;2,9,19,3,17;6,25,23,10,12
rp2_s203_w406_t229 30 2,17,13,22,6,10;3,22,13,25,15;0,17,28,20,29,4,10;1,22,16,18,15;2,29,9,11,10;6,22,16,8,9,24;0,10,26,12,24,5,22;15,18,29,20,27,25;5,9,11,19,16;4,29,24,5,8,11;0,6,26,19,11,4,2;4,10,19,8,9;6,24,14,23,26;0,22,1,25,21,17;12,23,18,29,24;1,25,7,18,3;3,22,5,8,19,26,23,18;0,2,28,21,13;3,16,23,14,29,7,15;8,11,10,26,16;2,28,27,7,29;13,25,27,28,17;0,13,1,3,16,5,6;12,26,16,18,14;5,9,29,14,12,6;1,15,7,27,21,13;6,10,19,16,23,12;7,20,28,21,25;2,20,27,21,17;2,4,9,24,14,18,7,20
rp2_s205_w852_t183 28 2,3,15,12,23;6,25,26,11,8,19,14;0,3,24,16,23;0,2,24,20,15;7,27,17,25,26;9,10,27,12,23,16;1,25,17,8,14;4,27,22,21,26;1,19,15,17,6,14,11;5,10,18,20,24,16;5,9,18,13,27;1,26,21,14,8;0,15,17,27,5,23;10,18,19,22,27;1,6,8,11,21,19;0,3,20,19,8,17,12;2,23,5,9,24;4,25,6,8,15,12,27;9,20,19,13,10;1,14,21,22,13,18,20,15,8;3,24,9,18,19,15;7,26,11,14,19,22;7,27,13,19,21;0,12,5,16,2;2,3,20,9,16;1,6,17,4,26;1,11,21,7,4,25;4,7,22,13,10,5,12,17
rp2_s205_w640_t246 28 2,3,15,12,23;6,25,11,8,15,19,21,14;0,3,24,16,23;0,2,24,20,15;6,17,27,7,26,25;9,10,27,12,23,16;1,25,4,17,14;4,27,22,21,26;1,15,17,14,11;5,10,18,20,24,16;5,9,18,13,27;1,25,26,21,14,8;0,15,17,27,5,23;10,18,19,22,27;1,21,11,8,17,6;0,3,20,19,1,8,17,12;2,23,5,9,24;4,6,14,8,15,12,27;9,20,19,13,10;1,21,22,13,18,20,15;3,24,9,18,19,15;1,19,22,7,26,11,14;7,27,13,19,21;0,12,5,16,2;2,3,20,9,16;1,6,4,26,11;4,25,11,21,7;4,7,22,13,10,5,12,17
rp2_s205_w193_t346 28 4,16,7,12,10,22,24;3,17,14,5,20,16;9,18,14,17,26;1,17,26,19,11,16;0,16,20,13,24;1,20,8,22,25,15,18,14;12,21,15,25,27;0,12,21,11,16;5,20,13,23,10,22;2,18,15,19,26;0,22,8,23,27,12;3,19,21,7,16;0,7,21,6,27,10;4,20,8,23,24;1,17,2,18,5;5,18,9,19,21,6,25;0,4,20,1,3,11,7;1,14,2,26,3;2,9,15,5,14;3,11,21,15,9,26;1,5,8,13,4,16;6,12,7,11,19,15;0,10,8,5,25,23,24;8,13,24,22,25,27,10;0,22,23,13,4;5,22,23,27,6,15;2,9,19,3,17;6,25,23,10,12
rp2_s205_w4_t771 28 4,16,7,12,10,22,24;3,17,14,5,20,16;9,18,14,17,26;1,17,26,19,11,16;0,16,20,13,24;1,20,8,22,24,23,25,15,18,14;12,21,15,25,27;0,12,21,11,16;5,20,13,23,10,22;2,18,15,19,26;0,22,8,23,27,12;3,19,21,7,16;0,7,21,6,27,10;4,20,8,23,24;1,17,2,18,5;5,18,9,19,21,6,25;0,4,20,1,3,11,7;1,14,2,26,3;2,9,15,5,14;3,11,21,15,9,26;1,5,8,13,4,16;6,12,7,11,19,15;0,10,8,5,24;5,25,27,10,8,13,24;0,22,5,23,13,4;5,23,27,6,15;2,9,19,3,17;6,25,23,10,12
rp2_s203_w517_t311 28 2,3,15,12,23;6,25,11,19,21,14;0,3,24,16,23;0,2,24,20,15;6,17,27,7,26,25;9,10,27,12,23,16;1,25,4,17,14;4,27,22,21,26;11,14,17,15,19;5,10,18,20,24,16;5,9,18,13,27;1,25,26,21,14,8,19;0,15,17,27,5,23;10,18,19,22,27;1,21,11,8,17,6;0,3,20,19,8,17,12;2,23,5,9,24;4,6,14,8,15,12,27;9,20,19,13,10;1,21,22,13,18,20,15,8,11;3,24,9,18,19,15;1,19,22,7,26,11,14;7,27,13,19,21;0,12,5,16,2;2,3,20,9,16;1,6,4,26,11;4,25,11,21,7;4,7,22,13,10,5,12,17
rp2_s205_w138_t204 28 2,3,15,12,23;6,25,11,8,19,21,14;0,3,24,16,23;0,2,24,20,15;6,17,7,26,25;9,10,27,12,23,16;1,25,4,17,8,14;4,17,27,22,21,26;1,19,15,17,6,14,11;5,10,18,20,24,16;5,9,18,13,27;1,25,26,14,8;0,15,17,27,5,23;10,18,19,22,27;1,21,26,11,8,6;0,3,20,19,8,17,12;2,23,5,9,24;4,6,8,15,12,27,7;9,20,19,13,10;1,21,22,13,18,20,15,8;3,24,9,18,19,15;1,19,22,7,26,14;7,27,13,19,21;0,12,5,16,2;2,3,20,9,16;1,6,4,26,11;4,25,11,14,21,7;5,10,13,22,7,17,12
rp2_s205_w782_t188 28 7,12,10,22,24,16;3,17,14,5,20,4,16;9,18,14,17,26;1,17,26,19,11,16;1,16,24,13,20;1,20,8,22,23,25,15,18,14;12,21,15,25,27;0,12,21,11,16;5,20,13,23,10,22;2,18,15,19,26;0,22,8,23,27,12;3,19,21,7,16;0,7,21,6,27,10;4,20,8,23,24;1,17,2,18,5;5,18,9,19,21,6,25;0,24,4,1,3,11,7;1,14,2,26,3;2,9,15,5,14;3,11,21,15,9,26;1,5,8,13,4;6,12,7,11,19,15;0,10,8,5,23,24;5,22,24,13,8,10,27,25;0,16,4,13,23,22;5,23,27,6,15;2,9,19,3,17;6,25,23,10,12
rp2_s205_w844_t124 28 2,3,15,12,23;6,25,11,19,21,14,8;0,3,24,16,23;0,2,24,20,15;6,17,7,26,25;9,10,27,12,23,16;1,25,4,17,8;4,17,27,22,21,26;1,14,11,15,17,6;5,10,18,20,24,16;5,9,18,13,27;1,25,26,14,8,15,19;0,15,17,27,5,23;10,18,19,22,27;1,21,26,11,8;0,3,20,19,11,8,17,12;2,23,5,9,24;4,6,8,15,12,27,7;9,20,19,13,10;1,21,22,13,18,20,15,11;3,24,9,18,19,15;1,19,22,7,26,14;7,27,13,19,21;0,12,5,16,2;2,3,20,9,16;1,6,4,26,11;4,25,11,14,21,7;5,10,13,22,7,17,12
rp2_s205_w916_t22 28 2,3,15,12,23;6,25,11,8,19,21,14;0,3,24,16,23;0,2,24,20,15;6,17,7,26,25;9,10,27,12,23,16;1,25,4,17,14;4,17,27,22,21,26;1,19,15,17,14,11;5,10,18,20,24,16;5,9,18,13,27;1,25,26,14,8;0,15,17,27,5,23;10,18,19,22,27;1,21,26,11,8,17,6;0,3,20,19,8,17,12;2,23,5,9,24;4,6,14,8,15,12,27,7;9,20,19,13,10;1,21,22,13,18,20,15,8;3,24,9,18,19,15;1,19,22,7,26,14;7,27,13,19,21;0,12,5,16,2;2,3,20,9,16;1,6,4,26,11;4,25,11,14,21,7;5,10,13,22,7,17,12
rp2_s205_w349_t1 28 2,3,15,12,23;6,25,11,8,19,21,14;0,3,24,16,23;0,2,24,20,15;6,17,7,26,25;9,10,27,12,23,16;1,25,4,17,14;4,17,27,22,21,26;1,19,15,17,11;5,10,18,20,24,16;5,9,18,13,27;1,25,26,21,14,17,8;0,15,17,27,5,23;10,18,19,22,27;1,21,11,17,6;0,3,20,19,8,17,12;2,23,5,9,24;4,6,14,11,8,15,12,27,7;9,20,19,13,10;1,21,22,13,18,20,15,8;3,24,9,18,19,15;1,19,22,7,26,11,14;7,27,13,19,21;0,12,5,16,2;2,3,20,9,16;1,6,4,26,11;4,25,11,21,7;5,10,13,22,7,17,12
rp2_s203_w664_t327 28 2,3,15,12,23;6,25,11,8,19,21,14;0,3,24,16,23;0,2,24,20,15;6,25,26,7,27,17;9,10,27,12,23,16;1,25,4,17,14;4,27,22,21,26;1,11,14,15,19;5,10,18,20,24,16;5,9,18,13,27;1,25,26,21,14,8;0,15,17,27,5,23;10,18,19,22,27;1,21,11,8,15,17,6;0,3,20,19,8,14,17,12;2,23,5,9,24;4,6,14,15,12,27;9,20,19,13,10;1,21,22,13,18,20,15,8;3,24,9,18,19,15;1,19,22,7,26,11,14;7,27,13,19,21;0,12,5,16,2;2,3,20,9,16;1,6,4,26,11;4,25,11,21,7;4,7,22,13,10,5,12,17
rp2_s205_w165_t151 28 2,3,15,12,23;6,25,11,19,14,8;0,3,24,16,23;0,2,24,20,15;6,17,7,21,26,25;9,10,27,12,23,16;1,25,4,17,8;4,17,27,22,21;1,14,11,15,17,6;5,10,18,20,24,16;5,9,18,13,27;1,25,26,14,8,15,19;0,15,17,27,5,23;10,18,19,22,27;1,19,21,26,11,8;0,3,20,19,11,8,17,12;2,23,5,9,24;4,6,8,15,12,27,7;9,20,19,13,10;1,14,21,22,13,18,20,15,11;3,24,9,18,19,15;4,7,22,19,14,26;7,27,13,19,21;0,12,5,16,2;2,3,20,9,16;1,6,4,26,11;4,25,11,14,21;5,10,13,22,7,17,12
rp2_s205_w707_t62 28 2,3,15,12,23;6,25,11,8,19,14;0,3,24,16,23;0,2,24,20,15;6,25,26,7,27,17;9,10,27,12,23,16;1,25,4,17,14;4,27,22,21,26;1,19,15,17,11;5,10,18,20,24,16;5,9,18,13,27;1,25,26,21,14,17,8;0,15,17,27,5,23;10,18,19,22,27;1,19,21,11,17,6;0,3,20,19,8,17,12;2,23,5,9,24;4,6,14,11,8,15,12,27;9,20,19,13,10;1,14,21,22,13,18,20,15,8;3,24,9,18,19,15;7,26,11,14,19,22;7,27,13,19,21;0,12,5,16,2;2,3,20,9,16;1,6,4,26,11;4,25,11,21,7;4,7,22,13,10,5,12,17
rp2_s205_w896_t140 28 2,3,15,12,23;6,25,11,8,19,14;0,3,24,16,23;0,2,24,20,15;7,27,17,25,26;9,10,27,12,23,16;1,25,17,15,8,14;4,27,22,21,26;1,19,15,6,14,11;5,10,18,20,24,16;5,9,18,13,27;1,25,26,21,14,8;0,15,17,27,5,23;10,18,19,22,27;1,6,8,11,21,22,19;0,3,20,19,8,6,17,12;2,23,5,9,24;4,25,6,15,12,27;9,20,19,13,10;1,14,22,13,18,20,15,8;3,24,9,18,19,15;7,26,11,14,22;7,27,13,19,14,21;0,12,5,16,2;2,3,20,9,16;1,6,17,4,26,11;4,25,11,21,7;4,7,22,13,10,5,12,17
rp2_s203_w589_t719 28 2,3,15,12,23;6,25,11,8,19,21,14;0,3,24,16,23;0,2,24,20,15;6,25,26,7,27;9,10,27,12,23,16;1,25,4,27,17,14;4,27,22,21,26;1,19,15,17,14,11;5,10,18,20,24,16;5,9,18,13,27;1,25,26,14,8;0,15,17,27,5,23;10,18,19,22,27;1,21,26,11,8,17,6;0,3,20,19,8,17,12;2,23,5,9,24;6,14,8,15,12,27;9,20,19,13,10;1,21,22,13,18,20,15,8;3,24,9,18,19,15;1,14,26,7,22,19;7,27,13,19,21;0,12,5,16,2;2,3,20,9,16;1,6,4,26,11;4,25,11,14,21,7;4,7,22,13,10,5,12,17,6
rp2_s205_w809_t167 28 2,3,15,12,23;6,25,11,8,19,21,14;0,3,24,16,23;0,2,24,20,15;6,17,27,7,26,25;9,10,27,12,23,16;1,25,4,17,14;4,27,22,21,26;1,19,15,17,14,11;5,10,18,20,24,16;5,9,18,13,27;1,25,26,21,14,8;0,15,17,27,5,23;10,18,19,22,27;1,21,11,8,17,6;0,3,20,19,8,17,12;2,23,5,9,24;4,6,14,8,15,12,27;9,20,19,13,10;1,8,15,20,18,13,22,21;3,24,9,18,19,15;1,14,11,26,7,22,19;7,27,13,19,21;0,12,5,16,2;2,3,20,9,16;1,6,4,26,11;4,25,11,21,7;4,7,22,13,10,5,12,17
rp2_s205_w560_t413 28 2,3,15,12,23;6,25,11,8,19,21,14;0,3,24,16,23;0,2,24,20,15;6,25,26,7,27;9,10,27,12,23,16;1,25,4,27,17,14;4,27,22,21,26;1,19,15,17,11;5,10,18,20,24,16;5,9,18,13,27;1,25,26,21,14,17,8;0,15,17,27,5,23;10,18,19,22,27;1,21,11,17,6;0,3,20,19,8,17,12;2,23,5,9,24;6,14,11,8,15,12,27;9,20,19,13,10;1,21,22,13,18,20,15,8;3,24,9,18,19,15;1,19,22,7,26,11,14;7,27,13,19,21;0,12,5,16,2;2,3,20,9,16;1,6,4,26,11;4,25,11,21,7;4,7,22,13,10,5,12,17,6
rp2_s203_w3_t-1 30 2,4,6,5,19,8;3,20,11,23,13,6;0,4,7,16,8;1,20,26,21,6;0,2,7,13,6;0,19,18,11,23,16,6;0,5,16,9,12,17,21,3,1,13,4;2,4,13,23,16;0,2,16,9,25,27,29,26,19;6,16,8,25,14,12;14,25,27,22,28;1,23,5,18,20;6,9,14,28,24,17;1,6,4,7,23;9,12,28,10,25;17,24,29,26,21;2,8,9,6,5,23,7;6,12,24,15,21;5,19,26,20,11;0,5,18,26,8;1,3,26,18,11;3,26,15,17,6;10,27,29,24,28;1,11,5,16,7,13;12,28,22,29,15,17;8,9,14,10,27;3,21,15,29,8,19,18,20;8,25,10,22,29;10,22,24,12,14;8,27,22,24,15,26
rp2_s205_w121_t773 28 2,3,15,12,23;6,25,11,8,15,19,21,14;0,3,24,16,23;0,2,24,20,15;6,25,26,7,27,17;9,10,27,12,23,16;1,25,4,17,14;4,27,22,21,26;1,15,17,14,11;5,10,18,20,24,16;5,9,18,13,27;1,25,26,21,14,8;0,15,17,27,5,23;10,18,19,22,27;1,21,11,8,17,6;0,3,20,19,1,8,17,12;2,23,5,9,24;4,6,14,8,15,12,27;9,20,19,13,10;1,21,22,13,18,20,15;3,24,9,18,19,15;1,14,11,26,7,22,19;7,27,13,19,21;0,12,5,16,2;2,3,20,9,16;1,6,4,26,11;4,25,11,21,7;4,7,22,13,10,5,12,17
rp2_s205_w45_t169 28 2,3,15,12,23;6,25,8,19,21,14;0,3,24,16,23;0,2,24,20,15;6,17,7,26,25;9,10,27,12,23,16;1,25,4,17,14;4,17,27,22,21,26;1,25,11,14,17,15,19;5,10,18,20,24,16;5,9,18,13,27;8,25,26,21,14;0,15,17,27,5,23;10,18,19,22,27;1,21,11,8,17,6;0,3,20,19,8,17,12;2,23,5,9,24;4,7,27,12,15,8,14,6;9,20,19,13,10;1,21,22,13,18,20,15,8;3,24,9,18,19,15;1,14,11,26,7,22,19;7,27,13,19,21;0,12,5,16,2;2,3,20,9,16;1,6,4,26,11,8;4,25,11,21,7;5,10,13,22,7,17,12
rp2_s205_w819_t442 28 2,3,15,12,23;6,25,11,8,19,21,14;0,3,24,16,23;0,2,24,20,15;6,17,27,7,26,25;9,10,27,12,23,16;1,25,4,17,14;4,27,22,21,26;1,11,17,15,19;5,10,18,20,24,16;5,9,18,13,27;1,8,17,14,21,26,25;0,15,17,27,5,23;10,18,19,22,27;1,21,11,17,6;0,3,20,19,8,17,12;2,23,5,9,24;4,6,14,11,8,15,12,27;9,20,19,13,10;1,21,22,13,18,20,15,8;3,24,9,18,19,15;1,14,11,26,7,22,19;7,27,13,19,21;0,12,5,16,2;2,3,20,9,16;1,6,4,26,11;4,25,11,21,7;4,7,22,13,10,5,12,17
rp2_s205_w192_t83 28 2,3,15,12,23;6,25,11,8,15,19,14;0,3,24,16,23;0,2,24,20,15;6,25,26,7,27,17;9,10,27,12,23,16;1,25,4,17,14;4,27,22,21,26;1,15,17,14,11;5,10,18,20,24,16;5,9,18,13,27;1,25,26,21,14,8;0,15,17,27,5,23;10,18,19,22,27;1,19,22,21,11,8,17,6;0,3,20,19,1,8,17,12;2,23,5,9,24;4,6,14,8,15,12,27;9,20,19,13,10;1,14,22,13,18,20,15;3,24,9,18,19,15;7,26,11,14,22;7,27,13,19,14,21;0,12,5,16,2;2,3,20,9,16;1,6,4,26,11;4,25,11,21,7;4,7,22,13,10,5,12,17
rp2_s205_w108_t798 28 2,3,15,12,23;6,25,11,19,21,14;0,3,24,16,23;0,2,24,20,15;6,17,27,7,26,25;9,10,27,12,23,16;1,25,4,17,14;4,27,22,21,26;11,14,17,15,19;5,10,18,20,24,16;5,9,18,13,27;1,25,26,14,8,19;0,15,17,27,5,23;10,18,19,22,27;1,21,26,11,8,17,6;0,3,20,19,8,17,12;2,23,5,9,24;4,6,14,8,15,12,27;9,20,19,13,10;1,21,22,13,18,20,15,8,11;3,24,9,18,19,15;1,14,26,7,22,19;7,27,13,19,21;0,12,5,16,2;2,3,20,9,16;1,6,4,26,11;4,25,11,14,21,7;4,7,22,13,10,5,12,17
rp2_s205_w90_t857 28 2,3,15,12,23;6,25,11,8,19,14;0,3,24,16,23;0,2,24,20,15;7,27,17,25,26;9,10,27,12,23,16;1,25,17,8,14;4,27,22,21,26;1,19,17,6,14,11;5,10,18,20,24,16;5,9,18,13,27;1,25,26,14,8;0,15,17,27,5,23;10,18,19,22,27;1,6,8,11,26,21,19;0,3,20,19,17,12;2,23,5,9,24;4,25,6,8,19,15,12,27;9,20,19,13,10;1,14,21,22,13,18,20,15,17,8;3,24,9,18,19,15;7,26,14,19,22;7,27,13,19,21;0,12,5,16,2;2,3,20,9,16;1,6,17,4,26,11;4,25,11,14,21,7;4,7,22,13,10,5,12,17
rp2_s205_w439_t20 28 2,3,15,12,23;6,25,11,8,19,14;0,3,24,16,23;0,2,24,20,15;6,17,27,7,26,25;9,10,27,12,23,16;1,25,4,17,14;4,27,22,21,26;1,19,17,14,11;5,10,18,20,24,16;5,9,18,13,27;1,25,26,14,8;0,15,17,27,5,23;10,18,19,22,27;1,6,17,8,11,26,21,19;0,3,20,19,17,12;2,23,5,9,24;4,6,14,8,19,15,12,27;9,20,19,13,10;1,14,21,22,13,18,20,15,17,8;3,24,9,18,19,15;7,26,14,19,22;7,27,13,19,21;0,12,5,16,2;2,3,20,9,16;1,6,4,26,11;4,25,11,14,21,7;4,7,22,13,10,5,12,17
rp2_s205_w301_t-1 28 2,3,15,12,23;6,25,11,8,19,21,14;0,3,24,16,23;0,2,24,20,15;6,17,27,7,26,25;9,10,27,12,23,16;1,25,4,17,14;4,27,22,21,26;1,19,15,14,11;5,10,18,20,24,16;5,9,18,13,27;1,25,26,21,14,8;0,15,17,27,5,23;10,18,19,22,27;1,21,11,8,15,17,6;0,3,20,19,8,14,17,12;2,23,5,9,24;4,6,14,15,12,27;9,20,19,13,10;1,21,22,13,18,20,15,8;3,24,9,18,19,15;1,19,22,7,26,11,14;7,27,13,19,21;0,12,5,16,2;2,3,20,9,16;1,6,4,26,11;4,25,11,21,7;4,7,22,13,10,5,12,17
rp2_s205_w39_t457 28 4,16,7,12,10,22,24;3,17,14,5,20,16;9,18,14,17,26;1,17,26,19,11,16;0,16,20,13,24;1,20,8,22,23,25,15,18,14;12,21,15,25,27;0,12,21,11,16;5,20,13,23,10,22;2,18,15,19,26;0,22,8,23,27,12;3,19,21,7,16;0,7,21,6,27,10;4,20,8,23,24;1,17,2,18,5;5,18,9,19,21,6,25;0,4,20,1,3,11,7;1,14,2,26,3;2,9,15,5,14;3,11,21,15,9,26;1,5,8,13,4,16;6,12,7,11,19,15;0,10,8,5,23,24;5,22,24,13,8,10,27,25;0,22,23,13,4;5,23,27,6,15;2,9,19,3,17;6,25,23,10,12
rp2_s205_w480_t785 28 2,3,15,12,23;6,25,11,8,19,21,14;0,3,24,16,23;0,2,24,20,15;6,17,7,26,25;9,10,27,12,23,16;1,25,4,17,14;4,17,27,22,21,26;1,19,15,17,14,11;5,10,18,20,24,16;5,9,18,13,27;1,25,26,21,14,8;0,15,17,27,5,23;10,18,19,22,27;1,21,11,8,17,6;0,3,20,19,8,17,12;2,23,5,9,24;4,7,27,12,15,8,14,6;9,20,19,13,10;1,21,22,13,18,20,15,8;3,24,9,18,19,15;1,14,11,26,7,22,19;7,27,13,19,21;0,12,5,16,2;2,3,20,9,16;1,6,4,26,11;4,25,11,21,7;5,10,13,22,7,17,12
rp2_s205_w596_t-1 28 2,3,15,12,23;6,25,11,8,15,19,14;0,3,24,16,23;0,2,24,20,15;6,17,27,7,26,25;9,10,27,12,23,16;1,25,4,17,14;4,27,22,21,26;1,15,17,14,11;5,10,18,20,24,16;5,9,18,13,27;1,25,26,21,14,8;0,15,17,27,5,23;10,18,19,22,27;1,6,17,8,11,21,19;0,3,20,19,1,8,17,12;2,23,5,9,24;4,6,14,8,15,12,27;9,20,19,13,10;1,15,20,18,13,22,21,14;3,24,9,18,19,15;7,26,11,14,19,22;7,27,13,19,21;0,12,5,16,2;2,3,20,9,16;1,6,4,26,11;4,25,11,21,7;4,7,22,13,10,5,12,17
rp2_s205_w739_t458 28 2,3,15,12,23;6,25,11,8,15,19,21,14;0,3,24,16,23;0,2,24,20,15;6,17,7,26,25;9,10,27,12,23,16;1,25,4,17,14;4,17,27,22,21,26;1,15,17,14,11;5,10,18,20,24,16;5,9,18,13,27;1,25,26,14,8;0,15,17,27,5,23;10,18,19,22,27;1,21,26,11,8,17,6;0,3,20,19,1,8,17,12;2,23,5,9,24;4,7,27,12,15,8,14,6;9,20,19,13,10;1,21,22,13,18,20,15;3,24,9,18,19,15;1,19,22,7,26,14;7,27,13,19,21;0,12,5,16,2;2,3,20,9,16;1,6,4,26,11;4,25,11,14,21,7;5,10,13,22,7,17,12
rp2_s205_w953_t145 28 2,3,15,12,23;6,25,11,8,19,21,14;0,3,24,16,23;0,2,24,20,15;6,27,7,26,25;9,10,27,12,23,16;1,25,4,27,17,14;4,27,22,21,26;1,11,17,15,19;5,10,18,20,24,16;5,9,18,13,27;1,8,17,14,21,26,25;0,15,17,27,5,23;10,18,19,22,27;1,21,11,17,6;0,3,20,19,8,17,12;2,23,5,9,24;6,27,12,15,8,11,14;9,20,19,13,10;1,21,22,13,18,20,15,8;3,24,9,18,19,15;1,19,22,7,26,11,14;7,27,13,19,21;0,12,5,16,2;2,3,20,9,16;1,6,4,26,11;4,25,11,21,7;4,7,22,13,10,5,12,17,6
rp2_s203_w295_t607 30 2,17,13,22,6,10;3,22,13,25,15;0,17,28,20,29,4,10;1,22,16,18,15;2,29,9,11,26,10;6,22,16,8,24;0,10,24,5,22;15,18,29,20,27,25;5,24,14,9,11,19,16;4,29,14,8,11;0,6,24,12,26,4,2;4,26,19,8,9;10,24,14,23,26;0,22,1,25,21,17;8,24,12,23,18,29,9;1,25,7,18,3;3,22,5,8,19,23,18;0,2,28,21,13;3,16,23,14,29,7,15;8,11,26,23,16;2,28,27,7,29;13,25,27,28,17;0,13,1,3,16,5,6;12,26,19,16,18,14;5,8,14,12,10,6;1,15,7,27,21,13;4,10,12,23,19,11;7,20,28,21,25;2,20,27,21,17;2,4,9,14,18,7,20
rp2_s203_w133_t305 28 2,3,15,12,23;6,25,11,8,19,14;0,3,24,16,23;0,2,24,20,15;6,17,27,7,26,25;9,10,27,12,23,16;1,25,4,17,14;4,27,22,21,26;1,19,15,17,11;5,10,18,20,24,16;5,9,18,13,27;1,25,26,21,17,8;0,15,17,27,5,23;10,18,19,22,27;1,19,21,17,6;0,3,20,19,8,17,12;2,23,5,9,24;4,6,14,21,11,8,15,12,27;9,20,19,13,10;1,14,21,22,13,18,20,15,8;3,24,9,18,19,15;7,26,11,17,14,19,22;7,27,13,19,21;0,12,5,16,2;2,3,20,9,16;1,6,4,26,11;4,25,11,21,7;4,7,22,13,10,5,12,17
rp2_s203_w987_t743 28 2,3,15,12,23;6,25,11,8,19,14;0,3,24,16,23;0,2,24,20,15;6,25,26,7,27,17;9,10,27,12,23,16;1,25,4,17,14;4,27,22,21,26;1,11,17,15,19;5,10,18,20,24,16;5,9,18,13,27;1,8,17,14,26,25;0,15,17,27,5,23;10,18,19,22,27;1,19,21,26,11,17,6;0,3,20,19,8,17,12;2,23,5,9,24;4,6,14,11,8,15,12,27;9,20,19,13,10;1,14,21,22,13,18,20,15,8;3,24,9,18,19,15;7,26,14,19,22;7,27,13,19,21;0,12,5,16,2;2,3,20,9,16;1,6,4,26,11;4,25,11,14,21,7;4,7,22,13,10,5,12,17
rp2_s203_w573_t302 28 2,3,15,12,23;6,25,11,8,19,21;0,3,24,16,23;0,2,24,20,15;6,17,27,22,7,25;9,10,27,12,23,16;1,25,4,17,14,21;4,22,21,26,25;1,19,17,14,11;5,10,18,20,24,16;5,9,18,13,27;1,25,26,14,8;0,15,17,27,5,23;10,18,19,22,27;6,21,26,11,8,17;0,3,20,19,17,12;2,23,5,9,24;4,6,14,8,19,15,12,27;9,20,19,13,10;1,21,22,13,18,20,15,17,8;3,24,9,18,19,15;1,19,22,7,26,14,6;4,7,21,19,13,27;0,12,5,16,2;2,3,20,9,16;1,6,4,7,26,11;7,25,11,14,21;4,17,12,5,10,13,22
rp2_s205_w427_t553 28 2,3,15,12,23;6,25,11,8,19,14;0,3,24,16,23;0,2,24,20,15;7,27,17,25,26;9,10,27,12,23,16;1,25,17,8,14;4,27,22,21,26;1,19,17,6,14,11;5,10,18,20,24,16;5,9,18,13,27;1,25,26,21,14,8;0,15,17,27,5,23;10,18,19,22,27;1,6,8,11,21,19;0,3,20,19,17,12;2,23,5,9,24;4,25,6,8,19,15,12,27;9,20,19,13,10;1,14,21,22,13,18,20,15,17,8;3,24,9,18,19,15;7,26,11,14,19,22;7,27,13,19,21;0,12,5,16,2;2,3,20,9,16;1,6,17,4,26,11;4,25,11,21,7;4,7,22,13,10,5,12,17
rp2_s205_w957_t73 28 2,3,15,12,23;6,25,11,8,19,21,14;0,3,24,16,23;0,2,24,20,15;6,17,27,7,26,25;9,10,27,12,23,16;1,25,4,17,14;4,27,22,21,26;1,11,14,17,15,19;5,10,18,20,24,16;5,9,18,13,27;1,8,14,21,26,25;0,15,17,27,5,23;10,18,19,22,27;1,21,11,8,17,6;0,3,20,19,8,17,12;2,23,5,9,24;4,6,14,8,15,12,27;9,20,19,13,10;1,21,22,13,18,20,15,8;3,24,9,18,19,15;1,19,22,7,26,11,14;7,27,13,19,21;0,12,5,16,2;2,3,20,9,16;1,6,4,26,11;4,25,11,21,7;4,7,22,13,10,5,12,17
rp2_s205_w669_t475 28 2,3,15,12,23;6,25,11,8,15,19,14;0,3,24,16,23;0,2,24,20,15;6,17,27,7,26,25;9,10,27,12,23,16;1,25,4,17,14;4,27,22,21,26;1,15,17,14,11;5,10,18,20,24,16;5,9,18,13,27;1,25,26,21,14,8;0,15,17,27,5,23;10,18,19,22,27;1,19,21,11,8,17,6;0,3,20,19,1,8,17,12;2,23,5,9,24;4,6,14,8,15,12,27;9,20,19,13,10;1,14,21,22,13,18,20,15;3,24,9,18,19,15;7,26,11,14,19,22;7,27,13,19,21;0,12,5,16,2;2,3,20,9,16;1,6,4,26,11;4,25,11,21,7;4,7,22,13,10,5,12,17
rp2_s203_w501_t418 28 2,3,15,12,23;6,25,11,8,19,14;0,3,24,16,23;0,2,24,20,15;6,17,27,7,26,25;9,10,27,12,23,16;1,25,4,17,14;4,27,22,21,26;1,19,17,14,11;5,10,18,20,24,16;5,9,18,13,27;1,25,26,21,14,8;0,15,17,27,5,23;10,18,19,22,27;1,19,22,21,11,8,17,6;0,3,20,19,17,12;2,23,5,9,24;4,6,14,8,19,15,12,27;9,20,19,13,10;1,14,22,13,18,20,15,17,8;3,24,9,18,19,15;7,26,11,14,22;7,27,13,19,14,21;0,12,5,16,2;2,3,20,9,16;1,6,4,26,11;4,25,11,21,7;4,7,22,13,10,5,12,17
rp2_s205_w762_t888 28 2,3,15,12,23;6,25,11,8,19,21,14;0,3,24,16,23;0,2,24,20,15;6,17,7,26,25;9,10,27,12,23,16;1,25,4,17,14;4,17,27,22,21,26;1,19,15,17,11;5,10,18,20,24,16;5,9,18,13,27;1,25,26,21,14,17,8;0,15,17,27,5,23;10,18,19,22,27;1,21,11,17,6;0,3,20,19,8,17,12;2,23,5,9,24;4,7,27,12,15,8,11,14,6;9,20,19,13,10;1,8,15,20,18,13,22,21;3,24,9,18,19,15;1,14,11,26,7,22,19;7,27,13,19,21;0,12,5,16,2;2,3,20,9,16;1,6,4,26,11;4,25,11,21,7;5,10,13,22,7,17,12
rp2_s205_w38_t82 28 2,3,15,12,23;6,25,11,8,19,21,14;0,3,24,16,23;0,2,24,20,15;6,25,26,7,27,17;9,10,27,12,23,16;1,25,4,17,14;4,27,22,21,26;1,19,17,14,11;5,10,18,20,24,16;5,9,18,13,27;1,25,26,21,14,8;0,15,17,27,5,23;10,18,19,22,27;1,21,11,8,17,6;0,3,20,19,17,12;2,23,5,9,24;4,6,14,8,19,15,12,27;9,20,19,13,10;1,21,22,13,18,20,15,17,8;3,24,9,18,19,15;1,14,11,26,7,22,19;7,27,13,19,21;0,12,5,16,2;2,3,20,9,16;1,6,4,26,11;4,25,11,21,7;4,7,22,13,10,5,12,17
rp2_s203_w794_t739 28 2,3,15,12,23;6,25,8,19,21,14;0,3,24,16,23;0,2,24,20,15;6,17,7,26,25;9,10,27,12,23,16;1,25,4,17,14;4,17,27,22,21,26;1,25,11,14,17,15,19;5,10,18,20,24,16;5,9,18,13,27;8,14,21,26,25;0,15,17,27,5,23;10,18,19,22,27;1,21,11,8,17,6;0,3,20,19,8,17,12;2,23,5,9,24;4,7,27,12,15,8,14,6;9,20,19,13,10;1,8,15,20,18,13,22,21;3,24,9,18,19,15;1,14,11,26,7,22,19;7,27,13,19,21;0,12,5,16,2;2,3,20,9,16;1,6,4,26,11,8;4,25,11,21,7;5,10,13,22,7,17,12
rp2_s205_w733_t59 28 4,16,7,12,10,22,24;3,17,14,5,20,16;9,18,14,17,26;1,17,26,19,11,16;0,16,20,13,24;1,20,8,22,23,25,15,18,14;12,21,15,25,27;0,12,21,11,16;5,22,10,13,20;2,18,15,19,26;0,22,8,13,23,27,12;3,19,21,7,16;0,7,21,6,27,10;4,20,8,10,23,24;1,17,2,18,5;5,18,9,19,21,6,25;0,4,20,1,3,11,7;1,14,2,26,3;2,9,15,5,14;3,11,21,15,9,26;1,5,8,13,4,16;6,12,7,11,19,15;0,10,8,5,23,24;5,22,24,13,10,27,25;0,22,23,13,4;5,23,27,6,15;2,9,19,3,17;6,25,23,10,12
rp2_s203_w330_t17 30 2,17,13,22,6,10;3,22,13,25,15;0,17,28,20,29,4,10;1,22,16,18,15;2,29,9,11,10;6,22,16,8,9,29;0,10,24,29,5,22;15,18,29,20,27,25;5,9,11,19,16;4,29,5,8,11;0,6,24,12,26,19,11,4,2;4,10,19,8,9;10,24,14,23,26;0,22,1,25,21,17;12,23,18,29,24;1,25,7,18,3;3,22,5,8,19,26,23,18;0,2,28,21,13;3,16,23,14,29,7,15;8,11,10,26,16;2,28,27,7,29;13,25,27,28,17;0,13,1,3,16,5,6;12,26,16,18,14;6,10,12,14,29;1,15,7,27,21,13;10,19,16,23,12;7,20,28,21,25;2,20,27,21,17;2,4,9,5,6,24,14,18,7,20
rp2_s205_w229_t538 28 2,3,15,12,23;6,25,11,8,15,19,21,14;0,3,24,16,23;0,2,24,20,15;6,25,26,7,27;9,10,27,12,23,16;1,25,4,27,17,14;4,27,22,21,26;1,11,14,17,15;5,10,18,20,24,16;5,9,18,13,27;1,25,26,14,8;0,15,17,27,5,23;10,18,19,22,27;1,21,26,11,8,17,6;0,3,20,19,1,8,17,12;2,23,5,9,24;6,14,8,15,12,27;9,20,19,13,10;1,21,22,13,18,20,15;3,24,9,18,19,15;1,14,26,7,22,19;7,27,13,19,21;0,12,5,16,2;2,3,20,9,16;1,6,4,26,11;4,25,11,14,21,7;4,7,22,13,10,5,12,17,6
rp2_s203_w172_t29 28 2,3,15,12,23;8,19,21,14,25,11;0,3,24,16,23;0,2,24,20,15;6,17,7,26,11,25;9,10,27,12,23,16;4,17,8,14,25;4,17,27,22,21,26;1,19,15,17,6,14,11;5,10,18,20,24,16;5,9,18,13,27;1,25,4,26,14,8;0,15,17,27,5,23;10,18,19,22,27;1,25,6,8,11,26,21;0,3,20,19,8,17,12;2,23,5,9,24;4,6,8,15,12,27,7;9,20,19,13,10;1,21,22,13,18,20,15,8;3,24,9,18,19,15;1,19,22,7,26,14;7,27,13,19,21;0,12,5,16,2;2,3,20,9,16;1,14,6,4,11;4,11,14,21,7;5,10,13,22,7,17,12
rp2_s205_w48_t4 28 2,3,15,12,23;6,25,11,8,19,14;0,3,24,16,23;0,2,24,20,15;6,17,27,7,26,25;9,10,27,12,23,16;1,25,4,17,14;4,27,22,21,26;1,19,15,17,11;5,10,18,20,24,16;5,9,18,13,27;1,25,26,21,14,17,8;0,15,17,27,5,23;10,18,19,22,27;1,6,17,11,21,19;0,3,20,19,8,17,12;2,23,5,9,24;4,6,14,11,8,15,12,27;9,20,19,13,10;1,14,21,22,13,18,20,15,8;3,24,9,18,19,15;7,26,11,14,19,22;7,27,13,19,21;0,12,5,16,2;2,3,20,9,16;1,6,4,26,11;4,25,11,21,7;4,7,22,13,10,5,12,17
rp2_s205_w405_t164 28 2,3,15,12,23;6,25,26,11,8,19,14;0,3,24,16,23;0,2,24,20,15;7,27,17,25,26;9,10,27,12,23,16;1,25,17,15,8,14;4,27,22,21,26;1,19,15,6,14,11;5,10,18,20,24,16;5,9,18,13,27;1,26,21,14,8;0,15,17,27,5,23;10,18,19,22,27;1,6,8,11,21,19;0,3,20,19,8,6,17,12;2,23,5,9,24;4,25,6,15,12,27;9,20,19,13,10;1,14,21,22,13,18,20,15,8;3,24,9,18,19,15;7,26,11,14,19,22;7,27,13,19,21;0,12,5,16,2;2,3,20,9,16;1,6,17,4,26;1,11,21,7,4,25;4,7,22,13,10,5,12,17
rp2_s203_w501_t467 28 2,3,15,12,23;6,25,11,8,19,21,14;0,3,24,16,23;0,2,24,20,15;6,17,7,26,25;9,10,27,12,23,16;1,25,4,17,14;4,17,27,22,21,26;1,19,17,14,11;5,10,18,20,24,16;5,9,18,13,27;1,25,26,21,14,8;0,15,17,27,5,23;10,18,19,22,27;1,21,11,8,17,6;0,3,20,19,17,12;2,23,5,9,24;4,7,27,12,15,19,8,14,6;9,20,19,13,10;1,21,22,13,18,20,15,17,8;3,24,9,18,19,15;1,14,11,26,7,22,19;7,27,13,19,21;0,12,5,16,2;2,3,20,9,16;1,6,4,26,11;4,25,11,21,7;5,10,13,22,7,17,12
rp2_s205_w230_t939 28 2,3,15,12,23;6,25,11,8,19,21,14;0,3,24,16,23;0,2,24,20,15;6,27,7,26,25;9,10,27,12,23,16;1,25,4,27,17,14;4,27,22,21,26;1,11,14,17,15,19;5,10,18,20,24,16;5,9,18,13,27;1,8,14,26,25;0,15,17,27,5,23;10,18,19,22,27;1,21,26,11,8,17,6;0,3,20,19,8,17,12;2,23,5,9,24;6,27,12,15,8,14;9,20,19,13,10;1,21,22,13,18,20,15,8;3,24,9,18,19,15;1,14,26,7,22,19;7,27,13,19,21;0,12,5,16,2;2,3,20,9,16;1,6,4,26,11;4,25,11,14,21,7;4,7,22,13,10,5,12,17,6
rp2_s203_w246_t10 30 2,17,13,22,6,10;3,22,13,25,15;0,17,28,20,29,4,10;1,22,16,18,15;2,29,9,11,10;6,24,29,9,8,16,22;0,10,24,5,22;15,18,29,20,27,25;5,9,11,19,16;4,29,5,8,11;0,6,24,12,26,19,11,4,2;4,10,19,8,9;10,24,14,23,26;0,22,1,25,21,17;12,23,18,29,24;1,25,7,18,3;3,22,5,8,19,26,23,18;0,2,28,21,13;3,16,23,14,29,7,15;8,11,10,26,16;2,28,27,7,29;13,25,27,28,17;0,13,1,3,16,5,6;12,26,16,18,14;5,6,10,12,14,29;1,15,7,27,21,13;10,19,16,23,12;7,20,28,21,25;2,20,27,21,17;2,4,9,5,24,14,18,7,20
rp2_s205_w18_t21 28 2,3,15,12,23;6,25,11,8,19,21,14;0,3,24,16,23;0,2,24,20,15;6,27,7,26,25;9,10,27,12,23,16;1,25,4,27,17,14;4,27,22,21,26;1,19,15,17,14,11;5,10,18,20,24,16;5,9,18,13,27;1,25,26,14,8;0,15,17,27,5,23;10,18,19,22,27;1,21,26,11,8,17,6;0,3,20,19,8,17,12;2,23,5,9,24;6,27,12,15,8,14;9,20,19,13,10;1,21,22,13,18,20,15,8;3,24,9,18,19,15;1,19,22,7,26,14;7,27,13,19,21;0,12,5,16,2;2,3,20,9,16;1,6,4,26,11;4,25,11,14,21,7;4,7,22,13,10,5,12,17,6
rp2_s205_w185_t186 28 2,3,15,12,23;6,25,11,8,19,21,14;0,3,24,16,23;0,2,24,20,15;7,27,17,25,26;9,10,27,12,23,16;1,25,17,8,14;4,27,22,21,26;1,19,15,17,6,14,11;5,10,18,20,24,16;5,9,18,13,27;1,25,26,14,8;0,15,17,27,5,23;10,18,19,22,27;1,21,26,11,8,6;0,3,20,19,8,17,12;2,23,5,9,24;4,25,6,8,15,12,27;9,20,19,13,10;1,21,22,13,18,20,15,8;3,24,9,18,19,15;1,14,26,7,22,19;7,27,13,19,21;0,12,5,16,2;2,3,20,9,16;1,6,17,4,26,11;4,25,11,14,21,7;4,7,22,13,10,5,12,17
rp2_s205_w276_t61 28 2,3,15,12,23;6,25,11,8,19,21,14;0,3,24,16,23;0,2,24,20,15;6,17,27,7,26,25;9,10,27,12,23,16;1,25,4,17,14;4,27,22,21,26;1,19,15,17,14,11;5,10,18,20,24,16;5,9,18,13,27;1,25,26,21,14,8;0,15,17,27,5,23;10,18,19,22,27;1,21,11,8,17,6;0,3,20,19,8,17,12;2,23,5,9,24;4,6,14,8,15,12,27;9,20,19,13,10;1,21,22,13,18,20,15,8;3,24,9,18,19,15;1,19,22,7,26,11,14;7,27,13,19,21;0,12,5,16,2;2,3,20,9,16;1,6,4,26,11;4,25,11,21,7;4,7,22,13,10,5,12,17
rp2_s203_w992_t595 33 4,7,19,8,14;8,21,26,15,14;9,11,12,18,24,30;5,24,30,27,13,6;0,7,10,17,32,29,14;3,24,18,27,30,15,6;3,13,23,28,26,15,5;0,19,25,10,4;0,14,1,21,16,19;2,11,32,29,30;4,17,31,25,7;2,9,32,17,31,12;2,11,31,25,18;3,6,23,22,27;0,8,1,15,29,4;1,26,6,5,30,29,14;8,21,28,23,20,25,19;4,10,31,11,32;2,24,5,27,22,20,25,12;0,7,25,16,8;16,25,18,22,23;1,8,16,28,26;13,23,20,18,27;6,28,16,20,22,13;2,18,5,3,30;7,10,31,12,18,20,16,19;1,15,6,28,21;3,30,5,18,22,13;6,23,16,21,26;4,14,15,30,9,32;2,9,29,15,5,27,3,24;10,25,12,11,17;4,17,11,9,29
rp2_s205_w125_t31 28 2,3,15,12,23;6,25,8,15,19,14;0,3,24,16,23;0,2,24,20,15;7,27,17,25,26;9,10,27,12,23,16;1,25,17,8,14;4,27,22,21,26;1,25,11,14,6,17,15;5,10,18,20,24,16;5,9,18,13,27;8,14,21,26,25;0,15,17,27,5,23;10,18,19,22,27;1,6,8,11,21,19;0,3,20,19,1,8,17,12;2,23,5,9,24;4,25,6,8,15,12,27;9,20,19,13,10;1,14,21,22,13,18,20,15;3,24,9,18,19,15;7,26,11,14,19,22;7,27,13,19,21;0,12,5,16,2;2,3,20,9,16;1,6,17,4,26,11,8;4,25,11,21,7;4,7,22,13,10,5,12,17
rp2_s205_w116_t368 28 2,3,15,12,23;6,25,11,8,19,14;0,3,24,16,23;0,2,24,20,15;6,17,27,7,26,25;9,10,27,12,23,16;1,25,4,17,14;4,27,22,21,26;1,19,15,17,14,11;5,10,18,20,24,16;5,9,18,13,27;1,25,26,14,8;0,15,17,27,5,23;10,18,19,22,27;1,19,21,26,11,8,17,6;0,3,20,19,8,17,12;2,23,5,9,24;4,6,14,8,15,12,27;9,20,19,13,10;1,14,21,22,13,18,20,15,8;3,24,9,18,19,15;7,26,14,19,22;7,27,13,19,21;0,12,5,16,2;2,3,20,9,16;1,6,4,26,11;4,25,11,14,21,7;4,7,22,13,10,5,12,17
rp2_s205_w548_t49 28 2,3,15,12,23;6,25,11,8,19,21,14;0,3,24,16,23;0,2,24,20,15;6,25,26,7,27,17;9,10,27,12,23,16;1,25,4,17,14;4,27,22,21,26;1,19,15,17,11;5,10,18,20,24,16;5,9,18,13,27;1,25,26,21,14,17,8;0,15,17,27,5,23;10,18,19,22,27;1,21,11,17,6;0,3,20,19,8,17,12;2,23,5,9,24;4,6,14,11,8,15,12,27;9,20,19,13,10;1,21,22,13,18,20,15,8;3,24,9,18,19,15;1,19,22,7,26,11,14;7,27,13,19,21;0,12,5,16,2;2,3,20,9,16;1,6,4,26,11;4,25,11,21,7;4,7,22,13,10,5,12,17
rp2_s203_w1005_t609 28 2,3,15,12,23;6,25,11,8,19,21,14;0,3,24,16,23;0,2,24,20,15;6,17,7,26,25;9,10,27,12,23,16;1,25,4,17,14;4,17,27,22,21,26;1,19,15,17,11;5,10,18,20,24,16;5,9,18,13,27;1,25,26,21,14,17,8;0,15,17,27,5,23;10,18,19,22,27;1,21,11,17,6;0,3,20,19,8,17,12;2,23,5,9,24;4,6,14,11,8,15,12,27,7;9,20,19,13,10;1,21,22,13,18,20,15,8;3,24,9,18,19,15;1,14,11,26,7,22,19;7,27,13,19,21;0,12,5,16,2;2,3,20,9,16;1,6,4,26,11;4,25,11,21,7;5,10,13,22,7,17,12
rp2_s205_w945_t138 28 2,3,15,12,23;6,25,11,8,19,14;0,3,24,16,23;0,2,24,20,15;6,17,27,7,26,25;9,10,27,12,23,16;1,25,4,17,14;4,27,22,21,26;1,19,15,17,14,11;5,10,18,20,24,16;5,9,18,13,27;1,25,26,21,14,8;0,15,17,27,5,23;10,18,19,22,27;1,6,17,8,11,21,19;0,3,20,19,8,17,12;2,23,5,9,24;4,6,14,8,15,12,27;9,20,19,13,10;1,14,21,22,13,18,20,15,8;3,24,9,18,19,15;7,26,11,14,19,22;7,27,13,19,21;0,12,5,16,2;2,3,20,9,16;1,6,4,26,11;4,25,11,21,7;4,7,22,13,10,5,12,17
rp2_s203_w764_t704 28 2,3,15,12,23;6,25,11,8,15,19,21,14;0,3,24,16,23;0,2,24,20,15;6,17,27,7,26,25;9,10,27,12,23,16;1,25,4,17,14;4,27,22,21,26;1,15,17,14,11;5,10,18,20,24,16;5,9,18,13,27;1,25,26,14,8;0,15,17,27,5,23;10,18,19,22,27;1,21,26,11,8,17,6;0,3,20,19,1,8,17,12;2,23,5,9,24;4,6,14,8,15,12,27;9,20,19,13,10;1,21,22,13,18,20,15;3,24,9,18,19,15;1,14,26,7,22,19;7,27,13,19,21;0,12,5,16,2;2,3,20,9,16;1,6,4,26,11;4,25,11,14,21,7;4,7,22,13,10,5,12,17
rp2_s203_w938_t487 28 2,3,15,12,23;6,25,11,8,15,19,21,14;0,3,24,16,23;0,2,24,20,15;6,17,7,26,25;9,10,27,12,23,16;1,25,4,17,14;4,17,27,22,21,26;1,15,17,14,11;5,10,18,20,24,16;5,9,18,13,27;1,25,26,14,8;0,15,17,27,5,23;10,18,19,22,27;1,21,26,11,8,17,6;0,3,20,19,1,8,17,12;2,23,5,9,24;4,6,14,8,15,12,27,7;9,20,19,13,10;1,21,22,13,18,20,15;3,24,9,18,19,15;1,14,26,7,22,19;7,27,13,19,21;0,12,5,16,2;2,3,20,9,16;1,6,4,26,11;4,25,11,14,21,7;5,10,13,22,7,17,12
rp2_s205_w648_t21 28 2,3,15,12,23;6,25,11,8,19,21,14;0,3,24,16,23;0,2,24,20,15;6,25,26,7,27;9,10,27,12,23,16;1,25,4,27,17,14;4,27,22,21,26;1,19,15,17,14,11;5,10,18,20,24,16;5,9,18,13,27;1,25,26,21,14,8;0,15,17,27,5,23;10,18,19,22,27;1,21,11,8,17,6;0,3,20,19,8,17,12;2,23,5,9,24;6,14,8,15,12,27;9,20,19,13,10;1,21,22,13,18,20,15,8;3,24,9,18,19,15;1,19,22,7,26,11,14;7,27,13,19,21;0,12,5,16,2;2,3,20,9,16;1,6,4,26,11;4,25,11,21,7;4,7,22,13,10,5,12,17,6
rp2_s205_w735_t155 28 2,3,15,12,23;6,25,11,8,15,19,14;0,3,24,16,23;0,2,24,20,15;7,27,17,25,26;9,10,27,12,23,16;1,25,17,8,14;4,27,22,21,26;1,15,17,6,14,11;5,10,18,20,24,16;5,9,18,13,27;1,25,26,21,14,8;0,15,17,27,5,23;10,18,19,22,27;1,6,8,11,21,19;0,3,20,19,1,8,17,12;2,23,5,9,24;4,25,6,8,15,12,27;9,20,19,13,10;1,14,21,22,13,18,20,15;3,24,9,18,19,15;7,26,11,14,19,22;7,27,13,19,21;0,12,5,16,2;2,3,20,9,16;1,6,17,4,26,11;4,25,11,21,7;4,7,22,13,10,5,12,17
rp2_s205_w870_t379 28 2,3,15,12,23;6,25,11,8,19,14;0,3,24,16,23;0,2,24,20,15;6,17,27,7,26,25;9,10,27,12,23,16;1,25,4,17,14;4,27,22,21,26;1,11,14,17,15,19;5,10,18,20,24,16;5,9,18,13,27;1,25,26,21,14,8;0,15,17,27,5,23;10,18,19,22,27;1,19,22,21,11,8,17,6;0,3,20,19,8,17,12;2,23,5,9,24;4,6,14,8,15,12,27;9,20,19,13,10;1,14,22,13,18,20,15,8;3,24,9,18,19,15;7,26,11,14,22;7,27,13,19,14,21;0,12,5,16,2;2,3,20,9,16;1,6,4,26,11;4,25,11,21,7;4,7,22,13,10,5,12,17
rp2_s203_w555_t172 28 2,3,15,12,23;6,25,11,8,15,19,21,14;0,3,24,16,23;0,2,24,20,15;6,17,27,7,26,25;9,10,27,12,23,16;1,25,4,17,14;4,27,22,21,26;1,15,17,14,11;5,10,18,20,24,16;5,9,18,13,27;1,25,26,21,14,8;0,15,17,27,5,23;10,18,19,22,27;1,21,11,8,17,6;0,3,20,19,1,8,17,12;2,23,5,9,24;4,6,14,8,15,12,27;9,20,19,13,10;1,21,22,13,18,20,15;3,24,9,18,19,15;1,14,11,26,7,22,19;7,27,13,19,21;0,12,5,16,2;2,3,20,9,16;1,6,4,26,11;4,25,11,21,7;4,7,22,13,10,5,12,17
rp2_s205_w217_t737 28 2,3,15,12,23;6,25,8,19,21,14;0,3,24,16,23;0,2,24,20,15;6,17,7,26,25;9,10,27,12,23,16;1,25,4,17,14;4,17,27,22,21,26;1,25,11,14,17,15,19;5,10,18,20,24,16;5,9,18,13,27;8,14,21,26,25;0,15,17,27,5,23;10,18,19,22,27;1,21,11,8,17,6;0,3,20,19,8,17,12;2,23,5,9,24;4,7,27,12,15,8,14,6;9,20,19,13,10;1,21,22,13,18,20,15,8;3,24,9,18,19,15;1,14,11,26,7,22,19;7,27,13,19,21;0,12,5,16,2;2,3,20,9,16;1,6,4,26,11,8;4,25,11,21,7;5,10,13,22,7,17,12
rp2_s205_w163_t-1 28 2,3,15,12,23;6,21,19,15,8;0,3,24,16,23;0,2,24,20,15;6,17,7,26,25;9,10,27,12,23,16;1,21,14,17,4,25,8;4,17,27,22,26;1,15,17,14,11,25,6;5,10,18,20,24,16;5,9,18,13,27;8,25,26,21,14;0,15,17,27,5,23;10,18,19,22,27;6,17,8,11,21;0,3,20,19,1,8,17,12;2,23,5,9,24;4,6,14,8,15,12,27,7;9,20,19,13,10;1,21,22,13,18,20,15;3,24,9,18,19,15;1,19,22,26,11,14,6;7,26,21,19,13,27;0,12,5,16,2;2,3,20,9,16;4,26,11,8,6;4,25,11,21,22,7;5,10,13,22,7,17,12
rp2_s205_w51_t3 28 2,3,15,12,23;6,25,11,8,15,19,21,14;0,3,24,16,23;0,2,24,20,15;6,17,7,26,25;9,10,27,12,23,16;1,25,4,17,14;4,17,27,22,21,26;1,15,17,14,11;5,10,18,20,24,16;5,9,18,13,27;1,25,26,21,14,8;0,15,17,27,5,23;10,18,19,22,27;1,21,11,8,17,6;0,3,20,19,1,8,17,12;2,23,5,9,24;4,7,27,12,15,8,14,6;9,20,19,13,10;1,21,22,13,18,20,15;3,24,9,18,19,15;1,19,22,7,26,11,14;7,27,13,19,21;0,12,5,16,2;2,3,20,9,16;1,6,4,26,11;4,25,11,21,7;5,10,13,22,7,17,12
rp2_s203_w721_t442 28 2,3,15,12,23;6,25,11,8,15,19,21,14;0,3,24,16,23;0,2,24,20,15;6,25,26,7,17;9,10,27,12,23,16;1,25,4,17,14;4,17,27,22,21,26;1,15,17,14,11;5,10,18,20,24,16;5,9,18,13,27;1,25,26,14,8;0,15,17,27,5,23;10,18,19,22,27;1,21,26,11,8,17,6;0,3,20,19,1,8,17,12;2,23,5,9,24;4,7,27,12,15,8,14,6;9,20,19,13,10;1,21,22,13,18,20,15;3,24,9,18,19,15;1,14,26,7,22,19;7,27,13,19,21;0,12,5,16,2;2,3,20,9,16;1,6,4,26,11;4,25,11,14,21,7;5,10,13,22,7,17,12
rp2_s203_w549_t158 28 2,3,15,12,23;6,25,11,8,15,19;0,3,24,16,23;0,2,24,20,15;7,27,17,25,26;9,10,27,12,23,16;1,25,17,8,14,19;4,27,22,21,26;1,15,17,6,14,11;5,10,18,20,24,16;5,9,18,13,27;1,25,26,21,14,8;0,15,17,27,5,23;10,18,19,22,27;6,19,21,11,8;0,3,20,19,1,8,17,12;2,23,5,9,24;4,25,6,8,15,12,27;9,20,19,13,10;1,6,14,21,22,13,18,20,15;3,24,9,18,19,15;7,26,11,14,19,22;7,27,13,19,21;0,12,5,16,2;2,3,20,9,16;1,6,17,4,26,11;4,25,11,21,7;4,7,22,13,10,5,12,17
rp2_s205_w875_t840 28 4,16,7,12,22,24;3,17,14,5,20,16;9,18,14,17,26;1,17,26,19,11,16;0,16,20,13,24;1,20,8,22,23,25,15,18,14;12,21,15,25,27;0,12,21,11,16;5,20,13,23,10,22;2,18,15,19,26;8,22,12,27,23;3,19,21,7,16;0,7,21,6,27,10,22;4,20,8,23,24;1,17,2,18,5;5,18,9,19,21,6,25;0,4,20,1,3,11,7;1,14,2,26,3;2,9,15,5,14;3,11,21,15,9,26;1,5,8,13,4,16;6,12,7,11,19,15;0,12,10,8,5,23,24;5,22,24,13,8,10,27,25;0,22,23,13,4;5,23,27,6,15;2,9,19,3,17;6,25,23,10,12
rp2_s203_w672_t413 28 2,3,15,12,23;6,25,11,8,19,14;0,3,24,16,23;0,2,24,20,15;6,17,27,7,26,25;9,10,27,12,23,16;1,25,4,17,14;4,27,22,21,26;1,11,14,17,19;5,10,18,20,24,16;5,9,18,13,27;1,25,26,14,8;0,15,17,27,5,23;10,18,19,22,27;1,19,21,26,11,8,17,6;0,3,20,19,17,12;2,23,5,9,24;4,6,14,8,19,15,12,27;9,20,19,13,10;1,14,21,22,13,18,20,15,17,8;3,24,9,18,19,15;7,26,14,19,22;7,27,13,19,21;0,12,5,16,2;2,3,20,9,16;1,6,4,26,11;4,25,11,14,21,7;4,7,22,13,10,5,12,17
rp2_s205_w20_t129 28 2,3,15,12,23;6,25,11,8,15,19,14;0,3,24,16,23;0,2,24,20,15;6,25,26,7,27,17;9,10,27,12,23,16;1,25,4,17,14;4,27,22,21,26;1,15,17,14,11;5,10,18,20,24,16;5,9,18,13,27;1,25,26,21,14,8;0,15,17,27,5,23;10,18,19,22,27;1,19,21,11,8,17,6;0,3,20,19,1,8,17,12;2,23,5,9,24;4,6,14,8,15,12,27;9,20,19,13,10;1,14,21,22,13,18,20,15;3,24,9,18,19,15;7,26,11,14,19,22;7,27,13,19,21;0,12,5,16,2;2,3,20,9,16;1,6,4,26,11;4,25,11,21,7;4,7,22,13,10,5,12,17
rp2_s205_w480_t780 28 2,3,15,12,23;6,25,11,8,19,21,14;0,3,24,16,23;0,2,24,20,15;6,17,27,7,26,25;9,10,27,12,23,16;1,25,4,17,14;4,27,22,21,26;1,19,17,14,11;5,10,18,20,24,16;5,9,18,13,27;1,25,26,21,14,8;0,15,17,27,5,23;10,18,19,22,27;1,21,11,8,17,6;0,3,20,19,17,12;2,23,5,9,24;4,6,14,8,19,15,12,27;9,20,19,13,10;1,21,22,13,18,20,15,17,8;3,24,9,18,19,15;1,14,11,26,7,22,19;7,27,13,19,21;0,12,5,16,2;2,3,20,9,16;1,6,4,26,11;4,25,11,21,7;4,7,22,13,10,5,12,17
rp2_s203_w449_t420 28 2,3,15,12,23;6,25,26,11,8,19,14;0,3,24,16,23;0,2,24,20,15;7,27,17,25,26;9,10,27,12,23,16;1,25,17,8,14;4,27,22,21,26;1,19,17,6,14,11;5,10,18,20,24,16;5,9,18,13,27;1,26,21,14,8;0,15,17,27,5,23;10,18,19,22,27;1,6,8,11,21,19;0,3,20,19,17,12;2,23,5,9,24;4,25,6,8,19,15,12,27;9,20,19,13,10;1,8,17,15,20,18,13,22,21,14;3,24,9,18,19,15;7,26,11,14,19,22;7,27,13,19,21;0,12,5,16,2;2,3,20,9,16;1,6,17,4,26;1,11,21,7,4,25;4,7,22,13,10,5,12,17
rp2_s203_w978_t180 33 4,7,19,8,14;8,21,26,15,14;9,11,12,18,24;5,24,30,27,13,6;0,7,10,17,32,29,14;3,24,18,27,30,15,6;3,13,23,28,26,15,5;0,19,25,10,4;0,14,1,21,16,19;2,11,32,29,24;4,17,31,25,7;2,12,31,17,32,9;2,11,31,25,18;3,6,23,22,27;0,8,1,15,29,4;1,26,6,5,30,29,14;8,21,28,23,20,25,19;4,10,31,11,32;2,24,5,27,22,20,25,12;0,7,25,16,8;16,25,18,22,23;1,8,16,28,26;13,23,20,18,27;6,28,16,20,22,13;2,18,5,3,30,29,9;7,10,31,12,18,20,16,19;1,15,6,28,21;3,30,5,18,22,13;6,23,16,21,26;4,14,15,30,24,9,32;3,24,29,15,5,27;10,25,12,11,17;4,17,11,9,29
rp2_s203_w125_t521 28 2,3,15,12,23;6,25,11,8,19,14;0,3,24,16,23;0,2,24,20,15;6,17,27,7,26,25;9,10,27,12,23,16;1,25,4,17,14;4,27,22,21,26;1,11,14,17,15,19;5,10,18,20,24,16;5,9,18,13,27;1,8,14,21,26,25;0,15,17,27,5,23;10,18,19,22,27;1,19,22,21,11,8,17,6;0,3,20,19,8,17,12;2,23,5,9,24;4,6,14,8,15,12,27;9,20,19,13,10;1,14,22,13,18,20,15,8;3,24,9,18,19,15;7,26,11,14,22;7,27,13,19,14,21;0,12,5,16,2;2,3,20,9,16;1,6,4,26,11;4,25,11,21,7;4,7,22,13,10,5,12,17
rp2_s205_w833_t105 28 4,16,7,12,10,8,22,24;3,17,14,5,8,20,16;9,18,14,17,26;1,17,26,19,11,16;0,16,20,13,24;1,8,22,23,25,15,18,14;12,21,15,25,27;0,12,21,11,16;0,10,23,13,20,1,5,22;2,18,15,19,26;0,8,23,27,12;3,19,21,7,16;0,7,21,6,27,10;4,20,8,23,24;1,17,2,18,5;5,18,9,19,21,6,25;0,4,20,1,3,11,7;1,14,2,26,3;2,9,15,5,14;3,11,21,15,9,26;1,8,13,4,16;6,12,7,11,19,15;0,24,23,5,8;5,22,24,13,8,10,27,25;0,22,23,13,4;5,23,27,6,15;2,9,19,3,17;6,25,23,10,12
rp2_s205_w359_t722 28 2,3,15,12,23;6,25,11,19,21,14;0,3,24,16,23;0,2,24,20,15;6,17,27,7,26,25;9,10,27,12,23,16;1,25,4,17,14;4,27,22,21,26;11,14,17,15,19;5,10,18,20,24,16;5,9,18,13,27;1,25,26,21,14,8,19;0,15,17,27,5,23;10,18,19,22,27;1,21,11,8,17,6;0,3,20,19,8,17,12;2,23,5,9,24;4,6,14,8,15,12,27;9,20,19,13,10;1,21,22,13,18,20,15,8,11;3,24,9,18,19,15;1,14,11,26,7,22,19;7,27,13,19,21;0,12,5,16,2;2,3,20,9,16;1,6,4,26,11;4,25,11,21,7;4,7,22,13,10,5,12,17
rp2_s203_w21_t-1 28 2,3,15,12,23;6,25,11,8,15,19,21,14;0,3,24,16,23;0,2,24,20,15;6,17,27,7,26,25;9,10,27,12,23,16;1,25,4,17,14;4,27,22,21,26;1,15,17,14,11;5,10,18,20,24,16;5,9,18,13,27;1,25,26,14,8;0,15,17,27,5,23;10,18,19,22,27;1,21,26,11,8,17,6;0,3,20,19,1,8,17,12;2,23,5,9,24;4,6,14,8,15,12,27;9,20,19,13,10;1,21,22,13,18,20,15;3,24,9,18,19,15;1,19,22,7,26,14;7,27,13,19,21;0,12,5,16,2;2,3,20,9,16;1,6,4,26,11;4,25,11,14,21,7;4,7,22,13,10,5,12,17
rp2_s205_w576_t737 28 2,3,15,12,23;6,25,11,8,15,19,21,14;0,3,24,16,23;0,2,24,20,15;6,27,7,26,25;9,10,27,12,23,16;1,25,4,27,17,14;4,27,22,21,26;1,11,14,17,15;5,10,18,20,24,16;5,9,18,13,27;1,25,26,21,14,8;0,15,17,27,5,23;10,18,19,22,27;1,21,11,8,17,6;0,3,20,19,1,8,17,12;2,23,5,9,24;6,27,12,15,8,14;9,20,19,13,10;1,21,22,13,18,20,15;3,24,9,18,19,15;1,14,11,26,7,22,19;7,27,13,19,21;0,12,5,16,2;2,3,20,9,16;1,6,4,26,11;4,25,11,21,7;4,7,22,13,10,5,12,17,6
rp2_s203_w680_t621 30 2,17,13,22,6,10;3,22,13,25,15;0,17,28,20,29,4,10;1,22,16,18,15;2,29,24,11,10;6,9,8,16,22;0,10,12,24,9,5,22;15,18,29,20,27,25;5,9,11,19,16;5,6,24,11,8;0,6,12,26,19,11,4,2;4,10,19,8,9,24;6,10,26,23,14,24;0,22,1,25,21,17;12,23,18,29,24;1,25,7,18,3;3,22,5,8,19,26,23,18;0,2,28,21,13;3,16,23,14,29,7,15;8,11,10,26,16;2,28,27,7,29;13,25,27,28,17;0,13,1,3,16,5,6;12,26,16,18,14;4,11,9,6,12,14,29;1,15,7,27,21,13;10,19,16,23,12;7,20,28,21,25;2,20,27,21,17;2,4,24,14,18,7,20
rp2_s203_w1059_t153 28 2,3,15,12,23;6,25,11,8,19,21,14;0,3,24,16,23;0,2,24,20,15;6,8,17,7,21,26,25;9,10,27,12,23,16;1,25,4,8,14;4,17,27,22,21;1,19,15,17,4,6,14,11;5,10,18,20,24,16;5,9,18,13,27;1,25,26,14,8;0,15,17,27,5,23;10,18,19,22,27;1,21,26,11,8,6;0,3,20,19,8,17,12;2,23,5,9,24;4,7,27,12,15,8;9,20,19,13,10;1,21,22,13,18,20,15,8;3,24,9,18,19,15;1,19,22,7,4,26,14;7,27,13,19,21;0,12,5,16,2;2,3,20,9,16;1,6,4,26,11;4,25,11,14,21;5,10,13,22,7,17,12
rp2_s203_w450_t377 28 2,3,15,12,23;6,25,8,15,19,21,14;0,3,24,16,23;0,2,24,20,15;6,27,7,26,25;9,10,27,12,23,16;1,25,4,27,17,14;4,27,22,21,26;1,25,11,14,17,15;5,10,18,20,24,16;5,9,18,13,27;8,14,21,26,25;0,15,17,27,5,23;10,18,19,22,27;1,21,11,8,17,6;0,3,20,19,1,8,17,12;2,23,5,9,24;6,27,12,15,8,14;9,20,19,13,10;1,21,22,13,18,20,15;3,24,9,18,19,15;1,14,11,26,7,22,19;7,27,13,19,21;0,12,5,16,2;2,3,20,9,16;1,6,4,26,11,8;4,25,11,21,7;4,7,22,13,10,5,12,17,6
rp2_s205_w373_t396 28 2,3,15,12,23;6,25,11,8,19,14;0,3,24,16,23;0,2,24,20,15;7,27,17,25,26;9,10,27,12,23,16;1,25,17,8,14;4,27,22,21,26;1,19,15,17,6,14,11;5,10,18,20,24,16;5,9,18,13,27;1,25,26,21,14,8;0,15,17,27,5,23;10,18,19,22,27;1,6,8,11,21,22,19;0,3,20,19,8,17,12;2,23,5,9,24;4,25,6,8,15,12,27;9,20,19,13,10;1,8,15,20,18,13,22,14;3,24,9,18,19,15;7,26,11,14,22;7,27,13,19,14,21;0,12,5,16,2;2,3,20,9,16;1,6,17,4,26,11;4,25,11,21,7;4,7,22,13,10,5,12,17
rp2_s205_w817_t867 28 2,3,15,12,23;6,25,11,8,19,21,14;0,3,24,16,23;0,2,24,20,15;6,27,7,26,25;9,10,27,12,23,16;1,25,4,27,17,14;4,27,22,21,26;1,11,17,15,19;5,10,18,20,24,16;5,9,18,13,27;1,25,26,21,14,17,8;0,15,17,27,5,23;10,18,19,22,27;1,21,11,17,6;0,3,20,19,8,17,12;2,23,5,9,24;6,27,12,15,8,11,14;9,20,19,13,10;1,21,22,13,18,20,15,8;3,24,9,18,19,15;1,14,11,26,7,22,19;7,27,13,19,21;0,12,5,16,2;2,3,20,9,16;1,6,4,26,11;4,25,11,21,7;4,7,22,13,10,5,12,17,6
rp2_s203_w845_t-1 24 15,19,16,18,21;4,22,10,8,23;4,22,6,16,18,12,5;5,11,17,15,19,23,8;1,22,2,5,20,19,23;2,12,14,11,3,8,20,4;2,22,10,20,19,16;9,14,12,21,13;1,10,20,5,3,23;7,14,11,17,13;1,22,6,20,8;3,5,14,9,17;2,5,14,7,21,18;7,9,17,15,21;5,11,9,7,12;0,19,3,17,13,21;0,18,2,6,19;3,11,9,13,15;0,16,2,12,21;0,15,3,23,4,20,6,16;4,19,6,10,8,5;0,15,13,7,12,18;1,4,2,6,10;1,4,19,3,8
rp2_s203_w914_t401 28 2,3,15,12,23;6,25,11,8,19,21,14;0,3,24,16,23;0,2,24,20,15;6,27,7,26,25;9,10,27,12,23,16;1,25,4,27,17,14;4,27,22,21,26;1,19,15,17,11;5,10,18,20,24,16;5,9,18,13,27;1,25,26,21,14,17,8;0,15,17,27,5,23;10,18,19,22,27;1,21,11,17,6;0,3,20,19,8,17,12;2,23,5,9,24;6,27,12,15,8,11,14;9,20,19,13,10;1,21,22,13,18,20,15,8;3,24,9,18,19,15;1,14,11,26,7,22,19;7,27,13,19,21;0,12,5,16,2;2,3,20,9,16;1,6,4,26,11;4,25,11,21,7;4,7,22,13,10,5,12,17,6
rp2_s205_w171_t667 28 2,3,15,12,23;6,25,11,8,19,14;0,3,24,16,23;0,2,24,20,15;6,17,27,7,26,25;9,10,27,12,23,16;1,25,4,17,14;4,27,22,21,26;1,19,17,14,11;5,10,18,20,24,16;5,9,18,13,27;1,25,26,21,14,8;0,15,17,27,5,23;10,18,19,22,27;1,19,21,11,8,17,6;0,3,20,19,17,12;2,23,5,9,24;4,6,14,8,19,15,12,27;9,20,19,13,10;1,14,21,22,13,18,20,15,17,8;3,24,9,18,19,15;7,26,11,14,19,22;7,27,13,19,21;0,12,5,16,2;2,3,20,9,16;1,6,4,26,11;4,25,11,21,7;4,7,22,13,10,5,12,17
rp2_s205_w498_t245 28 2,3,15,12,23;6,25,8,19,14;0,3,24,16,23;0,2,24,20,15;7,27,17,25,26;9,10,27,12,23,16;1,25,17,8,14;4,27,22,21,26;1,25,11,14,6,17,15,19;5,10,18,20,24,16;5,9,18,13,27;8,14,21,26,25;0,15,17,27,5,23;10,18,19,22,27;1,6,8,11,21,19;0,3,20,19,8,17,12;2,23,5,9,24;4,25,6,8,15,12,27;9,20,19,13,10;1,14,21,22,13,18,20,15,8;3,24,9,18,19,15;7,26,11,14,19,22;7,27,13,19,21;0,12,5,16,2;2,3,20,9,16;1,6,17,4,26,11,8;4,25,11,21,7;4,7,22,13,10,5,12,17
rp2_s205_w94_t19 28 2,3,15,12,23;6,25,11,8,15,19,21,14;0,3,24,16,23;0,2,24,20,15;6,17,7,21,26,25;9,10,27,12,23,16;1,25,4,17,8,14;4,17,27,22,21;1,15,17,6,14,11;5,10,18,20,24,16;5,9,18,13,27;1,25,26,14,8;0,15,17,27,5,23;10,18,19,22,27;1,21,26,11,8,6;0,3,20,19,1,8,17,12;2,23,5,9,24;4,6,8,15,12,27,7;9,20,19,13,10;1,21,22,13,18,20,15;3,24,9,18,19,15;1,19,22,7,4,26,14;7,27,13,19,21;0,12,5,16,2;2,3,20,9,16;1,6,4,26,11;4,25,11,14,21;5,10,13,22,7,17,12
rp2_s203_w224_t27 28 2,3,15,12,23;6,25,11,8,19,21,14;0,3,24,16,23;0,2,24,20,15;6,17,7,26,25;9,10,27,12,23,16;1,25,4,17,14;4,17,27,22,21,26;1,19,15,17,14,11;5,10,18,20,24,16;5,9,18,13,27;1,25,26,21,14,8;0,15,17,27,5,23;10,18,19,22,27;1,21,11,8,17,6;0,3,20,19,8,17,12;2,23,5,9,24;4,7,27,12,15,8,14,6;9,20,19,13,10;1,21,22,13,18,20,15,8;3,24,9,18,19,15;1,19,22,7,26,11,14;7,27,13,19,21;0,12,5,16,2;2,3,20,9,16;1,6,4,26,11;4,25,11,21,7;5,10,13,22,7,17,12
rp2_s205_w843_t61 28 2,3,15,12,23;6,25,11,8,19,14;0,3,24,16,23;0,2,24,20,15;6,17,27,7,26,25;9,10,27,12,23,16;1,25,4,17,14;4,27,22,21,26;1,19,15,17,14,11;5,10,18,20,24,16;5,9,18,13,27;1,25,26,21,14,8;0,15,17,27,5,23;10,18,19,22,27;1,19,21,11,8,17,6;0,3,20,19,8,17,12;2,23,5,9,24;4,6,14,8,15,12,27;9,20,19,13,10;1,14,21,22,13,18,20,15,8;3,24,9,18,19,15;7,26,11,14,19,22;7,27,13,19,21;0,12,5,16,2;2,3,20,9,16;1,6,4,26,11;4,25,11,21,7;4,7,22,13,10,5,12,17
rp2_s205_w967_t16 28 2,3,15,12,23;6,25,26,11,8,19,14;0,3,24,16,23;0,2,24,20,15;7,27,17,25,26;9,10,27,12,23,16;1,25,17,8,14;4,27,22,21,26;1,19,15,17,6,14,11;5,10,18,20,24,16;5,9,18,13,27;1,26,21,14,8;0,15,17,27,5,23;10,18,19,22,27;1,6,8,11,21,19;0,3,20,19,8,17,12;2,23,5,9,24;4,25,6,8,15,12,27;9,20,19,13,10;1,8,15,20,18,13,22,21,14;3,24,9,18,19,15;7,26,11,14,19,22;7,27,13,19,21;0,12,5,16,2;2,3,20,9,16;1,6,17,4,26;1,11,21,7,4,25;4,7,22,13,10,5,12,17
rp2_s205_w816_t241 28 2,3,15,12,23;6,25,11,8,19,14;0,3,24,16,23;0,2,24,20,15;7,27,17,25,26;9,10,27,12,23,16;1,25,17,15,8,14;4,27,22,21,26;1,19,15,6,14,11;5,10,18,20,24,16;5,9,18,13,27;1,25,26,14,8;0,15,17,27,5,23;10,18,19,22,27;1,6,8,11,26,21,19;0,3,20,19,8,6,17,12;2,23,5,9,24;4,25,6,15,12,27;9,20,19,13,10;1,14,21,22,13,18,20,15,8;3,24,9,18,19,15;7,26,14,19,22;7,27,13,19,21;0,12,5,16,2;2,3,20,9,16;1,6,17,4,26,11;4,25,11,14,21,7;4,7,22,13,10,5,12,17
rp2_s205_w846_t52 28 2,3,15,12,23;6,25,11,19,21,14,8;0,3,24,16,23;0,2,24,20,15;6,17,7,21,26,25;9,10,27,12,23,16;1,25,4,17,8;4,17,27,22,21;1,14,11,19,15,17,6;5,10,18,20,24,16;5,9,18,13,27;1,25,26,14,8,19;0,15,17,27,5,23;10,18,19,22,27;1,21,26,11,8;0,3,20,19,8,17,12;2,23,5,9,24;4,6,8,15,12,27,7;9,20,19,13,10;1,21,22,13,18,20,15,8,11;3,24,9,18,19,15;1,19,22,7,4,26,14;7,27,13,19,21;0,12,5,16,2;2,3,20,9,16;1,6,4,26,11;4,25,11,14,21;5,10,13,22,7,17,12
rp2_s205_w863_t119 28 2,3,15,12,23;6,25,26,11,8,19,14;0,3,24,16,23;0,2,24,20,15;7,27,17,25,26;9,10,27,12,23,16;1,25,17,8,14;4,27,22,21,26;1,19,17,6,14,11;5,10,18,20,24,16;5,9,18,13,27;1,26,21,14,8;0,15,17,27,5,23;10,18,19,22,27;1,6,8,11,21,19;0,3,20,19,17,12;2,23,5,9,24;4,25,6,8,19,15,12,27;9,20,19,13,10;1,14,21,22,13,18,20,15,17,8;3,24,9,18,19,15;7,26,11,14,19,22;7,27,13,19,21;0,12,5,16,2;2,3,20,9,16;1,6,17,4,26;1,11,21,7,4,25;4,7,22,13,10,5,12,17
rp2_s203_w72_t34 28 2,3,15,12,23;6,25,11,8,19,21,14;0,3,24,16,23;0,2,24,20,15;6,17,27,22,7,25;9,10,27,12,23,16;1,25,4,17,14;4,22,21,26,25;1,19,17,14,11;5,10,18,20,24,16;5,9,18,13,27;1,25,26,14,8;0,15,17,27,5,23;10,18,19,22,27;1,21,26,11,8,17,6;0,3,20,19,17,12;2,23,5,9,24;4,6,14,8,19,15,12,27;9,20,19,13,10;1,21,22,13,18,20,15,17,8;3,24,9,18,19,15;1,19,22,7,26,14;4,7,21,19,13,27;0,12,5,16,2;2,3,20,9,16;1,6,4,7,26,11;7,25,11,14,21;4,17,12,5,10,13,22
rp2_s205_w416_t329 28 2,3,15,12,23;6,25,11,8,19,21,14;0,3,24,16,23;0,2,24,20,15;6,17,27,7,26,25;9,10,27,12,23,16;1,25,4,17,14;4,27,22,21,26;1,19,15,14,11;5,10,18,20,24,16;5,9,18,13,27;1,25,26,21,14,8;0,15,17,27,5,23;10,18,19,22,27;1,21,11,8,15,17,6;0,3,20,19,8,14,17,12;2,23,5,9,24;4,6,14,15,12,27;9,20,19,13,10;1,21,22,13,18,20,15,8;3,24,9,18,19,15;1,14,11,26,7,22,19;7,27,13,19,21;0,12,5,16,2;2,3,20,9,16;1,6,4,26,11;4,25,11,21,7;4,7,22,13,10,5,12,17
rp2_s203_w1066_t186 28 2,3,15,12,23;6,25,11,8,15,19,21,14;0,3,24,16,23;0,2,24,20,15;6,17,7,26,25;9,10,27,12,23,16;1,25,4,17,14;4,17,27,22,21,26;1,11,14,17,15;5,10,18,20,24,16;5,9,18,13,27;1,8,14,21,26,25;0,15,17,27,5,23;10,18,19,22,27;1,21,11,8,17,6;0,3,20,19,1,8,17,12;2,23,5,9,24;4,7,27,12,15,8,14,6;9,20,19,13,10;1,21,22,13,18,20,15;3,24,9,18,19,15;1,19,22,7,26,11,14;7,27,13,19,21;0,12,5,16,2;2,3,20,9,16;1,6,4,26,11;4,25,11,21,7;5,10,13,22,7,17,12
rp2_s203_w806_t41 28 2,3,15,12,23;6,25,11,8,19,21,14;0,3,24,16,23;0,2,24,20,15;6,17,7,26,25;9,10,27,12,23,16;1,25,4,17,14;4,17,27,22,21,26;1,19,15,17,14,11;5,10,18,20,24,16;5,9,18,13,27;1,25,26,21,14,8;0,15,17,27,5,23;10,18,19,22,27;1,21,11,8,17,6;0,3,20,19,8,17,12;2,23,5,9,24;4,6,14,8,15,12,27,7;9,20,19,13,10;1,21,22,13,18,20,15,8;3,24,9,18,19,15;1,19,22,7,26,11,14;7,27,13,19,21;0,12,5,16,2;2,3,20,9,16;1,6,4,26,11;4,25,11,21,7;5,10,13,22,7,17,12
rp2_s205_w315_t3 28 2,3,15,12,23;6,25,11,19,21,14,8;0,3,24,16,23;0,2,24,20,15;6,17,7,26,25;9,10,27,12,23,16;1,25,4,17,8;4,17,27,22,21,26;1,14,11,19,15,17,6;5,10,18,20,24,16;5,9,18,13,27;1,25,26,14,8,19;0,15,17,27,5,23;10,18,19,22,27;1,21,26,11,8;0,3,20,19,8,17,12;2,23,5,9,24;4,6,8,15,12,27,7;9,20,19,13,10;1,21,22,13,18,20,15,8,11;3,24,9,18,19,15;1,19,22,7,26,14;7,27,13,19,21;0,12,5,16,2;2,3,20,9,16;1,6,4,26,11;4,25,11,14,21,7;5,10,13,22,7,17,12
rp2_s205_w923_t-1 28 4,16,7,12,10,22,24;3,17,14,5,20,4,16;9,18,14,17,26;1,17,26,19,11,16;0,16,1,20,13,24;1,20,8,22,23,25,15,18,14;12,21,15,25,27;0,12,21,11,16;5,20,13,23,10,22;2,18,15,19,26;0,22,8,23,27,12;3,19,21,7,16;0,7,21,6,27,10;4,20,8,23,24;1,17,2,18,5;5,18,9,19,21,6,25;0,4,1,3,11,7;1,14,2,26,3;2,9,15,5,14;3,11,21,15,9,26;1,5,8,13,4;6,12,7,11,19,15;0,10,8,5,23,24;5,22,24,13,8,10,27,25;0,22,23,13,4;5,23,27,6,15;2,9,19,3,17;6,25,23,10,12
rp2_s205_w144_t-1 28 2,3,15,12,23;6,25,26,11,8,19,14;0,3,24,16,23;0,2,24,20,15;7,27,17,25,26;9,10,27,12,23,16;1,25,17,8,14;4,27,22,21,26;1,19,15,17,6,14,11;5,10,18,20,24,16;5,9,18,13,27;1,26,21,14,8;0,15,17,27,5,23;10,18,19,22,27;1,6,8,11,21,19;0,3,20,19,8,17,12;2,23,5,9,24;4,25,6,8,15,12,27;9,20,19,13,10;1,14,21,22,13,18,20,15,8;3,24,9,18,19,15;7,26,11,14,19,22;7,27,13,19,21;0,12,5,16,2;2,3,20,9,16;1,6,17,4,26;1,25,4,7,21,11;4,7,22,13,10,5,12,17
rp2_s205_w840_t457 28 2,3,15,12,23;6,25,11,8,19,14;0,3,24,16,23;0,2,24,20,15;7,27,17,25,26;9,10,27,12,23,16;1,25,17,8,14;4,27,22,21,26;1,19,15,17,6,14,11;5,10,18,20,24,16;5,9,18,13,27;1,25,26,14,8;0,15,17,27,5,23;10,18,19,22,27;1,6,8,11,26,21,19;0,3,20,19,8,17,12;2,23,5,9,24;4,25,6,8,15,12,27;9,20,19,13,10;1,14,21,22,13,18,20,15,8;3,24,9,18,19,15;7,26,14,19,22;7,27,13,19,21;0,12,5,16,2;2,3,20,9,16;1,6,17,4,26,11;4,25,11,14,21,7;4,7,22,13,10,5,12,17
rp2_s205_w967_t149 28 2,3,15,12,23;6,25,11,8,15,19,14;0,3,24,16,23;0,2,24,20,15;7,27,17,25,26;9,10,27,12,23,16;1,25,17,8,14;4,27,22,21,26;1,15,17,6,14,11;5,10,18,20,24,16;5,9,18,13,27;1,25,26,21,14,8;0,15,17,27,5,23;10,18,19,22,27;1,6,8,11,21,22,19;0,3,20,19,1,8,17,12;2,23,5,9,24;4,25,6,8,15,12,27;9,20,19,13,10;1,14,22,13,18,20,15;3,24,9,18,19,15;7,26,11,14,22;7,27,13,19,14,21;0,12,5,16,2;2,3,20,9,16;1,6,17,4,26,11;4,25,11,21,7;4,7,22,13,10,5,12,17
rp2_s205_w196_t198 28 2,3,15,12,23;6,25,11,8,15,19,14;0,3,24,16,23;0,2,24,20,15;6,17,27,7,26,25;9,10,27,12,23,16;1,25,4,17,14;4,27,22,21,26;1,15,17,14,11;5,10,18,20,24,16;5,9,18,13,27;1,25,26,21,14,8;0,15,17,27,5,23;10,18,19,22,27;1,6,17,8,11,21,19;0,3,20,19,1,8,17,12;2,23,5,9,24;4,6,14,8,15,12,27;9,20,19,13,10;1,14,21,22,13,18,20,15;3,24,9,18,19,15;7,26,11,14,19,22;7,27,13,19,21;0,12,5,16,2;2,3,20,9,16;1,6,4,26,11;4,25,11,21,7;4,7,22,13,10,5,12,17
rp2_s203_w131_t323 28 2,3,15,12,23;6,25,11,8,15,19,21,14;0,3,24,16,23;0,2,24,20,15;6,25,26,7,27;9,10,27,12,23,16;1,25,4,27,17,14;4,27,22,21,26;1,15,17,14,11;5,10,18,20,24,16;5,9,18,13,27;1,25,26,21,14,8;0,15,17,27,5,23;10,18,19,22,27;1,21,11,8,17,6;0,3,20,19,1,8,17,12;2,23,5,9,24;6,14,8,15,12,27;9,20,19,13,10;1,21,22,13,18,20,15;3,24,9,18,19,15;1,19,22,7,26,11,14;7,27,13,19,21;0,12,5,16,2;2,3,20,9,16;1,6,4,26,11;4,25,11,21,7;4,7,22,13,10,5,12,17,6
rp2_s205_w105_t4 28 2,3,15,12,23;6,25,11,8,19,21,14;0,3,24,16,23;0,2,24,20,15;6,25,26,7,27,17;9,10,27,12,23,16;1,25,4,17,14;4,27,22,21,26;1,19,15,17,14,11;5,10,18,20,24,16;5,9,18,13,27;1,25,26,21,14,8;0,15,17,27,5,23;10,18,19,22,27;1,21,11,8,17,6;0,3,20,19,8,17,12;2,23,5,9,24;4,6,14,8,15,12,27;9,20,19,13,10;1,21,22,13,18,20,15,8;3,24,9,18,19,15;1,19,22,7,26,11,14;7,27,13,19,21;0,12,5,16,2;2,3,20,9,16;1,6,4,26,11;4,25,11,21,7;4,7,22,13,10,5,12,17
rp2_s205_w508_t307 28 2,3,15,12,23;6,25,11,8,15,19,21,14;0,3,24,16,23;0,2,24,20,15;6,17,7,26,25;9,10,27,12,23,16;1,25,4,17,14;4,17,27,22,21,26;1,15,17,14,11;5,10,18,20,24,16;5,9,18,13,27;1,25,26,21,14,8;0,15,17,27,5,23;10,18,19,22,27;1,21,11,8,17,6;0,3,20,19,1,8,17,12;2,23,5,9,24;4,7,27,12,15,8,14,6;9,20,19,13,10;1,21,22,13,18,20,15;3,24,9,18,19,15;1,14,11,26,7,22,19;7,27,13,19,21;0,12,5,16,2;2,3,20,9,16;1,6,4,26,11;4,25,11,21,7;5,10,13,22,7,17,12
rp2_s205_w52_t17 28 2,3,15,12,23;6,25,11,8,15,19,21,14;0,3,24,16,23;0,2,24,20,15;6,27,7,26,25;9,10,27,12,23,16;1,25,4,27,17,14;4,27,22,21,26;1,15,17,14,11;5,10,18,20,24,16;5,9,18,13,27;1,25,26,21,14,8;0,15,17,27,5,23;10,18,19,22,27;1,21,11,8,17,6;0,3,20,19,1,8,17,12;2,23,5,9,24;6,27,12,15,8,14;9,20,19,13,10;1,21,22,13,18,20,15;3,24,9,18,19,15;1,19,22,7,26,11,14;7,27,13,19,21;0,12,5,16,2;2,3,20,9,16;1,6,4,26,11;4,25,11,21,7;4,7,22,13,10,5,12,17,6
rp2_s203_w903_t179 28 2,3,15,12,23;6,25,11,8,21;0,3,24,16,23;0,2,24,20,15;6,17,7,26,25;9,10,27,12,23,16;1,25,4,17,8,14,7,21;4,17,27,22,21,6,14,26;1,21,17,6,14,11;5,10,18,20,24,16;5,9,18,13,27;1,25,26,14,8;0,15,17,27,5,23;10,18,19,22,27;6,7,26,11,8;0,3,20,19,17,12;2,23,5,9,24;4,7,27,12,15,19,21,8,6;9,20,19,13,10;13,22,21,17,15,20,18;3,24,9,18,19,15;1,8,17,19,22,7,6;7,27,13,19,21;0,12,5,16,2;2,3,20,9,16;1,6,4,26,11;4,25,11,14,7;5,10,13,22,7,17,12
rp2_s205_w719_t166 28 2,3,15,12,23;6,25,11,8,19,21,14;0,3,24,16,23;0,2,24,20,15;6,17,27,7,26,25;9,10,27,12,23,16;1,25,4,17,14;4,27,22,21,26;1,11,14,15,19;5,10,18,20,24,16;5,9,18,13,27;1,25,26,21,14,8;0,15,17,27,5,23;10,18,19,22,27;1,21,11,8,15,17,6;0,3,20,19,8,14,17,12;2,23,5,9,24;4,6,14,15,12,27;9,20,19,13,10;1,21,22,13,18,20,15,8;3,24,9,18,19,15;1,19,22,7,26,11,14;7,27,13,19,21;0,12,5,16,2;2,3,20,9,16;1,6,4,26,11;4,25,11,21,7;4,7,22,13,10,5,12,17
rp2_s205_w143_t103 28 2,3,15,12,23;6,25,11,15,19,21,14,8;0,3,24,16,23;0,2,24,20,15;6,17,7,21,26,25;9,10,27,12,23,16;1,25,4,17,8;4,17,27,22,21;1,14,11,15,17,6;5,10,18,20,24,16;5,9,18,13,27;1,25,26,14,8,15;0,15,17,27,5,23;10,18,19,22,27;1,21,26,11,8;0,3,20,19,1,11,8,17,12;2,23,5,9,24;4,6,8,15,12,27,7;9,20,19,13,10;1,21,22,13,18,20,15;3,24,9,18,19,15;1,19,22,7,4,26,14;7,27,13,19,21;0,12,5,16,2;2,3,20,9,16;1,6,4,26,11;4,25,11,14,21;5,10,13,22,7,17,12
rp2_s205_w476_t20 28 2,3,15,12,23;6,25,11,8,19,14;0,3,24,16,23;0,2,24,20,15;7,27,17,25,26;9,10,27,12,23,16;1,25,17,8,14;4,27,22,21,26;1,19,15,17,6,14,11;5,10,18,20,24,16;5,9,18,13,27;1,25,26,21,14,8;0,15,17,27,5,23;10,18,19,22,27;1,6,8,11,21,19;0,3,20,19,8,17,12;2,23,5,9,24;4,25,6,8,15,12,27;9,20,19,13,10;1,8,15,20,18,13,22,21,14;3,24,9,18,19,15;7,26,11,14,19,22;7,27,13,19,21;0,12,5,16,2;2,3,20,9,16;1,6,17,4,26,11;4,25,11,21,7;4,7,22,13,10,5,12,17
rp2_s205_w84_t806 28 2,3,15,12,23;6,25,11,8,19,14;0,3,24,16,23;0,2,24,20,15;6,17,27,7,26,25;9,10,27,12,23,16;1,25,4,17,14;4,27,22,21,26;1,11,14,17,19;5,10,18,20,24,16;5,9,18,13,27;1,25,26,21,14,8;0,15,17,27,5,23;10,18,19,22,27;1,19,21,11,8,17,6;0,3,20,19,17,12;2,23,5,9,24;4,6,14,8,19,15,12,27;9,20,19,13,10;1,14,21,22,13,18,20,15,17,8;3,24,9,18,19,15;7,26,11,14,19,22;7,27,13,19,21;0,12,5,16,2;2,3,20,9,16;1,6,4,26,11;4,25,11,21,7;4,7,22,13,10,5,12,17
rp2_s205_w109_t457 28 2,3,15,12,23;6,25,11,8,19,14;0,3,24,16,23;0,2,24,20,15;7,27,17,25,26;9,10,27,12,23,16;1,25,17,8,14;4,27,22,21,26;1,19,17,6,14,11;5,10,18,20,24,16;5,9,18,13,27;1,25,26,21,14,8;0,15,17,27,5,23;10,18,19,22,27;1,6,8,11,21,22,19;0,3,20,19,17,12;2,23,5,9,24;4,25,6,8,19,15,12,27;9,20,19,13,10;1,14,22,13,18,20,15,17,8;3,24,9,18,19,15;7,26,11,14,22;7,27,13,19,14,21;0,12,5,16,2;2,3,20,9,16;1,6,17,4,26,11;4,25,11,21,7;4,7,22,13,10,5,12,17
rp2_s205_w973_t40 28 2,3,15,12,23;6,14,21,19,15,8;0,3,24,16,23;0,2,24,20,15;6,17,7,26,25;9,10,27,12,23,16;1,14,17,4,25,8;4,17,27,22,26;1,15,17,14,11,25,6;5,10,18,20,24,16;5,9,18,13,27;8,25,26,21,14;0,15,17,27,5,23;10,18,19,22,27;1,6,17,8,11,21;0,3,20,19,1,8,17,12;2,23,5,9,24;4,6,14,8,15,12,27,7;9,20,19,13,10;1,21,22,13,18,20,15;3,24,9,18,19,15;1,19,22,26,11,14;7,26,21,19,13,27;0,12,5,16,2;2,3,20,9,16;4,26,11,8,6;4,25,11,21,22,7;5,10,13,22,7,17,12
rp2_s205_w160_t287 28 2,3,15,12,23;6,25,11,8,19,14;0,3,24,16,23;0,2,24,20,15;6,25,26,7,27,17;9,10,27,12,23,16;1,25,4,17,14;4,27,22,21,26;1,19,15,17,14,11;5,10,18,20,24,16;5,9,18,13,27;1,25,26,14,8;0,15,17,27,5,23;10,18,19,22,27;1,19,21,26,11,8,17,6;0,3,20,19,8,17,12;2,23,5,9,24;4,6,14,8,15,12,27;9,20,19,13,10;1,14,21,22,13,18,20,15,8;3,24,9,18,19,15;7,26,14,19,22;7,27,13,19,21;0,12,5,16,2;2,3,20,9,16;1,6,4,26,11;4,25,11,14,21,7;4,7,22,13,10,5,12,17
rp2_s205_w357_t762 28 2,3,15,12,23;6,25,11,8,15,19,21,14;0,3,24,16,23;0,2,24,20,15;6,17,7,26,25;9,10,27,12,23,16;1,25,4,17,14;4,17,27,22,21,26;1,11,14,17,15;5,10,18,20,24,16;5,9,18,13,27;1,25,26,21,14,8;0,15,17,27,5,23;10,18,19,22,27;1,21,11,8,17,6;0,3,20,19,1,8,17,12;2,23,5,9,24;4,7,27,12,15,8,14,6;9,20,19,13,10;1,21,22,13,18,20,15;3,24,9,18,19,15;1,19,22,7,26,11,14;7,27,13,19,21;0,12,5,16,2;2,3,20,9,16;1,6,4,26,11;4,25,11,21,7;5,10,13,22,7,17,12
rp2_s205_w495_t-1 28 2,3,15,12,23;6,25,11,19,21,14,8;0,3,24,16,23;0,2,24,20,15;6,17,7,21,26,25;9,10,27,12,23,16;1,25,4,17,8;4,17,27,22,21;1,14,11,17,6;5,10,18,20,24,16;5,9,18,13,27;1,25,26,14,8,17,15,19;0,15,17,27,5,23;10,18,19,22,27;1,21,26,11,8;0,3,20,19,11,17,12;2,23,5,9,24;4,6,8,11,15,12,27,7;9,20,19,13,10;1,21,22,13,18,20,15,11;3,24,9,18,19,15;1,19,22,7,4,26,14;7,27,13,19,21;0,12,5,16,2;2,3,20,9,16;1,6,4,26,11;4,25,11,14,21;5,10,13,22,7,17,12
rp2_s205_w117_t965 28 2,3,15,12,23;6,14,19,8,11,25;0,3,24,16,23;0,2,24,20,15;7,27,17,25,26;9,10,27,12,23,16;1,14,8,17,25;4,27,22,21,26;1,19,17,6,14,11;5,10,18,20,24,16;5,9,18,13,27;1,25,26,21,14,8;0,15,17,27,5,23;10,18,19,22,27;1,6,8,11,21,19;0,3,20,19,17,12;2,23,5,9,24;4,25,6,8,19,15,12,27;9,20,19,13,10;1,14,21,22,13,18,20,15,17,8;3,24,9,18,19,15;7,26,11,14,19,22;7,27,13,19,21;0,12,5,16,2;2,3,20,9,16;1,11,26,4,17,6;4,25,11,21,7;4,7,22,13,10,5,12,17
rp2_s205_w677_t13 28 2,3,15,12,23;6,25,11,8,19,14;0,3,24,16,23;0,2,24,20,15;7,27,17,25,26;9,10,27,12,23,16;1,25,17,8,14;4,27,22,21,26;1,19,15,17,6,14,11;5,10,18,20,24,16;5,9,18,13,27;1,25,26,21,14,8;0,15,17,27,5,23;10,18,19,22,27;1,6,8,11,21,19;0,3,20,19,8,17,12;2,23,5,9,24;4,25,6,8,15,12,27;9,20,19,13,10;1,14,21,22,13,18,20,15,8;3,24,9,18,19,15;7,26,11,14,19,22;7,27,13,19,21;0,12,5,16,2;2,3,20,9,16;1,6,17,4,26,11;4,25,11,21,7;4,7,22,13,10,5,12,17
rp2_s203_w1037_t-1 30 2,4,5,19,8;3,20,11,23,13,6;0,4,7,16,8;1,20,26,21,6;0,2,7,13,6,5;0,19,18,11,23,16,6,4;1,13,4,5,16,9,12,17,21,3;2,4,13,23,16;0,2,16,9,25,27,29,26,19;6,16,8,25,14,12;14,25,27,22,28;1,23,5,18,20;6,9,14,28,24,17;1,6,4,7,23;9,12,28,10,25;17,24,29,26,21;2,8,9,6,5,23,7;6,12,24,15,21;5,19,26,20,11;0,5,18,26,8;1,3,26,18,11;3,26,15,17,6;10,27,29,24,28;1,11,5,16,7,13;12,28,22,29,15,17;8,9,14,10,27;3,21,15,29,8,19,18,20;8,25,10,22,29;10,22,24,12,14;8,27,22,24,15,26
rp2_s205_w428_t94 28 2,3,15,12,23;6,25,11,8,15,19,21,14;0,3,24,16,23;0,2,24,20,15;6,17,27,7,26,25;9,10,27,12,23,16;1,25,4,17,14;4,27,22,21,26;1,11,14,17,15;5,10,18,20,24,16;5,9,18,13,27;1,8,14,21,26,25;0,15,17,27,5,23;10,18,19,22,27;1,21,11,8,17,6;0,3,20,19,1,8,17,12;2,23,5,9,24;4,6,14,8,15,12,27;9,20,19,13,10;1,21,22,13,18,20,15;3,24,9,18,19,15;1,19,22,7,26,11,14;7,27,13,19,21;0,12,5,16,2;2,3,20,9,16;1,6,4,26,11;4,25,11,21,7;4,7,22,13,10,5,12,17
rp2_s205_w62_t665 28 2,3,15,12,23;6,25,11,8,19,21,14;0,3,24,16,23;0,2,24,20,15;6,17,27,7,26,25;9,10,27,12,23,16;1,25,4,17,14;4,27,22,21,26;1,11,14,17,19;5,10,18,20,24,16;5,9,18,13,27;1,25,26,21,14,8;0,15,17,27,5,23;10,18,19,22,27;1,21,11,8,17,6;0,3,20,19,17,12;2,23,5,9,24;4,6,14,8,19,15,12,27;9,20,19,13,10;1,21,22,13,18,20,15,17,8;3,24,9,18,19,15;1,14,11,26,7,22,19;7,27,13,19,21;0,12,5,16,2;2,3,20,9,16;1,6,4,26,11;4,25,11,21,7;4,7,22,13,10,5,12,17
rp2_s203_w392_t327 28 2,3,15,12,23;6,25,11,8,15,19,21,14;0,3,24,16,23;0,2,24,20,15;6,27,7,26,25;9,10,27,12,23,16;1,25,4,27,17,14;4,27,22,21,26;1,11,14,17,15;5,10,18,20,24,16;5,9,18,13,27;1,8,14,21,26,25;0,15,17,27,5,23;10,18,19,22,27;1,21,11,8,17,6;0,3,20,19,1,8,17,12;2,23,5,9,24;6,27,12,15,8,14;9,20,19,13,10;1,21,22,13,18,20,15;3,24,9,18,19,15;1,14,11,26,7,22,19;7,27,13,19,21;0,12,5,16,2;2,3,20,9,16;1,6,4,26,11;4,25,11,21,7;4,7,22,13,10,5,12,17,6
rp2_s205_w446_t534 28 2,3,15,12,23;6,25,11,8,19,21,14;0,3,24,16,23;0,2,24,20,15;6,17,27,7,26,25;9,10,27,12,23,16;1,25,4,17,14;4,27,22,21,26;1,11,14,15,19;5,10,18,20,24,16;5,9,18,13,27;1,25,26,21,14,8;0,15,17,27,5,23;10,18,19,22,27;1,21,11,8,15,17,6;0,3,20,19,8,14,17,12;2,23,5,9,24;4,6,14,15,12,27;9,20,19,13,10;1,21,22,13,18,20,15,8;3,24,9,18,19,15;1,14,11,26,7,22,19;7,27,13,19,21;0,12,5,16,2;2,3,20,9,16;1,6,4,26,11;4,25,11,21,7;4,7,22,13,10,5,12,17
rp2_s205_w856_t4 28 2,3,15,12,23;6,25,11,19,21,14,8;0,3,24,16,23;0,2,24,20,15;6,17,7,21,26,25;9,10,27,12,23,16;1,25,4,17,8;4,17,27,22,21;1,14,11,17,6;5,10,18,20,24,16;5,9,18,13,27;1,25,26,14,8,17,19;0,15,17,27,5,23;10,18,19,22,27;1,21,26,11,8;0,3,20,19,17,12;2,23,5,9,24;4,6,8,11,19,15,12,27,7;9,20,19,13,10;1,21,22,13,18,20,15,17,11;3,24,9,18,19,15;1,19,22,7,4,26,14;7,27,13,19,21;0,12,5,16,2;2,3,20,9,16;1,6,4,26,11;4,25,11,14,21;5,10,13,22,7,17,12
rp2_s203_w532_t614 28 2,3,15,12,23;6,25,11,8,19,21,14;0,3,24,16,23;0,2,24,20,15;6,25,26,7,17;9,10,27,12,23,16;1,25,4,17,14;4,17,27,22,21,26;1,11,14,17,15,19;5,10,18,20,24,16;5,9,18,13,27;1,25,26,21,14,8;0,15,17,27,5,23;10,18,19,22,27;1,21,11,8,17,6;0,3,20,19,8,17,12;2,23,5,9,24;4,7,27,12,15,8,14,6;9,20,19,13,10;1,21,22,13,18,20,15,8;3,24,9,18,19,15;1,14,11,26,7,22,19;7,27,13,19,21;0,12,5,16,2;2,3,20,9,16;1,6,4,26,11;4,25,11,21,7;5,10,13,22,7,17,12
rp2_s205_w522_t267 28 2,3,15,12,23;6,25,11,8,19,14;0,3,24,16,23;0,2,24,20,15;6,17,27,7,26,25;9,10,27,12,23,16;1,25,4,17,14;4,27,22,21,26;1,19,17,14,11;5,10,18,20,24,16;5,9,18,13,27;1,25,26,14,8;0,15,17,27,5,23;10,18,19,22,27;1,19,21,26,11,8,17,6;0,3,20,19,17,12;2,23,5,9,24;4,6,14,8,19,15,12,27;9,20,19,13,10;1,14,21,22,13,18,20,15,17,8;3,24,9,18,19,15;7,26,14,19,22;7,27,13,19,21;0,12,5,16,2;2,3,20,9,16;1,6,4,26,11;4,25,11,14,21,7;4,7,22,13,10,5,12,17
rp2_s205_w429_t989 28 2,3,15,12,23;6,25,11,8,19,14;0,3,24,16,23;0,2,24,20,15;6,17,27,7,26,25;9,10,27,12,23,16;1,25,4,17,14;4,27,22,21,26;1,11,14,17,15,19;5,10,18,20,24,16;5,9,18,13,27;1,25,26,14,8;0,15,17,27,5,23;10,18,19,22,27;1,19,21,26,11,8,17,6;0,3,20,19,8,17,12;2,23,5,9,24;4,6,14,8,15,12,27;9,20,19,13,10;1,14,21,22,13,18,20,15,8;3,24,9,18,19,15;7,26,14,19,22;7,27,13,19,21;0,12,5,16,2;2,3,20,9,16;1,6,4,26,11;4,25,11,14,21,7;4,7,22,13,10,5,12,17
rp2_s205_w196_t569 28 2,3,15,12,23;6,25,11,8,19,21,14;0,3,24,16,23;0,2,24,20,15;6,17,27,7,26,25;9,10,27,12,23,16;1,25,4,17,14;4,27,22,21,26;1,19,15,17,14,11;5,10,18,20,24,16;5,9,18,13,27;1,25,26,21,14,8;0,15,17,27,5,23;10,18,19,22,27;1,21,11,8,17,6;0,3,20,19,8,17,12;2,23,5,9,24;4,6,14,8,15,12,27;9,20,19,13,10;1,21,22,13,18,20,15,8;3,24,9,18,19,15;1,14,11,26,7,22,19;7,27,13,19,21;0,12,5,16,2;2,3,20,9,16;1,6,4,26,11;4,25,11,21,7;4,7,22,13,10,5,12,17
rp2_s205_w657_t67 28 2,3,15,12,23;6,25,11,8,15,19,21,14;0,3,24,16,23;0,2,24,20,15;6,27,7,26,25;9,10,27,12,23,16;1,25,4,27,17,14;4,27,22,21,26;1,15,17,14,11;5,10,18,20,24,16;5,9,18,13,27;1,25,26,21,14,8;0,15,17,27,5,23;10,18,19,22,27;1,21,11,8,17,6;0,3,20,19,1,8,17,12;2,23,5,9,24;6,27,12,15,8,14;9,20,19,13,10;1,21,22,13,18,20,15;3,24,9,18,19,15;1,19,22,7,26,11,14;7,27,13,19,21;0,12,5,16,2;2,3,20,9,16;1,6,4,26,11;4,25,11,21,7;4,6,17,12,5,10,13,22,7
rp2_s205_w124_t234 28 2,3,15,12,23;6,25,11,8,19,21,14;0,3,24,16,23;0,2,24,20,15;6,27,7,26,25;9,10,27,12,23,16;1,25,4,27,17,14;4,27,22,21,26;1,19,17,14,11;5,10,18,20,24,16;5,9,18,13,27;1,25,26,21,14,8;0,15,17,27,5,23;10,18,19,22,27;1,21,11,8,17,6;0,3,20,19,17,12;2,23,5,9,24;6,27,12,15,19,8,14;9,20,19,13,10;1,21,22,13,18,20,15,17,8;3,24,9,18,19,15;1,19,22,7,26,11,14;7,27,13,19,21;0,12,5,16,2;2,3,20,9,16;1,6,4,26,11;4,25,11,21,7;4,7,22,13,10,5,12,17,6
rp2_s203_w566_t509 28 2,3,15,12,23;6,25,11,19,21,14;0,3,24,16,23;0,2,24,20,15;6,25,26,7,27,17;9,10,27,12,23,16;1,25,4,17,14;4,27,22,21,26;11,14,17,15,19;5,10,18,20,24,16;5,9,18,13,27;1,25,26,21,14,8,19;0,15,17,27,5,23;10,18,19,22,27;1,21,11,8,17,6;0,3,20,19,8,17,12;2,23,5,9,24;4,6,14,8,15,12,27;9,20,19,13,10;1,21,22,13,18,20,15,8,11;3,24,9,18,19,15;1,14,11,26,7,22,19;7,27,13,19,21;0,12,5,16,2;2,3,20,9,16;1,6,4,26,11;4,25,11,21,7;4,7,22,13,10,5,12,17
rp2_s205_w460_t631 28 2,3,15,12,23;6,25,11,8,19,14;0,3,24,16,23;0,2,24,20,15;6,17,27,7,26,25;9,10,27,12,23,16;1,25,4,17,14;4,27,22,21,26;1,11,14,17,15,19;5,10,18,20,24,16;5,9,18,13,27;1,25,26,21,14,8;0,15,17,27,5,23;10,18,19,22,27;1,19,21,11,8,17,6;0,3,20,19,8,17,12;2,23,5,9,24;4,6,14,8,15,12,27;9,20,19,13,10;1,14,21,22,13,18,20,15,8;3,24,9,18,19,15;7,26,11,14,19,22;7,27,13,19,21;0,12,5,16,2;2,3,20,9,16;1,6,4,26,11;4,25,11,21,7;4,7,22,13,10,5,12,17
rp2_s205_w771_t169 28 2,3,15,12,23;6,25,11,8,19,21,14;0,3,24,16,23;0,2,24,20,15;6,27,7,26,25;9,10,27,12,23,16;1,25,4,27,17,14;4,27,22,21,26;1,11,14,17,15,19;5,10,18,20,24,16;5,9,18,13,27;1,8,14,21,26,25;0,15,17,27,5,23;10,18,19,22,27;1,21,11,8,17,6;0,3,20,19,8,17,12;2,23,5,9,24;6,27,12,15,8,14;9,20,19,13,10;1,21,22,13,18,20,15,8;3,24,9,18,19,15;1,19,22,7,26,11,14;7,27,13,19,21;0,12,5,16,2;2,3,20,9,16;1,6,4,26,11;4,25,11,21,7;4,7,22,13,10,5,12,17,6
rp2_s205_w749_t496 28 2,3,15,12,23;6,25,11,8,19,21,14;0,3,24,16,23;0,2,24,20,15;6,27,7,26,25;9,10,27,12,23,16;1,25,4,27,17,14;4,27,22,21,26;1,19,17,14,11;5,10,18,20,24,16;5,9,18,13,27;1,25,26,21,14,8;0,15,17,27,5,23;10,18,19,22,27;1,21,11,8,17,6;0,3,20,19,17,12;2,23,5,9,24;6,27,12,15,19,8,14;9,20,19,13,10;1,21,22,13,18,20,15,17,8;3,24,9,18,19,15;1,14,11,26,7,22,19;7,27,13,19,21;0,12,5,16,2;2,3,20,9,16;1,6,4,26,11;4,25,11,21,7;4,7,22,13,10,5,12,17,6
rp2_s205_w619_t642 28 2,3,15,12,23;6,25,11,8,19,14;0,3,24,16,23;0,2,24,20,15;7,27,17,25,26;9,10,27,12,23,16;1,25,17,8,14;4,27,22,21,26;1,19,17,6,14,11;5,10,18,20,24,16;5,9,18,13,27;1,25,26,21,14,8;0,15,17,27,5,23;10,18,19,22,27;1,6,8,11,21,22,19;0,3,20,19,17,12;2,23,5,9,24;4,25,6,8,19,15,12,27;9,20,19,13,10;1,8,17,15,20,18,13,22,14;3,24,9,18,19,15;7,26,11,14,22;7,27,13,19,14,21;0,12,5,16,2;2,3,20,9,16;1,6,17,4,26,11;4,25,11,21,7;4,7,22,13,10,5,12,17
rp2_s205_w607_t-1 28 7,12,10,22,24,16;3,17,14,5,20,4,16;9,18,14,17,26;1,17,26,19,11,16;1,20,13,24,16;1,20,8,22,23,25,15,18,14;12,21,15,25,27;0,12,21,11,16;5,20,13,23,10,22;2,18,15,19,26;0,22,8,23,27,12;3,19,21,7,16;0,7,21,6,27,10;4,20,8,23,24;1,17,2,18,5;5,18,9,19,21,6,25;0,24,4,1,3,11,7;1,14,2,26,3;2,9,15,5,14;3,11,21,15,9,26;1,5,8,13,4;6,12,7,11,19,15;0,10,8,5,23,24;5,22,24,13,8,10,27,25;0,16,4,13,23,22;5,23,27,6,15;2,9,19,3,17;6,25,23,10,12
rp2_s203_w455_t93 28 2,3,15,12,23;6,25,11,8,19,14;0,3,24,16,23;0,2,24,20,15;6,17,27,7,26,25;9,10,27,12,23,16;1,25,4,17,14;4,27,22,21,26;1,11,14,17,15,19;5,10,18,20,24,16;5,9,18,13,27;1,8,14,26,25;0,15,17,27,5,23;10,18,19,22,27;1,19,21,26,11,8,17,6;0,3,20,19,8,17,12;2,23,5,9,24;4,6,14,8,15,12,27;9,20,19,13,10;1,14,21,22,13,18,20,15,8;3,24,9,18,19,15;7,26,14,19,22;7,27,13,19,21;0,12,5,16,2;2,3,20,9,16;1,6,4,26,11;4,25,11,14,21,7;4,7,22,13,10,5,12,17
rp2_s205_w952_t159 28 2,3,15,12,23;6,25,11,8,19,21,14;0,3,24,16,23;0,2,24,20,15;6,25,26,7,27,17;9,10,27,12,23,16;1,25,4,17,14;4,27,22,21,26;1,19,15,14,11;5,10,18,20,24,16;5,9,18,13,27;1,25,26,21,14,8;0,15,17,27,5,23;10,18,19,22,27;1,21,11,8,15,17,6;0,3,20,19,8,14,17,12;2,23,5,9,24;4,6,14,15,12,27;9,20,19,13,10;1,21,22,13,18,20,15,8;3,24,9,18,19,15;1,19,22,7,26,11,14;7,27,13,19,21;0,12,5,16,2;2,3,20,9,16;1,6,4,26,11;4,25,11,21,7;4,7,22,13,10,5,12,17
rp2_s205_w502_t91 28 7,12,10,22,24,16;3,17,14,5,20,4,16;9,18,14,17,26;1,17,26,19,11,16;1,16,24,13,20;1,20,8,22,23,25,15,18,14;12,21,15,25,27;0,12,21,11,16;5,20,13,23,10,22;2,18,15,19,26;0,22,8,23,27,12;3,19,21,7,16;0,7,21,6,27,10;4,20,8,23,24;1,17,2,18,5;5,18,9,19,21,6,25;0,24,4,1,3,11,7;1,14,2,26,3;2,9,15,5,14;3,11,21,15,9,26;1,5,8,13,4;6,12,7,11,19,15;0,10,8,5,23,24;5,22,24,13,8,10,27,25;0,22,23,13,4,16;5,23,27,6,15;2,9,19,3,17;6,25,23,10,12
rp2_s203_w245_t105 28 2,3,15,12,23;6,25,11,8,15,19,21,14;0,3,24,16,23;0,2,24,20,15;6,25,26,7,27,17;9,10,27,12,23,16;1,25,4,17,14;4,27,22,21,26;1,11,14,17,15;5,10,18,20,24,16;5,9,18,13,27;1,8,14,21,26,25;0,15,17,27,5,23;10,18,19,22,27;1,21,11,8,17,6;0,3,20,19,1,8,17,12;2,23,5,9,24;4,6,14,8,15,12,27;9,20,19,13,10;1,21,22,13,18,20,15;3,24,9,18,19,15;1,19,22,7,26,11,14;7,27,13,19,21;0,12,5,16,2;2,3,20,9,16;1,6,4,26,11;4,25,11,21,7;4,7,22,13,10,5,12,17
rp2_s205_w649_t92 28 2,3,15,12,23;6,25,11,8,19,21,14;0,3,24,16,23;0,2,24,20,15;6,27,7,26,25;9,10,27,12,23,16;1,25,4,27,17,14;4,27,22,21,26;1,19,17,14,11;5,10,18,20,24,16;5,9,18,13,27;1,25,26,21,14,8;0,15,17,27,5,23;10,18,19,22,27;1,21,11,8,17,6;0,3,20,19,17,12;2,23,5,9,24;6,27,12,15,19,8,14;9,20,19,13,10;1,8,17,15,20,18,13,22,21;3,24,9,18,19,15;1,14,11,26,7,22,19;7,27,13,19,21;0,12,5,16,2;2,3,20,9,16;1,6,4,26,11;4,25,11,21,7;4,7,22,13,10,5,12,17,6
rp2_s203_w507_t337 28 2,3,15,12,23;6,25,11,8,19,21,14;0,3,24,16,23;0,2,24,20,15;6,25,26,7,27,17;9,10,27,12,23,16;1,25,4,17,14;4,27,22,21,26;1,11,14,17,19;5,10,18,20,24,16;5,9,18,13,27;1,8,14,21,26,25;0,15,17,27,5,23;10,18,19,22,27;1,21,11,8,17,6;0,3,20,19,17,12;2,23,5,9,24;4,6,14,8,19,15,12,27;9,20,19,13,10;1,21,22,13,18,20,15,17,8;3,24,9,18,19,15;1,14,11,26,7,22,19;7,27,13,19,21;0,12,5,16,2;2,3,20,9,16;1,6,4,26,11;4,25,11,21,7;4,7,22,13,10,5,12,17
rp2_s205_w44_t-1 28 2,3,15,12,23;6,25,11,19,21,14;0,3,24,16,23;0,2,24,20,15;6,17,27,7,26,25;9,10,27,12,23,16;1,25,4,17,14;4,27,22,21,26;11,19,15,17,14;5,10,18,20,24,16;5,9,18,13,27;1,25,26,21,14,8,19;0,15,17,27,5,23;10,18,19,22,27;1,21,11,8,17,6;0,3,20,19,8,17,12;2,23,5,9,24;4,6,14,8,15,12,27;9,20,19,13,10;1,21,22,13,18,20,15,8,11;3,24,9,18,19,15;1,19,22,7,26,11,14;7,27,13,19,21;0,12,5,16,2;2,3,20,9,16;1,6,4,26,11;4,25,11,21,7;4,7,22,13,10,5,12,17
rp2_s205_w614_t39 28 2,3,15,12,23;6,25,11,8,19,21,14;0,3,24,16,23;0,2,24,20,15;6,17,7,21,26,25;9,10,27,12,23,16;1,25,4,17,14;4,17,27,22,21;1,19,15,17,14,11;5,10,18,20,24,16;5,9,18,13,27;1,25,26,14,8;0,15,17,27,5,23;10,18,19,22,27;1,21,26,11,8,17,6;0,3,20,19,8,17,12;2,23,5,9,24;4,6,14,8,15,12,27,7;9,20,19,13,10;1,21,22,13,18,20,15,8;3,24,9,18,19,15;1,19,22,7,4,26,14;7,27,13,19,21;0,12,5,16,2;2,3,20,9,16;1,6,4,26,11;4,25,11,14,21;5,10,13,22,7,17,12
rp2_s203_w352_t361 28 2,3,15,12,23;6,25,11,19,21,14;0,3,24,16,23;0,2,24,20,15;6,17,27,7,26,25;9,10,27,12,23,16;1,25,4,17,14;4,27,22,21,26;11,14,17,15,19;5,10,18,20,24,16;5,9,18,13,27;1,25,26,21,14,8,19;0,15,17,27,5,23;10,18,19,22,27;1,21,11,8,17,6;0,3,20,19,8,17,12;2,23,5,9,24;4,6,14,8,15,12,27;9,20,19,13,10;1,11,8,15,20,18,13,22,21;3,24,9,18,19,15;1,14,11,26,7,22,19;7,27,13,19,21;0,12,5,16,2;2,3,20,9,16;1,6,4,26,11;4,25,11,21,7;4,7,22,13,10,5,12,17
rp2_s203_w110_t5 28 2,3,15,12,23;6,25,11,8,19,14;0,3,24,16,23;0,2,24,20,15;6,17,27,7,26,25;9,10,27,12,23,16;1,25,4,17,14;4,27,22,21,26;1,19,15,17,14,11;5,10,18,20,24,16;5,9,18,13,27;1,25,26,14,8;0,15,17,27,5,23;10,18,19,22,27;1,6,17,8,11,26,21,19;0,3,20,19,8,17,12;2,23,5,9,24;4,6,14,8,15,12,27;9,20,19,13,10;1,8,15,20,18,13,22,21,14;3,24,9,18,19,15;7,26,14,19,22;7,27,13,19,21;0,12,5,16,2;2,3,20,9,16;1,6,4,26,11;4,25,11,14,21,7;4,7,22,13,10,5,12,17
rp2_s205_w684_t51 28 2,3,15,12,23;6,25,11,8,19,14;0,3,24,16,23;0,2,24,20,15;7,27,17,25,26;9,10,27,12,23,16;1,25,17,15,8,14;4,27,22,21,26;1,19,15,6,14,11;5,10,18,20,24,16;5,9,18,13,27;1,25,26,21,14,8;0,15,17,27,5,23;10,18,19,22,27;1,6,8,11,21,19;0,3,20,19,8,6,17,12;2,23,5,9,24;4,25,6,15,12,27;9,20,19,13,10;1,14,21,22,13,18,20,15,8;3,24,9,18,19,15;7,26,11,14,19,22;7,27,13,19,21;0,12,5,16,2;2,3,20,9,16;1,6,17,4,26,11;4,25,11,21,7;4,7,22,13,10,5,12,17
rp2_s205_w872_t136 28 2,3,15,12,23;6,25,11,8,19,14;0,3,24,16,23;0,2,24,20,15;7,27,17,25,26;9,10,27,12,23,16;1,25,17,8,14;4,27,22,21,26;1,19,15,17,6,14,11;5,10,18,20,24,16;5,9,18,13,27;1,25,26,21,14,8;0,15,17,27,5,23;10,18,19,22,27;1,6,8,11,21,22,19;0,3,20,19,8,17,12;2,23,5,9,24;4,25,6,8,15,12,27;9,20,19,13,10;1,14,22,13,18,20,15,8;3,24,9,18,19,15;7,26,11,14,22;7,27,13,19,14,21;0,12,5,16,2;2,3,20,9,16;1,6,17,4,26,11;4,25,11,21,7;4,7,22,13,10,5,12,17
rp2_s205_w100_t-1 28 4,16,7,12,10,22,24;3,17,14,5,8,20,16;9,18,14,17,26;1,17,26,19,11,16;0,16,20,13,24;1,8,22,23,25,15,18,14;12,21,15,25,27;0,12,21,11,16;1,5,22,10,23,13,20;2,18,15,19,26;0,22,8,23,27,12;3,19,21,7,16;0,7,21,6,27,10;4,20,8,23,24;1,17,2,18,5;5,18,9,19,21,6,25;0,4,20,1,3,11,7;1,14,2,26,3;2,9,15,5,14;3,11,21,15,9,26;1,16,4,13,8;6,12,7,11,19,15;0,10,8,5,23,24;5,22,24,13,8,10,27,25;0,22,23,13,4;5,23,27,6,15;2,9,19,3,17;6,25,23,10,12
rp2_s205_w854_t425 28 2,3,15,12,23;6,25,11,8,19,21,14;0,3,24,16,23;0,2,24,20,15;6,27,7,26,25;9,10,27,12,23,16;1,25,4,27,17,14;4,27,22,21,26;1,19,15,17,14,11;5,10,18,20,24,16;5,9,18,13,27;1,25,26,21,14,8;0,15,17,27,5,23;10,18,19,22,27;1,21,11,8,17,6;0,3,20,19,8,17,12;2,23,5,9,24;6,27,12,15,8,14;9,20,19,13,10;1,21,22,13,18,20,15,8;3,24,9,18,19,15;1,14,11,26,7,22,19;7,27,13,19,21;0,12,5,16,2;2,3,20,9,16;1,6,4,26,11;4,25,11,21,7;4,7,22,13,10,5,12,17,6
rp2_s203_w918_t26 28 2,3,15,12,23;6,25,8,19,21,14;0,3,24,16,23;0,2,24,20,15;6,17,7,26,25;9,10,27,12,23,16;1,25,4,17,14;4,17,27,22,21,26;1,25,11,14,17,19;5,10,18,20,24,16;5,9,18,13,27;8,14,21,26,25;0,15,17,27,5,23;10,18,19,22,27;1,21,11,8,17,6;0,3,20,19,17,12;2,23,5,9,24;4,6,14,8,19,15,12,27,7;9,20,19,13,10;1,21,22,13,18,20,15,17,8;3,24,9,18,19,15;1,19,22,7,26,11,14;7,27,13,19,21;0,12,5,16,2;2,3,20,9,16;1,6,4,26,11,8;4,25,11,21,7;5,10,13,22,7,17,12
rp2_s205_w819_t77 28 2,3,15,12,23;6,25,11,8,15,19,21,14;0,3,24,16,23;0,2,24,20,15;6,27,7,26,25;9,10,27,12,23,16;1,25,4,27,17,14;4,27,22,21,26;1,11,14,17,15;5,10,18,20,24,16;5,9,18,13,27;1,8,14,21,26,25;0,15,17,27,5,23;10,18,19,22,27;1,21,11,8,17,6;0,3,20,19,1,8,17,12;2,23,5,9,24;6,27,12,15,8,14;9,20,19,13,10;1,21,22,13,18,20,15;3,24,9,18,19,15;1,19,22,7,26,11,14;7,27,13,19,21;0,12,5,16,2;2,3,20,9,16;1,6,4,26,11;4,25,11,21,7;4,7,22,13,10,5,12,17,6
rp2_s205_w815_t760 28 2,3,15,12,23;6,25,11,8,19,21,14;0,3,24,16,23;0,2,24,20,15;6,27,7,26,25;9,10,27,12,23,16;1,25,4,27,17,14;4,27,22,21,26;1,11,14,17,15,19;5,10,18,20,24,16;5,9,18,13,27;1,25,26,21,14,8;0,15,17,27,5,23;10,18,19,22,27;1,21,11,8,17,6;0,3,20,19,8,17,12;2,23,5,9,24;6,27,12,15,8,14;9,20,19,13,10;1,21,22,13,18,20,15,8;3,24,9,18,19,15;1,14,11,26,7,22,19;7,27,13,19,21;0,12,5,16,2;2,3,20,9,16;1,6,4,26,11;4,25,11,21,7;4,7,22,13,10,5,12,17,6
rp2_s205_w985_t284 28 7,12,10,22,24,16;3,17,14,5,20,4,16;9,18,14,17,26;1,17,26,19,11,16;1,16,24,13,20;1,20,8,22,23,25,15,18,14;12,21,15,25,27;0,12,21,11,16;5,22,10,23,13,20;2,18,15,19,26;0,22,8,23,27,12;3,19,21,7,16;0,7,21,6,27,10;4,20,8,23,24;1,17,2,18,5;5,18,9,19,21,6,25;0,24,4,1,3,11,7;1,14,2,26,3;2,9,15,5,14;3,11,21,15,9,26;1,5,8,13,4;6,12,7,11,19,15;0,10,8,5,23,24;5,22,24,13,8,10,27,25;0,22,23,13,4,16;5,23,27,6,15;2,9,19,3,17;6,25,23,10,12
rp2_s205_w249_t75 28 2,3,15,12,23;6,25,8,19,21,14;0,3,24,16,23;0,2,24,20,15;6,17,7,26,25;9,10,27,12,23,16;1,25,4,17,14;4,17,27,22,21,26;1,25,11,14,17,19;5,10,18,20,24,16;5,9,18,13,27;8,14,21,26,25;0,15,17,27,5,23;10,18,19,22,27;1,21,11,8,17,6;0,3,20,19,17,12;2,23,5,9,24;4,7,27,12,15,19,8,14,6;9,20,19,13,10;1,8,17,15,20,18,13,22,21;3,24,9,18,19,15;1,14,11,26,7,22,19;7,27,13,19,21;0,12,5,16,2;2,3,20,9,16;1,6,4,26,11,8;4,25,11,21,7;5,10,13,22,7,17,12
rp2_s203_w392_t589 28 2,3,15,12,23;6,25,11,8,19,21,14;0,3,24,16,23;0,2,24,20,15;6,17,27,7,26,25;9,10,27,12,23,16;1,25,4,17,14;4,27,22,21,26;1,11,14,15,19;5,10,18,20,24,16;5,9,18,13,27;1,8,14,21,26,25;0,15,17,27,5,23;10,18,19,22,27;1,21,11,8,15,17,6;0,3,20,19,8,14,17,12;2,23,5,9,24;4,6,14,15,12,27;9,20,19,13,10;1,21,22,13,18,20,15,8;3,24,9,18,19,15;1,14,11,26,7,22,19;7,27,13,19,21;0,12,5,16,2;2,3,20,9,16;1,6,4,26,11;4,25,11,21,7;4,7,22,13,10,5,12,17
rp2_s205_w132_t622 28 4,16,7,12,10,22,24;3,17,14,5,20,4,16;9,18,14,17,26;1,17,26,19,11,16;0,16,1,20,13,24;1,20,8,22,23,25,15,18,14;12,21,15,25,27;0,12,21,11,16;5,22,10,23,13,20;2,18,15,19,26;0,22,8,23,27,12;3,19,21,7,16;0,7,21,6,27,10;4,20,8,23,24;1,17,2,18,5;5,18,9,19,21,6,25;0,4,1,3,11,7;1,14,2,26,3;2,9,15,5,14;3,11,21,15,9,26;1,5,8,13,4;6,12,7,11,19,15;0,10,8,5,23,24;5,22,24,13,8,10,27,25;0,22,23,13,4;5,23,27,6,15;2,9,19,3,17;6,25,23,10,12
rp2_s205_w234_t910 28 2,3,15,12,23;6,25,11,8,19,21,14;0,3,24,16,23;0,2,24,20,15;6,27,7,26,25;9,10,27,12,23,16;1,25,4,27,17,14;4,27,22,21,26;1,11,14,17,19;5,10,18,20,24,16;5,9,18,13,27;1,25,26,21,14,8;0,15,17,27,5,23;10,18,19,22,27;1,21,11,8,17,6;0,3,20,19,17,12;2,23,5,9,24;6,27,12,15,19,8,14;9,20,19,13,10;1,21,22,13,18,20,15,17,8;3,24,9,18,19,15;1,14,11,26,7,22,19;7,27,13,19,21;0,12,5,16,2;2,3,20,9,16;1,6,4,26,11;4,25,11,21,7;4,6,17,12,5,10,13,22,7
rp2_s205_w970_t181 28 2,3,15,12,23;6,25,11,8,19,21,14;0,3,24,16,23;0,2,24,20,15;6,17,27,7,26,25;9,10,27,12,23,16;1,25,4,17,14;4,27,22,21,26;1,11,14,17,19;5,10,18,20,24,16;5,9,18,13,27;1,25,26,21,14,8;0,15,17,27,5,23;10,18,19,22,27;1,21,11,8,17,6;0,3,20,19,17,12;2,23,5,9,24;4,6,14,8,19,15,12,27;9,20,19,13,10;1,21,22,13,18,20,15,17,8;3,24,9,18,19,15;1,19,22,7,26,11,14;7,27,13,19,21;0,12,5,16,2;2,3,20,9,16;1,6,4,26,11;4,25,11,21,7;4,7,22,13,10,5,12,17
rp2_s203_w721_t80 28 2,3,15,12,23;6,25,11,8,15,19,21,14;0,3,24,16,23;0,2,24,20,15;6,25,26,7,27,17;9,10,27,12,23,16;1,25,4,17,14;4,27,22,21,26;1,15,17,14,11;5,10,18,20,24,16;5,9,18,13,27;1,25,26,21,14,8;0,15,17,27,5,23;10,18,19,22,27;1,21,11,8,17,6;0,3,20,19,1,8,17,12;2,23,5,9,24;4,6,14,8,15,12,27;9,20,19,13,10;1,21,22,13,18,20,15;3,24,9,18,19,15;1,19,22,7,26,11,14;7,27,13,19,21;0,12,5,16,2;2,3,20,9,16;1,6,4,26,11;4,25,11,21,7;4,7,22,13,10,5,12,17
rp2_s205_w10_t887 28 2,3,15,12,23;6,25,11,8,15,19,21,14;0,3,24,16,23;0,2,24,20,15;6,25,26,7,17;9,10,27,12,23,16;1,25,4,17,14;4,17,27,22,21,26;1,15,17,14,11;5,10,18,20,24,16;5,9,18,13,27;1,25,26,21,14,8;0,15,17,27,5,23;10,18,19,22,27;1,21,11,8,17,6;0,3,20,19,1,8,17,12;2,23,5,9,24;4,7,27,12,15,8,14,6;9,20,19,13,10;1,21,22,13,18,20,15;3,24,9,18,19,15;1,14,11,26,7,22,19;7,27,13,19,21;0,12,5,16,2;2,3,20,9,16;1,6,4,26,11;4,25,11,21,7;5,10,13,22,7,17,12
rp2_s203_w532_t21 28 2,3,15,12,23;6,25,11,8,19,21,14;0,3,24,16,23;0,2,24,20,15;6,25,26,7,27;9,10,27,12,23,16;1,25,4,27,17,14;4,27,22,21,26;1,19,17,14,11;5,10,18,20,24,16;5,9,18,13,27;1,25,26,21,14,8;0,15,17,27,5,23;10,18,19,22,27;1,21,11,8,17,6;0,3,20,19,17,12;2,23,5,9,24;6,14,8,19,15,12,27;9,20,19,13,10;1,21,22,13,18,20,15,17,8;3,24,9,18,19,15;1,19,22,7,26,11,14;7,27,13,19,21;0,12,5,16,2;2,3,20,9,16;1,6,4,26,11;4,25,11,21,7;4,7,22,13,10,5,12,17,6
rp2_s203_w1065_t191 28 2,3,15,12,23;6,25,11,8,19,21,14;0,3,24,16,23;0,2,24,20,15;6,17,7,26,25;9,10,27,12,23,16;1,25,4,17,14;4,17,27,22,21,26;1,11,14,17,15,19;5,10,18,20,24,16;5,9,18,13,27;1,25,26,21,14,8;0,15,17,27,5,23;10,18,19,22,27;1,21,11,8,17,6;0,3,20,19,8,17,12;2,23,5,9,24;4,7,27,12,15,8,14,6;9,20,19,13,10;1,21,22,13,18,20,15,8;3,24,9,18,19,15;1,14,11,26,7,22,19;7,27,13,19,21;0,12,5,16,2;2,3,20,9,16;1,6,4,26,11;4,25,11,21,7;5,10,13,22,7,17,12
rp2_s205_w784_t307 28 2,3,15,12,23;6,25,11,8,15,19,21,14;0,3,24,16,23;0,2,24,20,15;6,25,26,7,17;9,10,27,12,23,16;1,25,4,17,14;4,17,27,22,21,26;1,15,17,14,11;5,10,18,20,24,16;5,9,18,13,27;1,25,26,21,14,8;0,15,17,27,5,23;10,18,19,22,27;1,21,11,8,17,6;0,3,20,19,1,8,17,12;2,23,5,9,24;4,7,27,12,15,8,14,6;9,20,19,13,10;1,21,22,13,18,20,15;3,24,9,18,19,15;1,19,22,7,26,11,14;7,27,13,19,21;0,12,5,16,2;2,3,20,9,16;1,6,4,26,11;4,25,11,21,7;5,10,13,22,7,17,12
rp2_s205_w263_t822 28 2,3,15,12,23;6,25,11,8,19,21,14;0,3,24,16,23;0,2,24,20,15;6,27,7,26,25;9,10,27,12,23,16;1,25,4,27,17,14;4,27,22,21,26;1,11,14,17,19;5,10,18,20,24,16;5,9,18,13,27;1,25,26,21,14,8;0,15,17,27,5,23;10,18,19,22,27;1,21,11,8,17,6;0,3,20,19,17,12;2,23,5,9,24;6,27,12,15,19,8,14;9,20,19,13,10;1,21,22,13,18,20,15,17,8;3,24,9,18,19,15;1,14,11,26,7,22,19;7,27,13,19,21;0,12,5,16,2;2,3,20,9,16;1,6,4,26,11;4,25,11,21,7;4,7,22,13,10,5,12,17,6
rp2_s203_w686_t747 28 2,3,15,12,23;6,25,11,8,19,14;0,3,24,16,23;0,2,24,20,15;6,17,27,7,26,25;9,10,27,12,23,16;1,25,4,17,14;4,27,22,21,26;1,11,14,17,15,19;5,10,18,20,24,16;5,9,18,13,27;1,8,14,21,26,25;0,15,17,27,5,23;10,18,19,22,27;1,19,21,11,8,17,6;0,3,20,19,8,17,12;2,23,5,9,24;4,6,14,8,15,12,27;9,20,19,13,10;1,14,21,22,13,18,20,15,8;3,24,9,18,19,15;7,26,11,14,19,22;7,27,13,19,21;0,12,5,16,2;2,3,20,9,16;1,6,4,26,11;4,25,11,21,7;4,7,22,13,10,5,12,17
rp2_s205_w45_t917 28 2,3,15,12,23;6,25,11,8,15,19,21,14;0,3,24,16,23;0,2,24,20,15;6,17,7,26,25;9,10,27,12,23,16;1,25,4,17,14;4,17,27,22,21,26;1,11,14,17,15;5,10,18,20,24,16;5,9,18,13,27;1,25,26,21,14,8;0,15,17,27,5,23;10,18,19,22,27;1,21,11,8,17,6;0,3,20,19,1,8,17,12;2,23,5,9,24;4,7,27,12,15,8,14,6;9,20,19,13,10;1,21,22,13,18,20,15;3,24,9,18,19,15;1,14,11,26,7,22,19;7,27,13,19,21;0,12,5,16,2;2,3,20,9,16;1,6,4,26,11;4,25,11,21,7;5,10,13,22,7,17,12
rp2_s205_w117_t991 28 2,3,15,12,23;6,14,19,8,11,25;0,3,24,16,23;0,2,24,20,15;7,27,17,25,26;9,10,27,12,23,16;1,14,8,17,25;4,27,22,21,26;1,19,15,17,6,14,11;5,10,18,20,24,16;5,9,18,13,27;1,25,26,21,14,8;0,15,17,27,5,23;10,18,19,22,27;1,6,8,11,21,22,19;0,3,20,19,8,17,12;2,23,5,9,24;4,25,6,8,15,12,27;9,20,19,13,10;1,14,22,13,18,20,15,8;3,24,9,18,19,15;7,26,11,14,22;7,27,13,19,14,21;0,12,5,16,2;2,3,20,9,16;1,11,26,4,17,6;4,25,11,21,7;4,7,22,13,10,5,12,17
rp2_s205_w510_t194 28 2,3,15,12,23;6,25,11,8,19,21,14;0,3,24,16,23;0,2,24,20,15;6,27,7,26,25;9,10,27,12,23,16;1,25,4,27,17,14;4,27,22,21,26;1,19,15,17,14,11;5,10,18,20,24,16;5,9,18,13,27;1,25,26,21,14,8;0,15,17,27,5,23;10,18,19,22,27;1,21,11,8,17,6;0,3,20,19,8,17,12;2,23,5,9,24;6,27,12,15,8,14;9,20,19,13,10;1,21,22,13,18,20,15,8;3,24,9,18,19,15;1,19,22,7,26,11,14;7,27,13,19,21;0,12,5,16,2;2,3,20,9,16;1,6,4,26,11;4,25,11,21,7;4,7,22,13,10,5,12,17,6
rp2_s203_w657_t242 28 2,3,15,12,23;6,25,11,8,19,21,14;0,3,24,16,23;0,2,24,20,15;6,25,26,7,27;9,10,27,12,23,16;1,25,4,27,17,14;4,27,22,21,14,26;1,19,17,14,11;5,10,18,20,24,16;5,9,18,13,27;1,25,26,14,8;0,15,17,27,5,23;10,18,19,22,27;1,21,7,26,11,8,17,6;0,3,20,19,17,12;2,23,5,9,24;6,14,8,19,15,12,27;9,20,19,13,10;1,21,22,13,18,20,15,17,8;3,24,9,18,19,15;1,19,22,7,14;7,27,13,19,21;0,12,5,16,2;2,3,20,9,16;1,6,4,26,11;4,25,11,14,7;4,7,22,13,10,5,12,17,6
rp2_s205_w831_t69 28 2,3,15,12,23;6,25,11,15,19,21,14,8;0,3,24,16,23;0,2,24,20,15;6,17,7,21,26,25;9,10,27,12,23,16;1,25,4,17,8;4,17,27,22,21;1,14,11,15,17,6;5,10,18,20,24,16;5,9,18,13,27;1,15,8,14,26,25;0,15,17,27,5,23;10,18,19,22,27;1,21,26,11,8;0,3,20,19,1,11,8,17,12;2,23,5,9,24;4,6,8,15,12,27,7;9,20,19,13,10;1,21,22,13,18,20,15;3,24,9,18,19,15;1,19,22,7,4,26,14;7,27,13,19,21;0,12,5,16,2;2,3,20,9,16;1,6,4,26,11;4,25,11,14,21;5,10,13,22,7,17,12
rp2_s205_w981_t179 28 2,3,15,12,23;6,25,11,8,19,14;0,3,24,16,23;0,2,24,20,15;7,27,17,25,26;9,10,27,12,23,16;1,25,17,15,8,14;4,27,22,21,26;1,19,15,6,14,11;5,10,18,20,24,16;5,9,18,13,27;1,25,26,21,14,8;0,15,17,27,5,23;10,18,19,22,27;1,6,8,11,21,22,19;0,3,20,19,8,6,17,12;2,23,5,9,24;4,25,6,15,12,27;9,20,19,13,10;1,8,15,20,18,13,22,14;3,24,9,18,19,15;7,26,11,14,22;7,27,13,19,14,21;0,12,5,16,2;2,3,20,9,16;1,6,17,4,26,11;4,25,11,21,7;4,7,22,13,10,5,12,17
rp2_s205_w914_t120 28 2,3,15,12,23;6,25,11,8,19,21,14;0,3,24,16,23;0,2,24,20,15;6,17,27,7,26,25;9,10,27,12,23,16;1,25,4,17,14;4,27,22,21,26;1,19,17,14,11;5,10,18,20,24,16;5,9,18,13,27;1,25,26,21,14,8;0,15,17,27,5,23;10,18,19,22,27;1,21,11,8,17,6;0,3,20,19,17,12;2,23,5,9,24;4,6,14,8,19,15,12,27;9,20,19,13,10;1,21,22,13,18,20,15,17,8;3,24,9,18,19,15;1,19,22,7,26,11,14;7,27,13,19,21;0,12,5,16,2;2,3,20,9,16;1,6,4,26,11;4,25,11,21,7;4,7,22,13,10,5,12,17
rp2_s205_w648_t774 28 2,3,15,12,23;6,25,11,8,19,21,14;0,3,24,16,23;0,2,24,20,15;6,25,26,7,27;9,10,27,12,23,16;1,25,4,27,17,14;4,27,22,21,26;1,11,14,17,19;5,10,18,20,24,16;5,9,18,13,27;1,25,26,21,14,8;0,15,17,27,5,23;10,18,19,22,27;1,21,11,8,17,6;0,3,20,19,17,12;2,23,5,9,24;6,14,8,19,15,12,27;9,20,19,13,10;1,21,22,13,18,20,15,17,8;3,24,9,18,19,15;1,14,11,26,7,22,19;7,27,13,19,21;0,12,5,16,2;2,3,20,9,16;1,6,4,26,11;4,25,11,21,7;4,7,22,13,10,5,12,17,6
rp2_s205_w304_t-1 28 2,3,15,12,23;6,25,11,8,15,19,21,14;0,3,24,16,23;0,2,24,20,15;6,17,7,26,25;9,10,27,12,23,16;1,25,4,17,14;4,17,27,22,21,26;1,15,17,14,11;5,10,18,20,24,16;5,9,18,13,27;1,25,26,21,14,8;0,15,17,27,5,23;10,18,19,22,27;1,21,11,8,17,6;0,3,20,19,1,8,17,12;2,23,5,9,24;4,6,14,8,15,12,27,7;9,20,19,13,10;1,21,22,13,18,20,15;3,24,9,18,19,15;1,19,22,7,26,11,14;7,27,13,19,21;0,12,5,16,2;2,3,20,9,16;1,6,4,26,11;4,25,11,21,7;5,10,13,22,7,17,12
rp2_s203_w459_t114 28 2,3,15,12,23;6,25,11,8,19,14;0,3,24,16,23;0,2,24,20,15;6,17,27,7,26,25;9,10,27,12,23,16;1,25,4,17,14;4,27,22,21,26;1,19,15,17,14,11;5,10,18,20,24,16;5,9,18,13,27;1,25,26,21,14,8;0,15,17,27,5,23;10,18,19,22,27;1,6,17,8,11,21,19;0,3,20,19,8,17,12;2,23,5,9,24;4,6,14,8,15,12,27;9,20,19,13,10;1,8,15,20,18,13,22,21,14;3,24,9,18,19,15;7,26,11,14,19,22;7,27,13,19,21;0,12,5,16,2;2,3,20,9,16;1,6,4,26,11;4,25,11,21,7;4,7,22,13,10,5,12,17
rp2_s205_w936_t201 28 2,3,15,12,23;6,25,11,8,19,21,14;0,3,24,16,23;0,2,24,20,15;6,25,26,7,27,17;9,10,27,12,23,16;1,25,4,17,14;4,27,22,21,26;1,19,17,14,11;5,10,18,20,24,16;5,9,18,13,27;1,25,26,21,14,8;0,15,17,27,5,23;10,18,19,22,27;1,21,11,8,17,6;0,3,20,19,17,12;2,23,5,9,24;4,6,14,8,19,15,12,27;9,20,19,13,10;1,21,22,13,18,20,15,17,8;3,24,9,18,19,15;1,19,22,7,26,11,14;7,27,13,19,21;0,12,5,16,2;2,3,20,9,16;1,6,4,26,11;4,25,11,21,7;4,7,22,13,10,5,12,17
rp2_s203_w850_t96 28 2,3,15,12,23;6,25,11,8,15,19,21,14;0,3,24,16,23;0,2,24,20,15;6,25,26,7,27;9,10,27,12,23,16;1,25,4,27,17,14;4,27,22,21,26;1,11,14,17,15;5,10,18,20,24,16;5,9,18,13,27;1,8,14,21,26,25;0,15,17,27,5,23;10,18,19,22,27;1,21,11,8,17,6;0,3,20,19,1,8,17,12;2,23,5,9,24;6,14,8,15,12,27;9,20,19,13,10;1,21,22,13,18,20,15;3,24,9,18,19,15;1,19,22,7,26,11,14;7,27,13,19,21;0,12,5,16,2;2,3,20,9,16;1,6,4,26,11;4,25,11,21,7;4,7,22,13,10,5,12,17,6
rp2_s205_w94_t-1 28 2,3,15,12,23;6,25,11,8,19,21,14;0,3,24,16,23;0,2,24,20,15;6,17,7,21,26,25;9,10,27,12,23,16;1,25,4,17,8,14;4,17,27,22,21;1,19,15,17,6,14,11;5,10,18,20,24,16;5,9,18,13,27;1,25,26,14,8;0,15,17,27,5,23;10,18,19,22,27;1,21,26,11,8,6;0,3,20,19,8,17,12;2,23,5,9,24;4,6,8,15,12,27,7;9,20,19,13,10;1,21,22,13,18,20,15,8;3,24,9,18,19,15;1,19,22,7,4,26,14;7,27,13,19,21;0,12,5,16,2;2,3,20,9,16;1,6,4,26,11;4,25,11,14,21;5,10,13,22,7,17,12
rp2_s205_w352_t118 28 2,3,15,12,23;6,25,11,8,19,21,14;0,3,24,16,23;0,2,24,20,15;6,27,7,26,25;9,10,27,12,23,16;1,25,4,27,17,14;4,27,22,21,26;1,19,15,17,14,11;5,10,18,20,24,16;5,9,18,13,27;1,25,26,21,14,8;0,15,17,27,5,23;10,18,19,22,27;1,21,11,8,17,6;0,3,20,19,8,17,12;2,23,5,9,24;6,27,12,15,8,14;9,20,19,13,10;1,21,22,13,18,20,15,8;3,24,9,18,19,15;1,19,22,7,26,11,14;7,27,13,19,21;0,12,5,16,2;2,3,20,9,16;1,6,4,26,11;4,25,11,21,7;4,6,17,12,5,10,13,22,7
rp2_s205_w617_t342 28 2,3,15,12,23;6,25,11,8,19,21,14;0,3,24,16,23;0,2,24,20,15;6,17,7,26,25;9,10,27,12,23,16;1,25,4,17,14;4,17,27,22,21,26;1,19,17,14,11;5,10,18,20,24,16;5,9,18,13,27;1,25,26,21,14,8;0,15,17,27,5,23;10,18,19,22,27;1,21,11,8,17,6;0,3,20,19,17,12;2,23,5,9,24;4,7,27,12,15,19,8,14,6;9,20,19,13,10;1,8,17,15,20,18,13,22,21;3,24,9,18,19,15;1,14,11,26,7,22,19;7,27,13,19,21;0,12,5,16,2;2,3,20,9,16;1,6,4,26,11;4,25,11,21,7;5,10,13,22,7,17,12
rp2_s203_w818_t626 28 2,3,15,12,23;6,25,11,8,15,19,14;0,3,24,16,23;0,2,24,20,15;6,25,26,7,27,17;9,10,27,12,23,16;1,25,4,17,14;4,27,22,21,26;1,11,14,17,15;5,10,18,20,24,16;5,9,18,13,27;1,25,26,21,14,8;0,15,17,27,5,23;10,18,19,22,27;1,19,21,11,8,17,6;0,3,20,19,1,8,17,12;2,23,5,9,24;4,6,14,8,15,12,27;9,20,19,13,10;1,14,21,22,13,18,20,15;3,24,9,18,19,15;7,26,11,14,19,22;7,27,13,19,21;0,12,5,16,2;2,3,20,9,16;1,6,4,26,11;4,25,11,21,7;4,7,22,13,10,5,12,17
rp2_s205_w139_t513 28 2,3,15,12,23;6,25,11,8,19,21,14;0,3,24,16,23;0,2,24,20,15;6,27,7,26,25;9,10,27,12,23,16;1,25,4,27,17,14;4,27,22,21,26;1,19,15,17,14,11;5,10,18,20,24,16;5,9,18,13,27;1,25,26,21,14,8;0,15,17,27,5,23;10,18,19,22,27;1,21,11,8,17,6;0,3,20,19,8,17,12;2,23,5,9,24;6,27,12,15,8,14;9,20,19,13,10;1,21,22,13,18,20,15,8;3,24,9,18,19,15;1,14,11,26,7,22,19;7,27,13,19,21;0,12,5,16,2;2,3,20,9,16;1,6,4,26,11;4,25,11,21,7;4,6,17,12,5,10,13,22,7
rp2_s205_w568_t403 28 2,3,15,12,23;6,25,11,8,19,14;0,3,24,16,23;0,2,24,20,15;6,17,27,7,26,25;9,10,27,12,23,16;1,25,4,17,14;4,27,22,21,26;1,11,14,17,19;5,10,18,20,24,16;5,9,18,13,27;1,8,14,26,25;0,15,17,27,5,23;10,18,19,22,27;1,19,21,26,11,8,17,6;0,3,20,19,17,12;2,23,5,9,24;4,6,14,8,19,15,12,27;9,20,19,13,10;1,14,21,22,13,18,20,15,17,8;3,24,9,18,19,15;7,26,14,19,22;7,27,13,19,21;0,12,5,16,2;2,3,20,9,16;1,6,4,26,11;4,25,11,14,21,7;4,7,22,13,10,5,12,17
rp2_s205_w424_t998 28 2,3,15,12,23;6,25,11,8,19,21,14;0,3,24,16,23;0,2,24,20,15;6,27,7,26,25;9,10,27,12,23,16;1,25,4,27,17,14;4,27,22,21,26;1,11,14,17,15,19;5,10,18,20,24,16;5,9,18,13,27;1,25,26,21,14,8;0,15,17,27,5,23;10,18,19,22,27;1,21,11,8,17,6;0,3,20,19,8,17,12;2,23,5,9,24;6,27,12,15,8,14;9,20,19,13,10;1,21,22,13,18,20,15,8;3,24,9,18,19,15;1,14,11,26,7,22,19;7,27,13,19,21;0,12,5,16,2;2,3,20,9,16;1,6,4,26,11;4,25,11,21,7;4,6,17,12,5,10,13,22,7
rp2_s205_w381_t-1 28 2,3,15,12,23;6,25,11,19,21,14,8;0,3,24,16,23;0,2,24,20,15;6,17,7,21,26,25;9,10,27,12,23,16;1,25,4,17,8;4,17,27,22,21;1,14,11,15,17,6;5,10,18,20,24,16;5,9,18,13,27;1,25,26,14,8,15,19;0,15,17,27,5,23;10,18,19,22,27;1,21,26,11,8;0,3,20,19,11,8,17,12;2,23,5,9,24;4,6,8,15,12,27,7;9,20,19,13,10;1,21,22,13,18,20,15,11;3,24,9,18,19,15;1,19,22,7,4,26,14;7,27,13,19,21;0,12,5,16,2;2,3,20,9,16;1,6,4,26,11;4,25,11,14,21;5,10,13,22,7,17,12
rp2_s203_w639_t758 28 2,3,15,12,23;6,25,11,8,19,21,14;0,3,24,16,23;0,2,24,20,15;6,25,26,7,17;9,10,27,12,23,16;1,25,4,17,14;4,17,27,22,21,26;1,19,15,17,14,11;5,10,18,20,24,16;5,9,18,13,27;1,25,26,21,14,8;0,15,17,27,5,23;10,18,19,22,27;1,21,11,8,17,6;0,3,20,19,8,17,12;2,23,5,9,24;4,7,27,12,15,8,14,6;9,20,19,13,10;1,21,22,13,18,20,15,8;3,24,9,18,19,15;1,14,11,26,7,22,19;7,27,13,19,21;0,12,5,16,2;2,3,20,9,16;1,6,4,26,11;4,25,11,21,7;5,10,13,22,7,17,12
rp2_s205_w554_t197 28 2,3,15,12,23;6,25,11,8,19,14;0,3,24,16,23;0,2,24,20,15;6,25,26,7,27,17;9,10,27,12,23,16;1,25,4,17,14;4,27,22,21,26;1,19,15,17,14,11;5,10,18,20,24,16;5,9,18,13,27;1,25,26,21,14,8;0,15,17,27,5,23;10,18,19,22,27;1,19,21,11,8,17,6;0,3,20,19,8,17,12;2,23,5,9,24;4,6,14,8,15,12,27;9,20,19,13,10;1,14,21,22,13,18,20,15,8;3,24,9,18,19,15;7,26,11,14,19,22;7,27,13,19,21;0,12,5,16,2;2,3,20,9,16;1,6,4,26,11;4,25,11,21,7;4,7,22,13,10,5,12,17
rp2_s205_w507_t77 28 2,3,15,12,23;6,25,11,8,19,21,14;0,3,24,16,23;0,2,24,20,15;6,17,7,21,26,25;9,10,27,12,23,16;1,25,4,17,8,14;4,17,27,22,21;1,19,17,6,14,11;5,10,18,20,24,16;5,9,18,13,27;1,25,26,14,8;0,15,17,27,5,23;10,18,19,22,27;1,21,26,11,8,6;0,3,20,19,17,12;2,23,5,9,24;4,6,8,19,15,12,27,7;9,20,19,13,10;1,21,22,13,18,20,15,17,8;3,24,9,18,19,15;1,19,22,7,4,26,14;7,27,13,19,21;0,12,5,16,2;2,3,20,9,16;1,6,4,26,11;4,25,11,14,21;5,10,13,22,7,17,12
rp2_s203_w199_t57 28 2,3,15,12,23;6,25,11,8,15,19,14;0,3,24,16,23;0,2,24,20,15;6,17,7,26,25;9,10,27,12,23,16;1,25,4,17,14;4,17,27,22,21,26;1,15,17,14,11;5,10,18,20,24,16;5,9,18,13,27;1,25,26,21,19,14,8;0,15,17,27,5,23;10,18,19,22,27;1,6,17,8,11,19;0,3,20,19,1,8,17,12;2,23,5,9,24;4,7,27,12,15,8,14,6;9,20,19,13,10;1,15,20,18,13,22,21,11,14;3,24,9,18,19,15;7,26,11,19,22;7,27,13,19,21;0,12,5,16,2;2,3,20,9,16;1,6,4,26,11;4,25,11,21,7;5,10,13,22,7,17,12
