jc301_81_5190 30 1,2,3,4,5;0,2,5,6,7,10,11,20,24;0,1,3,11,20,22;0,2,4,12,25,29;0,3,5,16,25;0,1,4,7,13,17;1,9,10,15,17,18,19,23,24;1,5,10,12,15,16,18,19,22;9,11,12,15,21,22,29;6,8,12,13,25;1,6,7,13,15,19,20,24,27,28,29;1,2,8,12,16,18,19,21,22,23,24,25;3,7,8,9,11,20,26,28,29;5,9,10,15,17,18,21,22,26;18,23,26,27,28;6,7,8,10,13,17,20,22,24;4,7,11,18,20,24,25,28;5,6,13,15,20,24,25,27,29;6,7,11,13,14,16,20,26,28;6,7,10,11,24;1,2,10,12,15,16,17,18,22,24,25;8,11,13,22;2,7,8,11,13,15,20,21,26,27,29;6,11,14,25,27,28,29;1,6,10,11,15,16,17,19,20;3,4,9,11,16,17,20,23,28,29;12,13,14,18,22,27;10,14,17,22,23,26,29;10,12,14,16,18,23,25;3,8,10,12,17,22,23,25,27 0
jc301_81_5057 30 1,2,3,4,5;0,2,5,6,7,10,11,20,24;0,1,3,11,20,22,29;0,2,4,12,25,29;0,3,5,16,25;0,1,4,7,10,13,17;1,9,10,15,17,18,19,23,24,25;1,5,10,12,15,16,18,19,22;9,11,12,15,21,22,29;6,8,12,13,20,25;1,5,6,7,11,13,15,19,20,21,24,27,28,29;1,2,8,10,12,15,16,17,18,19,21,22,24,25;3,7,8,9,11,20,26,28,29;5,9,10,15,17,18,19,21,22,26;18,23,26,27,28;6,7,8,10,11,13,17,20,22,24;4,7,11,18,20,24,25,28;5,6,11,13,15,20,21,24,25,27,29;6,7,11,13,14,16,20,26,28;6,7,10,11,13,22,24;1,2,9,10,12,15,16,17,18,21,22,24,25;8,10,11,13,17,20,22;2,7,8,11,13,15,19,20,21,26,27,29;6,14,25,27,28,29;1,6,10,11,15,16,17,19,20,29;3,4,6,9,11,16,17,20,23,28,29;12,13,14,18,22,27;10,14,17,22,23,26,29;10,12,14,16,18,23,25;2,3,8,10,12,17,22,23,24,25,27 0
jc301_81_4782 30 1,2,3,4,5;0,2,5,6,7,8,10,20;0,1,3,9,11,12,15,19,20,22,29;0,2,4,12,25,29;0,3,5,16,25;0,1,4,7,10,13,15,16,17;1,9,10,15,17,18,21,23,24,25;1,5,9,10,12,15,16,18,21,22,26;1,11,12,15,21,22,29;2,6,7,12,20;1,5,6,7,11,13,15,19,24,28,29;2,8,10,12,15,16,17,19,21,22,24,25;2,3,7,8,9,11,13,20,26,29;5,10,12,15,16,19,26;18,23,26,27,28;2,5,6,7,8,10,11,13,17,20,22,24;4,5,7,11,13,18,24,25,28;5,6,11,15,20,21,24,27,28,29;6,7,14,16,20,26,28;2,10,11,13,20,22,24;1,2,9,12,15,17,18,19,23,24,25;6,7,8,11,17,22;2,7,8,11,15,19,21,26,27,29;6,14,20,25,27,28,29;6,10,11,15,16,17,19,20,29;3,4,6,11,16,20,23,28,29;7,12,13,14,18,22,27;14,17,22,23,26,29;10,14,16,17,18,23,25;2,3,8,10,12,17,22,23,24,25,27 0
jc301_81_5313 30 1,2,3,4,5;0,2,5,6,7,8,10,20,24;0,1,3,11,20,21,22;0,2,4,12,25,29;0,3,5,16,25;0,1,4,7,10,13,21;1,8,9,17,18,19,22,23,24;1,5,10,12,15,16,18,19,22;1,6,9,11,12,21,22,29;6,8,12,13;1,5,7,13,15,19,20,21,24,27,28,29;2,8,12,16,18,19,21,23,24,25;3,7,8,9,11,13,20,26,28,29;5,9,10,12,15,17,18,21,22,26;18,23,26,27,28;7,10,13,17,20,22,24;4,7,11,18,20,24,25,28;6,13,15,20,24,25,27,29;6,7,11,13,14,16,26,28;6,7,10,11,20,24;1,2,10,12,15,16,17,19,22,24;2,5,8,10,11,13,22,24;2,6,7,8,13,15,20,21,26,27,29;6,11,14,25,27,28,29;1,6,10,11,15,16,17,19,20,21;3,4,11,16,17,23,28,29;12,13,14,18,22,27;10,14,17,22,23,26,29;10,12,14,16,18,23,25;3,8,10,12,17,22,23,25,27 0
jc301_81_5645 30 1,2,3,4,5;0,2,5,6,7,10,22,24;0,1,3,9,11,20,21,22,29;0,2,4,12,25,29;0,3,5,16,25;0,1,4,7,10,13,16,19,21;1,8,9,17,19,22,23,25;1,5,10,15,16,17,18,19,21;6,9,12,20,21,22,29;2,6,8,11,12,13,20,25;1,5,7,15,19,20,24,27,29;2,9,12,16,17,18,19,21,23,24,25;3,8,9,11,13,20,26,28,29;5,9,12,16,17,18,26;18,23,26,27,28;7,10,17,20,24;4,5,7,11,13,18,24,25,28;6,7,11,13,15,24,25;7,11,13,14,16,26,28;5,6,7,10,11,20,24;2,8,9,10,12,15,19,21,23,25;2,5,7,8,11,20,22,24;1,2,6,8,21,26,27;6,11,14,20,25,27,28,29;1,10,11,15,16,17,19,21;3,4,6,9,11,16,17,20,23,28,29;12,13,14,18,22,27;10,14,22,23,26,29;12,14,16,18,23,25;2,3,8,10,12,23,25,27 0
jc301_81_5384 30 1,2,3,4,5;0,2,5,6,8,10,20,24;0,1,3,6,11,20,21,22;0,2,4,12,25,29;0,3,5,16,25;0,1,4,7,10,13,21;1,2,8,9,12,17,18,19,22,23,24;5,10,12,15,16,18,19,22;1,6,9,11,12,15,21,22,29;6,8,12,13;1,5,7,13,15,19,20,21,24,27,28,29;2,8,12,16,18,19,21,23,24,25;3,6,7,8,9,11,13,20,26,28,29;5,9,10,12,15,17,18,21,22,26;18,23,26,27,28;7,8,10,13,17,20,22,24;4,7,11,18,20,24,25,28;6,13,15,20,24,27;6,7,11,13,14,16,26,28;6,7,10,11,20,24;1,2,10,12,15,16,17,19,22;2,5,8,10,11,13,22,24;2,6,7,8,13,15,20,21,26,27,29;6,11,14,25,27,28,29;1,6,10,11,15,16,17,19,21;3,4,11,16,23,28,29;12,13,14,18,22,27;10,14,17,22,23,26,29;10,12,14,16,18,23,25;3,8,10,12,22,23,25,27 0
jc301_81_5700 30 1,2,3,4,5;0,2,5,6,7,10,22,24;0,1,3,11,21,22,29;0,2,4,12,25,29;0,3,5,16,25;0,1,4,7,10,13,16,19;1,8,9,17,19,22,23,25;1,5,10,12,15,16,17,18,19,21;6,9,12,20,21,22,29;6,8,11,12,13,20,25;1,5,7,15,19,20,24,27,29;2,9,12,17,18,21,23,24,25;3,7,8,9,11,13,20,26,28,29;5,9,12,17,18,22,26;18,23,26,27,28;7,10,17,20,24;4,5,7,18,24,25,28;6,7,11,13,15,20,24,25;7,11,13,14,16,20,26,28;5,6,7,10,20;8,9,10,12,15,17,18,19,21,23,25;2,7,8,11,20,22,24;1,2,6,8,13,21,26,27;6,11,14,20,25,27,28,29;1,10,11,15,16,17,21;3,4,6,9,11,16,17,20,23,28,29;12,13,14,18,22,27;10,14,22,23,26,29;12,14,16,18,23,25;2,3,8,10,12,23,25,27 0
jc301_81_5966 30 1,2,3,4,5;0,2,5,7,8,10,11,20,22,24;0,1,3,6,11,12,21,22,29;0,2,4,12,25,29;0,3,5,16,25;0,1,4,7,10,13,16,17,19;2,8,9,12,15,16,19,21,22,23,24,25;1,5,9,10,12,15,16,17,19,21;1,6,9,12,21,22,29;6,7,8,11,12,13,20;1,5,7,13,15,19,20,24,25,27,28;1,2,9,12,17,18,21,22,23,24,25;2,3,6,7,8,9,11,13,16,20,26,29;5,9,10,12,17,18,21,26;18,23,26,27,28;6,7,10,17,20,24;4,5,6,7,12,18,24,28;5,7,11,13,15,24,25,28;11,13,14,16,26,28;5,6,7,10,20,22,24;1,9,10,12,15,19,21,23,24;2,6,7,8,11,13,20,22,24;1,2,6,8,11,19,21,26,27,29;6,11,14,20,25,27,28,29;1,6,10,11,15,16,17,19,20,21,29;3,4,6,10,11,17,23,28,29;12,13,14,18,22,27;10,14,22,23,26,29;10,14,16,17,18,23,25;2,3,8,12,22,23,24,25,27 0
jc301_81_5061 30 1,2,3,4,5;0,2,5,6,7,10,11,20,24;0,1,3,11,20,22,29;0,2,4,12,25,29;0,3,5,16,25;0,1,4,7,10,13,17;1,9,10,15,17,18,19,23,24;1,5,10,12,15,16,18,19,22;9,11,12,15,21,22,29;6,8,11,12,13,20,25;1,5,6,7,13,15,19,20,21,24,27,28,29;1,2,8,9,12,15,16,17,18,19,21,22,24,25;3,7,8,9,11,20,26,28,29;5,9,10,15,17,18,19,21,22,26;18,23,26,27,28;6,7,8,10,11,13,17,20,22,24;4,7,11,18,20,24,25,28;5,6,11,13,15,20,21,24,25,27,29;6,7,11,13,14,16,20,26,28;6,7,10,11,13,22,24;1,2,9,10,12,15,16,17,18,21,22,24,25;8,10,11,13,17,20,22;2,7,8,11,13,15,19,20,21,26,27,29;6,14,25,27,28,29;1,6,10,11,15,16,17,19,20,29;3,4,9,11,16,17,20,23,28,29;12,13,14,18,22,27;10,14,17,22,23,26,29;10,12,14,16,18,23,25;2,3,8,10,12,17,22,23,24,25,27 0
jc301_81_5363 30 1,2,3,4,5;0,2,5,6,7,8,10,20,24;0,1,3,6,11,20,21,22;0,2,4,12,25,29;0,3,5,16,25;0,1,4,7,10,13,21;1,2,8,9,12,17,18,19,22,23,24;1,5,10,12,15,16,18,19,22;1,6,9,11,12,15,21,22,29;6,8,12,13;1,5,7,15,19,20,21,24,27,28,29;2,8,12,16,18,19,21,23,24,25;3,6,7,8,9,11,13,20,26,28,29;5,9,12,15,17,18,21,22,26;18,23,26,27,28;7,8,10,13,17,20,22,24;4,7,11,18,20,24,25,28;6,13,15,20,24,27;6,7,11,13,14,16,26,28;6,7,10,11,20,24;1,2,10,12,15,16,17,19,22,24;2,5,8,10,11,13,22,24;2,6,7,8,13,15,20,21,26,27,29;6,11,14,25,27,28,29;1,6,10,11,15,16,17,19,20,21;3,4,11,16,23,28,29;12,13,14,18,22,27;10,14,17,22,23,26,29;10,12,14,16,18,23,25;3,8,10,12,22,23,25,27 0
jc301_81_5434 30 1,2,3,4,5;0,2,5,6,8,10,22,24;0,1,3,6,11,19,20,21,22,29;0,2,4,12,25,29;0,3,5,16,25;0,1,4,7,10,13,16,21;1,2,8,9,17,18,19,22,23,24;5,10,12,15,16,18,19,22;1,6,9,11,12,15,21,22,29;6,8,12,13,20;1,5,7,13,15,19,20,21,24,27,28,29;2,8,12,16,18,19,21,23,24,25;3,7,8,9,11,13,20,26,28,29;5,9,10,12,15,16,17,18,21,26;18,23,26,27,28;7,8,10,13,17,20,24;4,5,7,11,13,18,20,24,25,28;6,13,15,20,24,27;6,7,11,13,14,16,26,28;2,6,7,10,11,20,24;2,9,10,12,15,16,17,19,22,24;2,5,8,10,11,13,22,24;1,2,6,7,8,20,21,26,27,29;6,11,14,25,27,28,29;1,6,10,11,15,16,17,19,20,21;3,4,11,16,23,28,29;12,13,14,18,22,27;10,14,17,22,23,26,29;10,12,14,16,18,23,25;2,3,8,10,12,22,23,25,27 0
jc301_81_5225 30 1,2,3,4,5;0,2,5,6,7,10,20,24;0,1,3,11,20,21,22;0,2,4,12,25,29;0,3,5,16,25;0,1,4,7,13,17,21;1,8,9,10,15,17,18,19,21,22,23,24;1,5,10,12,15,16,18,19,22;6,9,11,12,15,21,22,29;6,8,12,13;1,6,7,13,15,19,20,24,27,28,29;2,8,12,16,18,19,21,23,24,25;3,7,8,9,11,20,26,28,29;5,9,10,15,17,18,21,22,26;18,23,26,27,28;6,7,8,10,13,17,20,22,24;4,7,11,18,20,24,25,28;5,6,13,15,20,24,25,27,29;6,7,11,13,14,16,20,26,28;6,7,10,11,20,24;1,2,10,12,15,16,17,18,19,22,24,25;2,5,6,8,11,13,22;2,6,7,8,13,15,20,21,26,27,29;6,11,14,25,27,28,29;1,6,10,11,15,16,17,19,20;3,4,11,16,17,20,23,28,29;12,13,14,18,22,27;10,14,17,22,23,26,29;10,12,14,16,18,23,25;3,8,10,12,17,22,23,25,27 0
jc301_81_5308 30 1,2,3,4,5;0,2,5,6,7,10,20,24;0,1,3,11,20,21,22;0,2,4,12,25,29;0,3,5,16,25;0,1,4,7,10,13,17,21;1,8,9,17,18,19,22,23,24;1,5,10,12,15,16,18,19,22;6,9,11,12,21,22,29;6,8,12,13;1,5,7,13,15,19,20,21,24,27,28,29;2,8,12,16,18,19,21,23,24,25;3,7,8,9,11,13,20,26,28,29;5,9,10,12,15,17,18,21,22,26;18,23,26,27,28;7,10,13,17,20,22,24;4,7,11,18,20,24,25,28;5,6,13,15,20,24,25,27,29;6,7,11,13,14,16,26,28;6,7,10,11,20,24;1,2,10,12,15,16,17,19,22,24;2,5,8,10,11,13,22,24;2,6,7,8,13,15,20,21,26,27,29;6,11,14,25,27,28,29;1,6,10,11,15,16,17,19,20,21;3,4,11,16,17,23,28,29;12,13,14,18,22,27;10,14,17,22,23,26,29;10,12,14,16,18,23,25;3,8,10,12,17,22,23,25,27 0
jc301_81_4846 30 1,2,3,4,5;0,2,5,6,7,8,10,20;0,1,3,9,11,15,20,22,29;0,2,4,8,12,25,29;0,3,5,16,25;0,1,4,7,10,13,15,16,17;1,9,10,15,17,18,21,23,24,25;1,5,9,12,15,16,18,22,26;1,3,11,12,15,21,22,29;2,6,7,12,13;1,5,6,11,13,15,19,21,24,27,28,29;2,8,10,12,15,16,17,19,21,22,24,25;3,7,8,9,11,26,28,29;5,9,10,15,16,19,22,26;18,23,26,27,28;2,5,6,7,8,10,11,13,17,20,22,24;4,5,7,11,13,18,24,25,28;5,6,11,15,20,21,24,27,28,29;6,7,14,16,20,26,28;10,11,13,20,22,24;1,2,15,17,18,19,24,25;6,8,10,11,17,22;2,7,8,11,13,15,19,21,26,27,29;6,14,25,27,28,29;6,10,11,15,16,17,19,20;3,4,6,11,16,20,23,28,29;7,12,13,14,18,22,27;10,14,17,22,23,26,29;10,12,14,16,17,18,23,25;2,3,8,10,12,17,22,23,25,27 0
jc301_81_5210 30 1,2,3,4,5;0,2,5,6,7,10,11,20,24;0,1,3,11,20,21,22;0,2,4,12,25,29;0,3,5,16,25;0,1,4,7,13,17,21;1,9,10,15,17,18,19,21,23,24;1,5,10,12,15,16,18,19,22;9,11,12,15,21,22,29;6,8,12,13,25;1,6,7,13,15,19,20,24,27,28,29;1,2,8,12,16,18,19,21,22,23,24,25;3,7,8,9,11,20,26,28,29;5,9,10,15,17,18,21,22,26;18,23,26,27,28;6,7,8,10,13,17,20,22,24;4,7,11,18,20,24,25,28;5,6,13,15,20,24,25,27,29;6,7,11,13,14,16,20,26,28;6,7,10,11,24;1,2,10,12,15,16,17,18,22,24,25;2,5,6,8,11,13,22;2,7,8,11,13,15,20,21,26,27,29;6,11,14,25,27,28,29;1,6,10,11,15,16,17,19,20;3,4,9,11,16,17,20,23,28,29;12,13,14,18,22,27;10,14,17,22,23,26,29;10,12,14,16,18,23,25;3,8,10,12,17,22,23,25,27 0
jc301_81_4988 30 1,2,3,4,5;0,2,5,6,7,10,11,20,24;0,1,3,9,11,19,20,22,29;0,2,4,8,12,25,29;0,3,5,16,25;0,1,4,7,10,13,17;1,9,10,17,18,23,24,25;1,5,10,12,15,16,18,19,22;3,11,12,15,21,22,29;2,6,11,12,13;1,5,6,7,11,13,15,19,20,21,24,27,28,29;1,2,8,9,10,12,15,16,17,18,19,21,22,24;3,7,8,9,11,20,26,28,29;5,9,10,15,17,19,21,22,26;18,23,26,27,28;7,8,10,11,13,17,20,22,24;4,7,11,18,24,25,28;5,6,11,13,15,20,24,25,27,29;6,7,11,14,16,20,26,28;2,7,10,11,13,20,22,24;1,2,10,12,15,17,18,19,21,24,25;8,10,11,13,20,22;2,7,8,11,13,15,19,21,26,27,29;6,14,25,27,28,29;1,6,10,11,15,16,17,19,20;3,4,6,16,17,20,23,28,29;12,13,14,18,22,27;10,14,17,22,23,26,29;10,12,14,16,18,23,25;2,3,8,10,12,17,22,23,25,27 0
jc301_81_5628 30 1,2,3,4,5;0,2,5,6,10,22,24;0,1,3,9,11,20,21,22,29;0,2,4,12,25,29;0,3,5,16,25;0,1,4,7,10,13,16,19,21;1,8,9,17,19,22,23,25;5,10,15,16,17,19,21;6,9,12,20,21,22,29;2,6,8,11,12,13,20;1,5,7,15,19,20,24,27,29;2,9,12,16,17,18,19,21,23,24,25;3,8,9,11,13,20,26,28,29;5,9,12,16,17,18,26;18,23,26,27,28;7,10,17,20,24;4,5,7,11,13,18,24,25,28;6,7,11,13,15,24;11,13,14,16,26,28;5,6,7,10,11,20,24;2,8,9,10,12,15,19,21,23;2,5,7,8,11,20,22,24;1,2,6,8,21,26,27;6,11,14,20,25,27,28,29;1,10,11,15,16,17,19,21;3,4,6,11,16,23,28,29;12,13,14,18,22,27;10,14,22,23,26,29;12,14,16,18,23,25;2,3,8,10,12,23,25,27 0
jc301_81_5200 30 1,2,3,4,5;0,2,5,6,7,10,11,20,24;0,1,3,11,20,21,22;0,2,4,12,25,29;0,3,5,16,25;0,1,4,7,13,17;1,9,10,15,17,18,19,21,23,24;1,5,10,12,15,16,18,19,22;9,11,12,15,21,22,29;6,8,12,13,25;1,6,7,13,15,19,20,24,27,28,29;1,2,8,12,16,18,19,21,22,23,24,25;3,7,8,9,11,20,26,28,29;5,9,10,15,17,18,21,22,26;18,23,26,27,28;6,7,8,10,13,17,20,22,24;4,7,11,18,20,24,25,28;5,6,13,15,20,24,25,27,29;6,7,11,13,14,16,20,26,28;6,7,10,11,24;1,2,10,12,15,16,17,18,22,24,25;2,6,8,11,13,22;2,7,8,11,13,15,20,21,26,27,29;6,11,14,25,27,28,29;1,6,10,11,15,16,17,19,20;3,4,9,11,16,17,20,23,28,29;12,13,14,18,22,27;10,14,17,22,23,26,29;10,12,14,16,18,23,25;3,8,10,12,17,22,23,25,27 0
jc301_81_5167 30 1,2,3,4,5;0,2,5,6,7,10,11,20,24;0,1,3,11,20,22;0,2,4,12,25,29;0,3,5,16,25;0,1,4,7,13,17;1,9,10,15,17,18,19,23,24;1,5,10,12,15,16,18,19,22;9,11,12,15,21,22,29;6,8,12,13,25;1,6,7,13,15,19,20,24,27,28,29;1,2,8,12,15,16,18,19,21,22,23,24,25;3,7,8,9,11,20,26,28,29;5,9,10,15,17,18,21,22,26;18,23,26,27,28;6,7,8,10,11,13,17,20,22,24;4,7,11,18,20,24,25,28;5,6,13,15,20,24,25,27,29;6,7,11,13,14,16,20,26,28;6,7,10,11,24;1,2,10,12,15,16,17,18,22,24,25;8,11,13,22;2,7,8,11,13,15,20,21,26,27,29;6,11,14,25,27,28,29;1,6,10,11,15,16,17,19,20;3,4,9,11,16,17,20,23,28,29;12,13,14,18,22,27;10,14,17,22,23,26,29;10,12,14,16,18,23,25;3,8,10,12,17,22,23,25,27 0
jc301_81_4557 30 1,2,3,4,5;0,2,5,7,8,10,13,20,22;0,1,3,6,9,12,15,19,20,22,29;0,2,4,12,25,29;0,3,5,16,25;0,1,4,7,13,15,16,17;2,9,10,15,16,17,18,19,21,24,25;1,5,9,10,12,15,16,18,21,22,26;1,11,12,20,21,22,29;2,6,7,12,20;1,6,7,13,19,24,27,28,29;8,17,21,22,23,24,25;2,3,7,8,9,13,20,26,29;1,5,10,12,15,16;18,23,26,27,28;2,5,6,7,13,17,20,22,24;4,5,6,7,13,18,20,24,25,28;5,6,11,15,20,24,25,27,28,29;6,7,14,16,26,28;2,6,10,22;1,2,8,9,12,15,16,17,22,24,25;6,7,8,11,22;1,2,7,8,11,15,19,20,21,26,27,29;11,14,25,27,28,29;6,10,11,15,16,17,20,29;3,4,6,11,16,17,20,23,28,29;7,12,14,18,22,27;10,14,17,22,23,26,29;10,14,16,17,18,23,25;2,3,8,10,12,17,22,23,24,25,27 0
