jt511_0_545 30 1,2,3,4,5;0,2,5,6,7,11,13,20,22,24;0,1,3,9,12,15,20,21,29;0,2,4,12,25,29;0,3,5,16,25;0,1,4,7,10,13,15,16,19;1,9,10,12,23,24,25;1,5,9,10,12,15,16,18,19,21,22,26;9,11,12,15,20,21,22;2,6,7,8,11,12,20,25;5,6,7,11,15,19,20,21,24,27,29;1,8,9,10,12,16,18,21,23,24,25;2,3,6,7,8,9,11,20,26,29;1,5,15,17,19,21,22,26;18,23,26,27,28;2,5,7,8,10,13,17,20,22;4,5,7,11,18,24,25,28;13,15,20,24,25,27,28,29;7,11,14,16,26,28;5,7,10,13,20,24;1,2,8,9,10,12,15,17,19,21,22,24;2,7,8,10,11,13,20,22,24;1,7,8,13,15,20,21,26,27;6,11,14,25,27,28,29;1,6,10,11,16,17,19,20,21;3,4,6,9,11,16,17,23,28;7,12,13,14,18,22,27;10,14,17,22,23,26,29;14,16,17,18,23,25;2,3,10,12,17,23,27 0
jt511_0_799 30 1,2,3,4,5;0,2,5,6,13,20,22,24;0,1,3,9,12,20,21,29;0,2,4,12,25,29;0,3,5,16,25;0,1,4,7,10,13,15,16;1,8,9,12,23,24,25;5,9,12,15,16,18,22,26;6,9,11,12,15,20,22,29;2,6,7,8,11,12,25;5,11,13,15,20,21,24,25,29;8,9,10,12,16,21,24,25;2,3,6,7,8,9,11,20,26,29;1,5,10,15,17,21,22,26;18,23,26,27,28;5,7,8,10,13,17,22;4,5,7,11,18,25,28;13,15,19,24,25,27,28,29;7,14,16,26,28;17,20,24;1,2,8,10,12,19,21,24;2,10,11,13,20,22,24;1,7,8,13,15,21,26,27,29;6,14,25,27,28,29;1,6,10,11,17,19,20,21,29;3,4,6,9,10,11,16,17,23,28;7,12,13,14,18,22,27;14,17,22,23,26,29;14,16,17,18,23,25;2,3,8,10,12,17,22,23,24,27 0
jt511_0_888 30 1,2,3,4,5;0,2,5,6,7,13,20,22,24;0,1,3,9,12,20,21,29;0,2,4,12,25,29;0,3,5,16,25;0,1,4,7,10,13,15,16;1,8,10,12,19,23,24,25;1,5,12,15,16,17,18,22,26;6,9,11,12,15,20,22,29;2,8,11,12,25;5,6,11,15,20,21,24,25,27,29;8,9,10,16,21,24,25;2,3,6,7,8,9,13,20,26,29;1,5,12,15,17,19,21,22,26;18,23,26,27,28;5,7,8,10,13,17,22,24;4,5,7,11,18,24,25,28;7,13,15,19,20,24,25,27,28,29;7,14,16,26,28;6,13,17,20,24;1,2,8,10,12,17,19,21,22,24;2,10,11,13,20,22,24;1,7,8,13,15,20,21,26,27,29;6,14,25,27,28,29;1,6,10,11,15,16,17,19,20,21,29;3,4,6,9,10,11,16,17,23,28;7,12,13,14,18,22,27;10,14,17,22,23,26,29;14,16,17,18,23,25;2,3,8,10,12,17,22,23,24,27 0
jt511_0_1027 30 1,2,3,4,5;0,2,5,6,7,20,22,24;0,1,3,9,11,12,19,20,29;0,2,4,12,25,29;0,3,5,16,25;0,1,4,7,10,13,15,17;1,8,10,12,19,21,24,25;1,5,12,15,16,17,26;6,9,12,15,20,21,22,29;2,8,11,12,20,25;5,6,11,15,19,20,21,24,25,27,29;2,9,10,16,21,24,25;2,3,6,7,8,9,16,20,26,28,29;5,15,17,18,21,26;18,23,26,27,28;5,7,8,10,13,17,20,22,24;4,7,11,12,18,24,25,28;5,7,13,15,19,21,24,25,27,28,29;13,14,16,26,28;2,6,10,17,20,24;1,2,8,9,10,12,15,19,21,22,24;6,8,10,11,13,17,20,24;1,8,15,20,26,27,29;14,25,27,28,29;1,6,10,11,15,16,17,19,20,21,29;3,4,6,9,10,11,16,17,23,28,29;7,12,13,14,18,22,27;10,14,17,22,23,26,29;12,14,16,17,18,23,25;2,3,8,10,12,17,22,23,24,25,27 0
jt511_0_1102 30 1,2,3,4,5;0,2,5,6,7,20,22,24;0,1,3,9,12,19,20,29;0,2,4,8,12,25,29;0,3,5,16,25;0,1,4,7,10,13,15,16;1,8,10,12,15,19,24,25;1,5,12,15,16,17,18,21,26;3,6,9,12,15,20,21,22,29;2,8,11,12,20,25;5,6,11,15,19,20,24,25,27,29;9,10,16,18,23,24,25;2,3,6,7,8,9,16,26,28;5,15,17,18,21,26;18,23,26,27,28;5,6,7,8,10,13,17,22,24;4,5,7,11,12,18,24,25,28;7,13,15,19,21,24,25,28,29;7,11,13,14,16,26,28;2,6,10,17,20,24;1,2,8,9,10,19,21,22,24;7,8,13,17,20,24;1,8,15,20,26,27,29;11,14,25,27,28,29;1,6,10,11,15,16,17,19,20,21,29;3,4,6,9,10,11,16,17,23,28,29;7,12,13,14,18,22,27;10,14,22,23,26,29;12,14,16,17,18,23,25;2,3,8,10,17,22,23,24,25,27 0
jt511_0_1209 30 1,2,3,4,5;0,2,5,6,7,20,22,24;0,1,3,9,12,19,20,29;0,2,4,8,12,25,29;0,3,5,16,25;0,1,4,7,10,13,15,16,19;1,8,9,10,12,17,19,24,25;1,5,10,12,16,17,18,21,26;3,6,9,12,15,20,21,22,29;2,6,8,11,12,20,25;5,6,7,11,15,19,20,21,24,27,29;9,10,12,16,17,18,23,24,25;2,3,6,7,8,9,11,16,26,28,29;5,15,17,18,21,26;18,23,26,27,28;5,8,10,13,22,24;4,5,7,11,12,18,20,24,25,28;6,7,11,13,19,21,24,25,28,29;7,11,13,14,16,26,28;2,5,6,10,17,20,24;1,2,8,9,10,16,19,21,22,24;7,8,10,13,17,20,24;1,8,15,20,26,27;11,14,25,27,28,29;1,6,10,11,15,16,17,19,20,21,29;3,4,6,9,11,16,17,23,28,29;7,12,13,14,18,22,27;10,14,22,23,26,29;12,14,16,17,18,23,25;2,3,8,10,12,17,23,24,25,27 0
jt511_0_1306 30 1,2,3,4,5;0,2,5,6,7,20,22,24;0,1,3,6,9,12,19,20,22,29;0,2,4,8,12,25,29;0,3,5,16,25;0,1,4,7,10,13,15,16,19;1,2,8,9,10,12,17,19,24,25;1,5,9,10,12,17,18,21,26;3,6,12,15,20,21,22;2,6,7,11,12,20,25;5,6,7,15,19,20,21,24,25,27,28,29;9,12,16,17,19,23,24,25;2,3,6,7,8,9,11,16,26,28,29;5,15,17,18,21,26;18,23,26,27,28;5,8,10,13,22,24;4,5,11,12,18,20,25,28;6,7,11,13,19,21,24,25,28,29;7,13,14,16,26,28;2,5,6,10,11,17,20,24;1,2,8,9,10,16,19,21,22,24,25;7,8,10,13,17,20,24;1,2,8,15,20,26,27;11,14,25,27,28,29;1,6,10,11,15,17,19,20,21,29;3,4,6,9,10,11,16,17,20,23,28,29;7,12,13,14,18,22,27;10,14,22,23,26,29;10,12,14,16,17,18,23,25;2,3,10,12,17,23,24,25,27 0
jt511_0_1460 30 1,2,3,4,5;0,2,5,6,7,10,13,20,22;0,1,3,9,12,19,20,22,29;0,2,4,8,12,25,29;0,3,5,16,25;0,1,4,7,10,13,15,16,19;1,9,10,12,17,19,22,24;1,5,9,12,15,17,18,19,21,26;3,11,12,15,20,22;2,6,7,11,12,25;1,5,6,15,19,20,21,24,25,27,28,29;8,9,12,16,19,23,24,25;2,3,6,7,8,9,11,16,26,28,29;1,5,15,17,18,26;18,23,26,27,28;5,7,8,10,13,17,22;4,5,11,12,18,20,25,28;6,7,13,15,19,21,24,25,28,29;7,13,14,16,26,28;2,5,6,7,10,11,17,20,24;1,2,8,10,16,19,21,22,24,25;7,10,17,20,24;1,2,6,8,15,20,26,27;11,14,25,27,28,29;6,10,11,17,19,20,21,29;3,4,9,10,11,16,17,20,23,28,29;7,12,13,14,18,22,27;10,14,22,23,26,29;10,12,14,16,17,18,23,25;2,3,10,12,17,23,24,25,27 0
jt511_0_1553 30 1,2,3,4,5;0,2,5,6,7,10,13,22;0,1,3,9,12,19,20,22,29;0,2,4,8,12,25,29;0,3,5,16,25;0,1,4,7,10,13,15,16,19;1,9,12,15,17,19,22,24;1,5,9,12,15,16,17,18,19,21,22,26;3,11,12,15,19,20,22;2,6,7,11,12,25;1,5,15,19,21,24,25,27,28,29;8,9,12,16,19,23,24,25;2,3,6,7,8,9,11,16,26,28,29;1,5,15,17,18,21,26;18,23,26,27,28;5,6,7,8,10,13,22;4,5,7,11,12,18,20,25,28;6,7,13,21,24,25,29;7,13,14,16,26,28;2,5,6,7,8,10,11,20,24;2,8,16,19,21,22,24,25;7,10,13,17,20,24;1,2,6,7,8,15,20,26,27;11,14,25,27,28,29;6,10,11,17,19,20,21,29;3,4,9,10,11,16,17,20,23,28,29;7,12,13,14,18,22,27;10,14,22,23,26,29;10,12,14,16,18,23,25;2,3,10,12,17,23,24,25,27 0
jt511_0_1651 30 1,2,3,4,5;0,2,5,6,7,13,22;0,1,3,9,12,19,20,22,29;0,2,4,8,12,25,29;0,3,5,16,25;0,1,4,7,10,13,15,16,19;1,9,12,15,17,19,22,24;1,5,9,12,15,16,17,19,21,22,26;3,11,12,15,19,20,21,22,29;2,6,7,12;5,11,15,19,21,24,25,27,28,29;8,10,12,16,19,22,23,24,25;2,3,6,7,8,9,11,16,26,29;1,5,17,18,21,26;18,23,26,27,28;5,6,7,8,10,22;4,5,7,11,12,18,20,25,28;6,7,13,20,21,24,25,27,29;13,14,16,26,28;2,5,6,7,8,10,11,20,24;2,8,16,17,19,21,22,24,25;7,8,10,13,17,20,24;1,2,6,7,8,11,15,20,26,27;11,14,25,27,28,29;6,10,11,17,19,20,21,29;3,4,10,11,16,17,20,23,28,29;7,12,13,14,18,22,27;10,14,17,22,23,26,29;10,14,16,18,23,25;2,3,8,10,12,17,23,24,25,27 0
jt511_0_1816 30 1,2,3,4,5;0,2,5,6,7,13,22;0,1,3,9,12,15,19,20,21,22,29;0,2,4,12,25,29;0,3,5,16,25;0,1,4,7,10,13,15,16,19;1,9,10,12,15,17,19,22,24,25;1,5,9,12,15,16,17,21,22,26;11,12,15,19,20,21,22,29;2,6,7,12;5,6,15,19,20,21,24,25,27,28,29;8,15,16,19,22,23,24,25;2,3,6,7,8,9,16,26,29;1,5,17,18,21,26;18,23,26,27,28;2,5,6,7,8,10,11,22;4,5,7,11,12,18,25,28;6,7,13,20,21,24,25,27,29;13,14,16,26,28;2,5,6,8,10,11,20,24;2,8,10,17,19,21,22,24,25;2,7,8,10,13,17,20,22,24;1,2,6,7,8,11,15,20,21,26,27;11,14,25,27,28,29;6,10,11,17,19,20,21;3,4,6,10,11,16,17,20,23,28,29;7,12,13,14,18,22,27;10,14,17,22,23,26,29;10,14,16,18,23,25;2,3,8,10,12,17,23,25,27 0
jt511_0_1941 30 1,2,3,4,5;0,2,5,7,8,13,22;0,1,3,9,12,15,19,20,21,22;0,2,4,8,12,25,29;0,3,5,16,25;0,1,4,7,10,13,15,16,19;9,10,12,15,17,19,22,23,24,25;1,5,9,10,12,15,16,21,26;1,3,11,12,15,20,22,29;2,6,7,12;5,6,7,15,19,21,24,25,27,28,29;8,15,16,18,19,23,24,25;2,3,6,7,8,9,16,26,28,29;1,5,16,17,18,21,26;18,23,26,27,28;2,5,6,7,8,10,11,22,24;4,5,7,11,12,13,18,25,28;6,13,20,21,24,25,27,29;11,13,14,16,26,28;2,5,6,10,11,20,24;2,8,17,19,21,22,24,25;2,7,10,13,17,20,22,24;1,2,6,8,15,20,21,26,27;6,11,14,25,27,28,29;6,10,11,15,17,19,20,21;3,4,6,10,11,16,17,20,23,28,29;7,12,13,14,18,22,27;10,14,17,22,23,26,29;10,12,14,16,18,23,25;3,8,10,12,17,23,25,27 0
jt511_0_2055 30 1,2,3,4,5;0,2,5,7,8,13,22;0,1,3,9,12,15,19,20,21,22;0,2,4,8,12,25,29;0,3,5,16,25;0,1,4,7,10,13,15,16,19;8,9,10,12,15,17,21,22,23,24,25;1,5,9,10,12,15,16,21,26;1,3,6,11,12,15,20,22,29;2,6,7,12;5,6,7,15,19,21,24,25,27,28,29;8,15,16,18,19,23,24,25;2,3,6,7,8,9,16,20,26,29;1,5,15,16,17,18,21,22,26;18,23,26,27,28;2,5,6,7,8,10,11,13,20,22,24;4,5,7,11,12,13,18,25,28;6,13,20,21,24,25,27,29;11,13,14,16,26,28;2,5,10,11,20,24;2,8,12,15,17,19,21,22,24,25;2,6,7,10,13,17,20,24;1,2,6,8,13,15,20,26,27;6,11,14,25,27,28,29;6,10,11,15,17,19,20,21;3,4,6,10,11,16,17,20,23,28,29;7,12,13,14,18,22,27;10,14,17,22,23,26,29;10,14,16,18,23,25;3,8,10,12,17,23,25,27 0
jt511_0_2175 30 1,2,3,4,5;0,2,5,7,8,20,22;0,1,3,6,9,12,15,19,20,22;0,2,4,8,12,25,29;0,3,5,16,25;0,1,4,7,10,13,15,16,19,21;2,9,10,12,15,16,17,21,22,23,24,25;1,5,9,10,12,15,16,22,26;1,3,9,11,12,15,22,29;2,6,7,8,12;5,6,7,15,19,21,24,25,27,28,29;8,12,15,16,18,19,23,24,25;2,3,6,7,8,9,11,16,20,26,28,29;5,15,17,18,21,22,26;18,23,26,27,28;2,5,6,7,8,10,11,13,20,22;4,5,6,7,11,12,18,28;6,13,20,21,24,25,27,29;11,13,14,16,26,28;2,5,10,11,20,24;1,2,12,15,17,19,21,22,24,25;5,6,10,13,17,20;1,2,6,7,8,13,15,20,26,27;6,11,14,25,27,28,29;6,10,11,17,19,20;3,4,6,10,11,17,20,23,28,29;7,12,13,14,18,22,27;10,14,17,22,23,26,29;10,12,14,16,18,23,25;3,8,10,12,17,23,25,27 0
jt511_0_2289 30 1,2,3,4,5;0,2,5,6,7,8,20,22;0,1,3,6,9,11,12,15,19,20,22,29;0,2,4,8,12,25,29;0,3,5,16,25;0,1,4,7,10,13,16,19,21;1,2,9,10,12,15,16,17,21,23,24,25;1,5,9,10,12,15,16,18,26;1,3,9,11,12,15,22,29;2,6,7,8,12;5,6,7,15,19,21,24,25,27,28,29;2,8,15,16,18,19,23,24,25;2,3,6,7,8,9,16,20,26,28,29;5,15,17,18,21,22,26;18,23,26,27,28;2,6,7,8,10,11,13,20,22;4,5,6,7,11,12,18,28;6,13,20,21,24,25,29;7,11,13,14,16,26,28;2,5,10,11,20,24;1,2,12,15,17,19,21,22,24,25;5,6,10,13,17,20;1,2,8,13,15,20,26,27;6,11,14,25,27,28,29;6,10,11,17,19,20;3,4,6,10,11,17,20,23,28,29;7,12,13,14,18,22,27;10,14,22,23,26,29;10,12,14,16,18,23,25;2,3,8,10,12,17,23,25,27 0
jt511_0_2388 30 1,2,3,4,5;0,2,5,6,7,8,10,20,22,24;0,1,3,6,9,11,12,15,19,20,22,29;0,2,4,12,25,29;0,3,5,16,25;0,1,4,7,10,13,16,17,19,21;1,2,9,10,12,15,16,17,18,19,23,24,25;1,5,9,10,12,15,16,18,26;1,9,11,12,15,22,29;2,6,7,8,11,12;1,5,6,7,15,19,20,21,24,25,27,28,29;2,8,9,15,16,18,19,23,24,25;2,3,6,7,8,9,13,16,20,26,28,29;5,12,15,17,18,21,22,26;18,23,26,27,28;2,6,7,8,10,11,13,22;4,5,6,7,11,12,18,20,28;5,6,13,20,21,24,25,29;6,7,11,13,14,16,26,28;2,5,6,10,11,20,24;1,2,10,12,16,17,19,21,22,25;5,10,13,17,20;1,2,8,13,15,20,26,27,29;6,11,14,25,27,28,29;1,6,10,11,17,19;3,4,6,10,11,17,20,23,28,29;7,12,13,14,18,22,27;10,14,22,23,26,29;10,12,14,16,18,23,25;2,3,8,10,12,17,22,23,25,27 0
jt511_0_2444 30 1,2,3,4,5;0,2,5,6,8,10,17,20,22,24;0,1,3,6,9,11,12,19,20,22,29;0,2,4,12,25,29;0,3,5,16,25;0,1,4,7,10,13,16,17,19,21;1,2,9,10,12,15,16,18,23,24,25;5,10,12,15,16,18,22;1,9,11,15,22,29;2,6,8,11,12,20;1,5,6,7,15,19,20,21,24,25,27,28,29;2,8,9,15,16,18,19,23,25;2,3,6,7,9,13,16,20,26,28,29;5,12,15,17,21,22,26;18,23,26,27,28;6,7,8,10,11,13,22;4,5,6,7,11,12,18,28;1,5,13,20,21,24,25,29;6,7,11,14,16,26,28;2,5,10,11,20,24;1,2,9,10,12,17,19,21,22,25;5,10,13,17,20;1,2,7,8,13,15,20,26,27,29;6,11,14,25,27,28,29;1,6,10,17,19;3,4,6,10,11,17,20,23,28,29;12,13,14,18,22,27;10,14,22,23,26,29;10,12,14,16,18,23,25;2,3,8,10,12,17,22,23,25,27 0
jt511_0_2510 30 1,2,3,4,5;0,2,5,6,8,10,11,17,20,22,24;0,1,3,6,11,12,19,20,22,29;0,2,4,12,25,29;0,3,5,16,25;0,1,4,7,10,13,16,17,19,21;1,2,8,9,10,12,15,16,18,22,24,25;5,10,12,15,16,18,21,22;1,6,9,11,15,22,29;6,8,11,12;1,5,6,7,19,20,21,24,25,27,28,29;1,2,8,9,12,15,16,18,23,25;2,3,6,7,9,11,13,16,20,26,28,29;5,12,15,17,18,21,22,26;18,23,26,27,28;6,7,8,11,13,22;4,5,6,7,11,12,18,28;1,5,13,20,21,25,29;6,7,11,13,14,16,26,28;2,5,10,20,24;1,2,10,12,17,19,21,22,25;5,7,10,13,17,20,24;1,2,6,7,8,13,15,20,26,27,29;11,14,25,27,28,29;1,6,10,19,21;3,4,6,10,11,17,20,23,28,29;12,13,14,18,22,27;10,14,22,23,26,29;10,12,14,16,18,23,25;2,3,8,10,12,17,22,23,25,27 0
jt511_0_2609 30 1,2,3,4,5;0,2,5,6,8,10,11,17,22,24;0,1,3,6,11,12,20,22,29;0,2,4,12,25,29;0,3,5,16,25;0,1,4,7,10,13,16,17,19,21;1,2,8,9,10,12,15,16,19,22,24,25;5,10,12,15,16,18,19,21,22;1,6,9,11,15,22,29;6,8,11,12;1,5,6,7,13,15,19,20,21,24,25,27,28,29;1,2,8,9,15,16,18,22,23,24,25;2,3,6,7,9,13,16,20,26,28,29;5,10,12,15,18,21,22,26;18,23,26,27,28;6,7,8,10,11,13,20,22;4,5,6,7,11,12,18,20,28;1,5,20,21,24,25,29;7,11,13,14,16,26,28;5,6,7,10,20,24;2,10,12,15,16,17,19,21,22,24,25;5,7,10,13,17,20,24;1,2,6,7,8,11,13,15,20,26,27,29;11,14,25,27,28,29;1,6,10,11,17,19,20,21,29;3,4,6,10,11,17,20,23,28,29;12,13,14,18,22,27;10,14,22,23,26,29;10,12,14,16,18,23,25;2,3,8,10,12,17,22,23,24,25,27 0
jt511_0_2724 30 1,2,3,4,5;0,2,5,6,8,10,11,13,17,22,24;0,1,3,6,11,12,20,22,29;0,2,4,12,25,29;0,3,5,16,25;0,1,4,7,10,13,16,17,19,21;1,2,8,9,10,12,15,16,19,24,25;5,10,12,15,16,18,19,21,22;1,6,9,11,12,15,22,29;6,8,11,12,13;1,5,6,7,13,19,20,21,24,25,27,28,29;1,2,8,9,12,15,16,18,22,23,24,25;2,3,6,7,8,9,11,13,16,20,26,28,29;1,5,9,10,12,15,17,18,21,22,26;18,23,26,27,28;6,7,8,11,13,20,22;4,5,6,7,11,12,18,20,28;1,5,13,20,24,25;7,11,13,14,16,26,28;5,6,7,10,20,24;2,10,12,15,16,17,19,22,23,24,25;5,7,10,13,22,24;1,2,7,8,11,13,15,20,21,26,27,29;11,14,20,25,27,28,29;1,6,10,11,17,19,20,21,29;3,4,6,10,11,17,20,23,28,29;12,13,14,18,22,27;10,14,22,23,26,29;10,12,14,16,18,23,25;2,3,8,10,12,22,23,24,25,27 0
