p30.r10#1252 30 1,2,3,4,5;0,5,6,7,8,2;0,1,8,9,3;0,2,9,10,11,12,13,4;0,3,13,14,5;0,4,14,15,6,1;1,5,15,16,17,7;1,6,17,18,19,20,8;1,7,20,21,9,2;2,8,21,10,3;3,9,21,22,11;3,10,22,23,12;3,11,23,24,13;3,12,24,14,4;4,13,24,25,15,5;5,14,25,16,6;6,15,25,26,27,17;6,16,27,18,7;7,17,27,28,19;7,18,28,29,20;7,19,29,21,8;8,20,29,22,10,9;10,21,29,28,23,11;11,22,28,26,24,12;12,23,26,25,14,13;14,24,26,16,15;16,25,24,23,28,27;16,26,28,18,17;18,27,26,23,22,29,19;19,28,22,21,20 19
p31.r1#7302 31 1,2,3,4,5,6;0,6,7,8,9,10,2;0,1,10,11,3;0,2,11,12,13,14,4;0,3,14,15,5;0,4,15,16,17,18,6;0,5,18,7,1;1,6,18,19,8;1,7,19,20,21,9;1,8,21,22,10;1,9,22,11,2;2,10,22,12,3;3,11,22,23,13;3,12,23,24,14;3,13,24,15,4;4,14,24,16,5;5,15,24,25,17;5,16,25,26,19,18;5,17,19,7,6;7,18,17,26,20,8;8,19,26,27,21;8,20,27,28,29,22,9;9,21,29,23,12,11,10;12,22,29,30,24,13;13,23,30,25,16,15,14;16,24,30,28,27,26,17;17,25,27,20,19;20,26,25,28,21;21,27,25,30,29;21,28,30,23,22;23,29,28,25,24 27
p31.r12#19956 31 1,2,3,4,5,6;0,6,7,8,9,2;0,1,9,10,11,3;0,2,11,12,4;0,3,12,13,14,15,5;0,4,15,16,6;0,5,16,7,1;1,6,16,17,18,8;1,7,18,19,9;1,8,19,20,10,2;2,9,20,21,22,23,11;2,10,23,24,12,3;3,11,24,13,4;4,12,24,25,14;4,13,25,26,15;4,14,26,17,16,5;5,15,17,7,6;7,16,15,26,27,18;7,17,27,19,8;8,18,27,28,20,9;9,19,28,21,10;10,20,28,29,22;10,21,29,30,23;10,22,30,24,11;11,23,30,25,13,12;13,24,30,29,26,14;14,25,29,27,17,15;17,26,29,28,19,18;19,27,29,21,20;21,28,27,26,25,30,22;22,29,25,24,23 22
p31.r13#292235 31 1,2,3,4,5,6;0,6,7,8,2;0,1,8,9,10,3;0,2,10,11,4;0,3,11,12,13,5;0,4,13,14,6;0,5,14,15,7,1;1,6,15,16,17,8;1,7,17,18,19,9,2;2,8,19,20,21,10;2,9,21,11,3;3,10,21,12,4;4,11,21,22,23,24,25,13;4,12,25,14,5;5,13,25,15,6;6,14,25,26,16,7;7,15,26,27,17;7,16,27,28,18,8;8,17,28,29,19;8,18,29,20,9;9,19,29,22,21;9,20,22,12,11,10;12,21,20,29,23;12,22,29,30,24;12,23,30,27,26,25;12,24,26,15,14,13;15,25,24,27,16;16,26,24,30,28,17;17,27,30,29,18;18,28,30,23,22,20,19;23,29,28,27,24 3
p31.r19#11250 31 1,2,3,4,5;0,5,6,7,8,2;0,1,8,9,3;0,2,9,10,11,12,13,4;0,3,13,14,5;0,4,14,15,16,6,1;1,5,16,17,18,7;1,6,18,19,20,21,8;1,7,21,22,9,2;2,8,22,10,3;3,9,22,23,11;3,10,23,24,12;3,11,24,25,13;3,12,25,14,4;4,13,25,15,5;5,14,25,26,16;5,15,26,17,6;6,16,26,27,28,18;6,17,28,19,7;7,18,28,29,20;7,19,29,30,21;7,20,30,22,8;8,21,30,23,10,9;10,22,30,29,24,11;11,23,29,27,25,12;12,24,27,26,15,14,13;15,25,27,17,16;17,26,25,24,29,28;17,27,29,19,18;19,28,27,24,23,30,20;20,29,23,22,21 15
p31.r19#11250 31 1,2,3,4,5;0,5,6,7,8,2;0,1,8,9,3;0,2,9,10,11,12,13,4;0,3,13,14,5;0,4,14,15,16,6,1;1,5,16,17,18,7;1,6,18,19,20,21,8;1,7,21,22,9,2;2,8,22,10,3;3,9,22,23,11;3,10,23,24,12;3,11,24,25,13;3,12,25,14,4;4,13,25,15,5;5,14,25,26,16;5,15,26,17,6;6,16,26,27,28,18;6,17,28,19,7;7,18,28,29,20;7,19,29,30,21;7,20,30,22,8;8,21,30,23,10,9;10,22,30,29,24,11;11,23,29,27,25,12;12,24,27,26,15,14,13;15,25,27,17,16;17,26,25,24,29,28;17,27,29,19,18;19,28,27,24,23,30,20;20,29,23,22,21 20
p31.r19#11250 31 1,2,3,4,5;0,5,6,7,8,2;0,1,8,9,3;0,2,9,10,11,12,13,4;0,3,13,14,5;0,4,14,15,16,6,1;1,5,16,17,18,7;1,6,18,19,20,21,8;1,7,21,22,9,2;2,8,22,10,3;3,9,22,23,11;3,10,23,24,12;3,11,24,25,13;3,12,25,14,4;4,13,25,15,5;5,14,25,26,16;5,15,26,17,6;6,16,26,27,28,18;6,17,28,19,7;7,18,28,29,20;7,19,29,30,21;7,20,30,22,8;8,21,30,23,10,9;10,22,30,29,24,11;11,23,29,27,25,12;12,24,27,26,15,14,13;15,25,27,17,16;17,26,25,24,29,28;17,27,29,19,18;19,28,27,24,23,30,20;20,29,23,22,21 15
p31.r19#11250 31 1,2,3,4,5;0,5,6,7,8,2;0,1,8,9,3;0,2,9,10,11,12,13,4;0,3,13,14,5;0,4,14,15,16,6,1;1,5,16,17,18,7;1,6,18,19,20,21,8;1,7,21,22,9,2;2,8,22,10,3;3,9,22,23,11;3,10,23,24,12;3,11,24,25,13;3,12,25,14,4;4,13,25,15,5;5,14,25,26,16;5,15,26,17,6;6,16,26,27,28,18;6,17,28,19,7;7,18,28,29,20;7,19,29,30,21;7,20,30,22,8;8,21,30,23,10,9;10,22,30,29,24,11;11,23,29,27,25,12;12,24,27,26,15,14,13;15,25,27,17,16;17,26,25,24,29,28;17,27,29,19,18;19,28,27,24,23,30,20;20,29,23,22,21 20
p32.r11#14729 32 1,2,3,4,5;0,5,6,7,8,9,2;0,1,9,10,11,3;0,2,11,12,4;0,3,12,13,14,15,5;0,4,15,6,1;1,5,15,16,7;1,6,16,17,8;1,7,17,18,19,9;1,8,19,10,2;2,9,19,20,11;2,10,20,21,12,3;3,11,21,13,4;4,12,21,22,23,14;4,13,23,24,15;4,14,24,16,6,5;6,15,24,25,17,7;7,16,25,26,18,8;8,17,26,27,19;8,18,27,28,20,10,9;10,19,28,29,21,11;11,20,29,22,13,12;13,21,29,30,23;13,22,30,31,25,24,14;14,23,25,16,15;16,24,23,31,26,17;17,25,31,27,18;18,26,31,28,19;19,27,31,30,29,20;20,28,30,22,21;22,29,28,31,23;23,30,28,27,26,25 27
p32.r11#14729 32 1,2,3,4,5;0,5,6,7,8,9,2;0,1,9,10,11,3;0,2,11,12,4;0,3,12,13,14,15,5;0,4,15,6,1;1,5,15,16,7;1,6,16,17,8;1,7,17,18,19,9;1,8,19,10,2;2,9,19,20,11;2,10,20,21,12,3;3,11,21,13,4;4,12,21,22,23,14;4,13,23,24,15;4,14,24,16,6,5;6,15,24,25,17,7;7,16,25,26,18,8;8,17,26,27,19;8,18,27,28,20,10,9;10,19,28,29,21,11;11,20,29,22,13,12;13,21,29,30,23;13,22,30,31,25,24,14;14,23,25,16,15;16,24,23,31,26,17;17,25,31,27,18;18,26,31,28,19;19,27,31,30,29,20;20,28,30,22,21;22,29,28,31,23;23,30,28,27,26,25 30
p32.r11#14729 32 1,2,3,4,5;0,5,6,7,8,9,2;0,1,9,10,11,3;0,2,11,12,4;0,3,12,13,14,15,5;0,4,15,6,1;1,5,15,16,7;1,6,16,17,8;1,7,17,18,19,9;1,8,19,10,2;2,9,19,20,11;2,10,20,21,12,3;3,11,21,13,4;4,12,21,22,23,14;4,13,23,24,15;4,14,24,16,6,5;6,15,24,25,17,7;7,16,25,26,18,8;8,17,26,27,19;8,18,27,28,20,10,9;10,19,28,29,21,11;11,20,29,22,13,12;13,21,29,30,23;13,22,30,31,25,24,14;14,23,25,16,15;16,24,23,31,26,17;17,25,31,27,18;18,26,31,28,19;19,27,31,30,29,20;20,28,30,22,21;22,29,28,31,23;23,30,28,27,26,25 27
p32.r11#14729 32 1,2,3,4,5;0,5,6,7,8,9,2;0,1,9,10,11,3;0,2,11,12,4;0,3,12,13,14,15,5;0,4,15,6,1;1,5,15,16,7;1,6,16,17,8;1,7,17,18,19,9;1,8,19,10,2;2,9,19,20,11;2,10,20,21,12,3;3,11,21,13,4;4,12,21,22,23,14;4,13,23,24,15;4,14,24,16,6,5;6,15,24,25,17,7;7,16,25,26,18,8;8,17,26,27,19;8,18,27,28,20,10,9;10,19,28,29,21,11;11,20,29,22,13,12;13,21,29,30,23;13,22,30,31,25,24,14;14,23,25,16,15;16,24,23,31,26,17;17,25,31,27,18;18,26,31,28,19;19,27,31,30,29,20;20,28,30,22,21;22,29,28,31,23;23,30,28,27,26,25 30
p32.r111#946067 32 1,2,3,4,5,6;0,6,7,8,2;0,1,8,9,10,11,3;0,2,11,12,4;0,3,12,13,14,5;0,4,14,15,6;0,5,15,16,7,1;1,6,16,17,8;1,7,17,9,2;2,8,17,18,10;2,9,18,19,11;2,10,19,20,21,12,3;3,11,21,13,4;4,12,21,22,23,14;4,13,23,24,25,15,5;5,14,25,16,6;6,15,25,26,17,7;7,16,26,27,18,9,8;9,17,27,19,10;10,18,27,28,20,11;11,19,28,29,21;11,20,29,22,13,12;13,21,29,30,31,23;13,22,31,24,14;14,23,31,26,25;14,24,26,16,15;16,25,24,31,30,27,17;17,26,30,28,19,18;19,27,30,29,20;20,28,30,22,21;22,29,28,27,26,31;22,30,26,24,23 29
p32.r124#210513 32 1,2,3,4,5;0,5,6,7,8,9,2;0,1,9,10,3;0,2,10,11,12,4;0,3,12,13,14,5;0,4,14,15,6,1;1,5,15,16,7;1,6,16,17,18,19,8;1,7,19,20,9;1,8,20,21,10,2;2,9,21,22,11,3;3,10,22,23,12;3,11,23,13,4;4,12,23,24,25,26,14;4,13,26,15,5;5,14,26,27,16,6;6,15,27,17,7;7,16,27,28,18;7,17,28,29,19;7,18,29,20,8;8,19,29,30,21,9;9,20,30,22,10;10,21,30,31,24,23,11;11,22,24,13,12;13,23,22,31,25;13,24,31,28,27,26;13,25,27,15,14;15,26,25,28,17,16;17,27,25,31,29,18;18,28,31,30,20,19;20,29,31,22,21;22,30,29,28,25,24 23
p32.r17#261286 32 1,2,3,4,5;0,5,6,7,8,9,2;0,1,9,10,11,3;0,2,11,12,13,4;0,3,13,14,5;0,4,14,6,1;1,5,14,15,7;1,6,15,16,8;1,7,16,17,18,9;1,8,18,19,10,2;2,9,19,20,21,22,11;2,10,22,12,3;3,11,22,23,13;3,12,23,24,14,4;4,13,24,25,15,6,5;6,14,25,16,7;7,15,25,26,17,8;8,16,26,27,18;8,17,27,28,19,9;9,18,28,20,10;10,19,28,29,21;10,20,29,23,22;10,21,23,12,11;12,22,21,29,30,24,13;13,23,30,31,25,14;14,24,31,26,16,15;16,25,31,27,17;17,26,31,28,18;18,27,31,30,29,20,19;20,28,30,23,21;23,29,28,31,24;24,30,28,27,26,25 22
p32.r17#261286 32 1,2,3,4,5;0,5,6,7,8,9,2;0,1,9,10,11,3;0,2,11,12,13,4;0,3,13,14,5;0,4,14,6,1;1,5,14,15,7;1,6,15,16,8;1,7,16,17,18,9;1,8,18,19,10,2;2,9,19,20,21,22,11;2,10,22,12,3;3,11,22,23,13;3,12,23,24,14,4;4,13,24,25,15,6,5;6,14,25,16,7;7,15,25,26,17,8;8,16,26,27,18;8,17,27,28,19,9;9,18,28,20,10;10,19,28,29,21;10,20,29,23,22;10,21,23,12,11;12,22,21,29,30,24,13;13,23,30,31,25,14;14,24,31,26,16,15;16,25,31,27,17;17,26,31,28,18;18,27,31,30,29,20,19;20,28,30,23,21;23,29,28,31,24;24,30,28,27,26,25 5
p32.r17#261286 32 1,2,3,4,5;0,5,6,7,8,9,2;0,1,9,10,11,3;0,2,11,12,13,4;0,3,13,14,5;0,4,14,6,1;1,5,14,15,7;1,6,15,16,8;1,7,16,17,18,9;1,8,18,19,10,2;2,9,19,20,21,22,11;2,10,22,12,3;3,11,22,23,13;3,12,23,24,14,4;4,13,24,25,15,6,5;6,14,25,16,7;7,15,25,26,17,8;8,16,26,27,18;8,17,27,28,19,9;9,18,28,20,10;10,19,28,29,21;10,20,29,23,22;10,21,23,12,11;12,22,21,29,30,24,13;13,23,30,31,25,14;14,24,31,26,16,15;16,25,31,27,17;17,26,31,28,18;18,27,31,30,29,20,19;20,28,30,23,21;23,29,28,31,24;24,30,28,27,26,25 22
p32.r17#261286 32 1,2,3,4,5;0,5,6,7,8,9,2;0,1,9,10,11,3;0,2,11,12,13,4;0,3,13,14,5;0,4,14,6,1;1,5,14,15,7;1,6,15,16,8;1,7,16,17,18,9;1,8,18,19,10,2;2,9,19,20,21,22,11;2,10,22,12,3;3,11,22,23,13;3,12,23,24,14,4;4,13,24,25,15,6,5;6,14,25,16,7;7,15,25,26,17,8;8,16,26,27,18;8,17,27,28,19,9;9,18,28,20,10;10,19,28,29,21;10,20,29,23,22;10,21,23,12,11;12,22,21,29,30,24,13;13,23,30,31,25,14;14,24,31,26,16,15;16,25,31,27,17;17,26,31,28,18;18,27,31,30,29,20,19;20,28,30,23,21;23,29,28,31,24;24,30,28,27,26,25 5
p32.r29#12613 32 1,2,3,4,5;0,5,6,7,8,9,10,2;0,1,10,11,3;0,2,11,12,13,14,4;0,3,14,15,16,5;0,4,16,6,1;1,5,16,17,7;1,6,17,18,8;1,7,18,19,9;1,8,19,20,10;1,9,20,21,11,2;2,10,21,12,3;3,11,21,22,13;3,12,22,23,14;3,13,23,15,4;4,14,23,24,25,26,16;4,15,26,17,6,5;6,16,26,27,18,7;7,17,27,28,19,8;8,18,28,29,20,9;9,19,29,30,21,10;10,20,30,22,12,11;12,21,30,31,23,13;13,22,31,24,15,14;15,23,31,28,25;15,24,28,27,26;15,25,27,17,16;17,26,25,28,18;18,27,25,24,31,29,19;19,28,31,30,20;20,29,31,22,21;22,30,29,28,24,23 25
p32.r68#2466 32 1,2,3,4,5;0,5,6,7,8,9,2;0,1,9,10,3;0,2,10,11,12,13,4;0,3,13,14,5;0,4,14,15,16,6,1;1,5,16,17,7;1,6,17,18,19,8;1,7,19,20,21,9;1,8,21,10,2;2,9,21,11,3;3,10,21,22,23,12;3,11,23,24,25,13;3,12,25,26,14,4;4,13,26,15,5;5,14,26,27,16;5,15,27,17,6;6,16,27,28,18,7;7,17,28,29,30,19;7,18,30,20,8;8,19,30,22,21;8,20,22,11,10,9;11,21,20,30,23;11,22,30,24,12;12,23,30,29,25;12,24,29,31,26,13;13,25,31,27,15,14;15,26,31,28,17,16;17,27,31,29,18;18,28,31,25,24,30;18,29,24,23,22,20,19;25,29,28,27,26 2
p32.r85#113993 32 1,2,3,4,5;0,5,6,7,8,9,2;0,1,9,10,3;0,2,10,11,4;0,3,11,12,13,14,5;0,4,14,6,1;1,5,14,15,7;1,6,15,16,17,8;1,7,17,18,19,20,21,9;1,8,21,10,2;2,9,21,22,23,11,3;3,10,23,24,12,4;4,11,24,25,26,13;4,12,26,27,15,14;4,13,15,6,5;6,14,13,27,16,7;7,15,27,28,17;7,16,28,18,8;8,17,28,29,19;8,18,29,30,20;8,19,30,22,21;8,20,22,10,9;10,21,20,30,23;10,22,30,24,11;11,23,30,31,25,12;12,24,31,28,26;12,25,28,27,13;13,26,28,16,15;16,27,26,25,31,29,18,17;18,28,31,30,19;19,29,31,24,23,22,20;24,30,29,28,25 5
p32.r96#9744 32 1,2,3,4,5,6;0,6,7,8,9,2;0,1,9,10,11,3;0,2,11,12,4;0,3,12,13,5;0,4,13,14,15,16,6;0,5,16,7,1;1,6,16,17,18,19,8;1,7,19,20,9;1,8,20,10,2;2,9,20,21,22,11;2,10,22,23,12,3;3,11,23,24,13,4;4,12,24,25,14,5;5,13,25,26,27,15;5,14,27,17,16;5,15,17,7,6;7,16,15,27,18;7,17,27,28,29,19;7,18,29,30,20,8;8,19,30,21,10,9;10,20,30,31,22;10,21,31,23,11;11,22,31,24,12;12,23,31,25,13;13,24,31,26,14;14,25,31,28,27;14,26,28,18,17,15;18,27,26,31,29;18,28,31,30,19;19,29,31,21,20;21,30,29,28,26,25,24,23,22 16
C30#0 17 1,5,4,3,2;0,2,7,6,5;1,0,3,8,7;2,0,4,9,8;3,0,5,10,9;4,0,1,6,10;5,1,7,12,11,10;6,1,2,8,13,12;7,2,3,9,14,13;8,3,4,10,15,14;9,4,5,6,11,15;10,6,12,16,15;11,6,7,13,16;12,7,8,14,16;13,8,9,15,16;14,9,10,11,16;15,11,12,13,14 0
