klein_s203_w115_t49 32 4,26,29,25,30;5,27,23,24,14;6,8,10,16,22;4,26,31,21,7;0,26,3,7,8,9,30;1,27,25,15,14;2,8,28,13,18,12,11,22;3,4,8,28,21;2,10,9,4,7,28,6;4,30,19,24,10,8;2,8,9,24,13,12,17,16;6,12,13,28,21,31,23,22;6,18,17,10,13,11;6,18,20,24,10,12,11,28;1,5,15,19,24;5,14,19,30,25;2,10,17,20,22;10,12,18,20,16;6,12,17,20,13;9,24,14,15,30;13,24,22,16,17,18;3,31,11,28,7;2,6,11,23,24,20,16;1,27,31,11,22,24;1,14,19,9,10,13,20,22,23;0,30,15,5,27,29;0,4,3,31,29;1,5,25,29,31,23;6,8,7,21,11,13;0,26,31,27,25;0,25,15,19,9,4;3,21,11,23,27,29,26
klein_s203_w688_t676 32 4,26,29,25,30;5,27,23,24,14;6,8,9,10,16;4,26,31,21,7;0,26,3,7,8,9,30;1,27,25,15,14;2,8,28,18,12,22,16;3,4,8,28,21;2,9,4,7,28,6;2,10,24,19,30,4,8;2,9,24,13,11,16;10,16,17,12,23,31,21,13;6,18,17,11,23,22;10,24,20,17,18,28,21,11;1,5,15,19,24;5,14,19,30,25;2,10,11,17,20,22,6;11,16,20,13,18,12;6,12,17,13,28;9,24,14,15,30;13,24,22,16,17;3,31,11,13,28,7;6,12,23,24,20,16;1,27,31,11,12,22,24;1,14,19,9,10,13,20,22,23;0,30,15,5,27,29;0,4,3,31,29;1,5,25,29,31,23;6,8,7,21,13,18;0,26,31,27,25;0,25,15,19,9,4;3,21,11,23,27,29,26
torus_s203_w325_t43 31 6,20,12,29,11,19,7;5,19,11,30,23,17,9,28;3,9,16,7,19;2,9,10,18,22,19;12,29,27,21,15,14;1,19,30,23,25,28;0,20,13,8,7;0,19,2,16,8,6;6,7,16,24,15,13;1,28,10,3,2,16,17;3,18,25,28,9;0,29,30,1,19;0,29,4,14,20;6,20,14,15,8;4,15,13,20,12;4,14,13,8,24,21;2,9,17,18,22,26,24,8,7;1,23,18,16,9;3,10,25,23,17,16,22;0,7,2,3,22,27,30,5,1,11;0,6,13,14,12;4,27,26,24,15;3,18,16,26,27,19;1,17,18,25,5,30;8,16,26,21,15;5,23,18,10,28;16,24,21,27,22;4,29,30,19,22,26,21;1,9,10,25,5;0,12,4,27,30,11;1,11,29,27,19,5,23
klein_s203_w728_t665 32 4,26,29,25,30;5,27,23,24,14;6,8,9,10,17,16;4,26,31,21,7;0,26,3,7,8,9,30;1,27,25,15,14;2,8,28,11,13,18,12,16;3,4,8,28,21;2,9,4,7,28,6;2,10,24,19,30,4,8;2,9,24,13,12,18,17;6,13,23,31,21,28;6,18,10,13,23,22,16;6,18,20,24,10,12,23,11;1,5,15,19,24;5,14,19,30,25;2,17,20,22,12,6;2,10,18,20,16;6,12,10,17,20,13;9,24,14,15,30;13,24,22,16,17,18;3,31,11,28,7;12,23,24,20,16;1,27,31,11,13,12,22,24;1,14,19,9,10,13,20,22,23;0,30,15,5,27,29;0,4,3,31,29;1,5,25,29,31,23;6,8,7,21,11;0,26,31,27,25;0,25,15,19,9,4;3,21,11,23,27,29,26
klein_s203_w895_t244 32 4,26,29,25,30;5,27,23,24,14;8,9,10,11,23,17,20,16;4,26,31,21,7;0,26,3,7,8,9,30;1,27,25,15,14;8,28,11,13,18,16;3,4,8,28,21;2,9,4,7,28,6,16;2,10,24,19,30,4,8;2,11,13,24,9;2,10,13,6,28,21,31,23;16,22,23,17,18;6,11,10,24,20,18;1,5,15,19,24;5,14,19,30,25;2,20,22,12,18,6,8;2,20,18,12,23;6,16,12,17,20,13;9,24,14,15,30;2,16,22,24,13,18,17;3,31,11,28,7;12,16,20,24,23;1,27,31,11,2,17,12,22,24;1,14,19,9,10,13,20,22,23;0,30,15,5,27,29;0,4,3,31,29;1,5,25,29,31,23;6,8,7,21,11;0,26,31,27,25;0,25,15,19,9,4;3,21,11,23,27,29,26
klein_s203_w223_t717 32 4,26,29,25,30;5,27,23,24,14;8,9,10,11,17,20,16;4,26,31,21,7;0,26,3,7,8,9,30;1,27,25,15,14;8,16,12,18,13;3,4,8,28,21;2,9,4,7,28,13,6,16;2,10,24,19,30,4,8;2,11,28,13,24,9;2,10,28,21,31,23,17;6,18,17,23,22,16;6,18,20,24,10,28,8;1,5,15,19,24;5,14,19,30,25;2,20,22,12,6,8;2,20,18,12,23,11;6,12,17,20,13;9,24,14,15,30;2,16,22,24,13,18,17;3,31,11,28,7;12,23,24,20,16;1,27,31,11,17,12,22,24;1,14,19,9,10,13,20,22,23;0,30,15,5,27,29;0,4,3,31,29;1,5,25,29,31,23;7,21,11,10,13,8;0,26,31,27,25;0,25,15,19,9,4;3,21,11,23,27,29,26
klein_s203_w499_t2 32 4,26,29,25,30;5,27,23,24,14;6,9,10,17,16;4,26,31,21,7;0,26,3,7,8,9,30;1,27,25,15,14;2,9,8,28,13,18,12,22,16;3,4,8,28,21;4,7,28,6,9;2,10,24,19,30,4,8,6;2,9,24,13,28,11,17;10,17,12,23,31,21,28;6,18,17,11,23,22;6,18,20,24,10,28;1,5,15,19,24;5,14,19,30,25;2,17,20,22,6;2,16,20,18,12,11,10;6,12,17,20,13;9,24,14,15,30;13,24,22,16,17,18;3,31,11,28,7;6,12,23,24,20,16;1,27,31,11,12,22,24;1,14,19,9,10,13,20,22,23;0,30,15,5,27,29;0,4,3,31,29;1,5,25,29,31,23;6,8,7,21,11,10,13;0,26,31,27,25;0,25,15,19,9,4;3,21,11,23,27,29,26
torus_s203_w1012_t380 31 6,20,12,29,11,19,7;9,28,11,30,23,17;3,9,16,7,19;2,9,10,22,19;12,29,27,21,15,14;19,30,23,25,28;0,20,13,8,7;0,19,2,16,8,6;6,7,16,24,15,13;1,28,25,10,3,2,16,17;3,22,18,25,9;0,29,30,1,28,19;0,29,4,14,20;6,20,14,15,8;4,15,13,20,12;4,14,13,8,24,21;2,9,17,18,22,26,24,8,7;1,23,18,16,9;10,22,16,17,23,25;0,7,2,3,22,27,30,5,28,11;0,6,13,14,12;4,27,26,24,15;3,10,18,16,26,27,19;1,17,18,25,5,30;8,16,26,21,15;5,23,18,10,9,28;16,24,21,27,22;4,29,30,19,22,26,21;1,9,25,5,19,11;0,12,4,27,30,11;1,11,29,27,19,5,23
klein_s203_w586_t325 32 4,26,29,25,30;5,27,23,24,14;6,8,9,11,17,16;4,26,31,21,7;0,26,3,7,8,9,30;1,27,25,15,14;2,8,7,28,13,18,22,16;3,4,8,6,28,21;2,9,4,7,6;2,11,10,24,19,30,4,8;9,24,13,28,21,11;2,9,10,21,31,23,22,12,17;11,22,18,20,17;6,18,20,24,10,28;1,5,15,19,24;5,14,19,30,25;2,17,20,22,6;2,16,20,12,11;6,22,12,20,13;9,24,14,15,30;12,17,16,22,24,13,18;3,31,11,10,28,7;6,18,12,11,23,24,20,16;1,27,31,11,22,24;1,14,19,9,10,13,20,22,23;0,30,15,5,27,29;0,4,3,31,29;1,5,25,29,31,23;6,13,10,21,7;0,26,31,27,25;0,25,15,19,9,4;3,21,11,23,27,29,26
klein_s203_w817_t566 32 4,26,29,25,30;5,27,23,24,14;6,8,9,10,16;4,26,31,21,7;0,26,3,7,8,9,30;1,27,25,15,14;2,8,7,28,18,12,16;3,4,8,6,28,21;2,9,4,7,6;2,10,24,19,30,4,8;2,9,24,13,28,11,12,17,16;10,12,22,23,31,21,28;6,18,17,10,11,22,16;10,24,20,18,28;1,5,15,19,24;5,14,19,30,25;2,10,17,20,22,12,6;10,12,18,20,16;6,12,17,20,13,28;9,24,14,15,30;13,24,22,16,17,18;3,31,11,28,7;11,12,16,20,24,23;1,27,31,11,22,24;1,14,19,9,10,13,20,22,23;0,30,15,5,27,29;0,4,3,31,29;1,5,25,29,31,23;6,18,13,10,11,21,7;0,26,31,27,25;0,25,15,19,9,4;3,21,11,23,27,29,26
torus_s203_w1035_t-1 28 2,10,23,5,7,8;3,25,10,13,9,15;0,10,25,21,14,15,9,8;1,25,4,20,16,15;3,20,18,12,26,25;0,23,15,16,22,17,11,6,19,7;5,11,24,23,19;0,8,13,19,5;0,2,9,13,7;1,15,2,8,13;0,23,13,1,25,2;5,17,12,27,14,24,6;4,18,17,11,27,26;1,9,8,7,19,23,10;2,15,24,11,27,21;1,9,2,14,24,23,5,16,3;3,20,22,5,15;5,11,12,18,22;4,20,22,17,12;5,6,23,13,7;3,4,18,22,16;2,25,26,27,14;5,17,18,20,16;0,10,13,19,6,24,15,5;6,23,15,14,11;1,3,4,26,21,2,10;4,12,27,21,25;11,14,21,26,12
torus_s203_w743_t301 31 6,20,12,29,11,19,7;9,28,19,11,30,23,17;3,9,16,7,19;2,9,28,10,18,19;12,29,27,21,15,14;19,30,23,25,28;0,20,13,8,7;0,19,2,16,8,6;6,7,16,24,15,13;1,28,3,2,16,17;3,18,17,25,28;0,29,30,1,19;0,29,4,14,20;6,20,14,15,8;4,15,13,20,12;4,14,13,8,24,21;2,9,17,18,22,26,24,8,7;1,23,25,10,18,16,9;3,10,17,16,22,19;0,7,2,3,18,22,27,30,5,28,1,11;0,6,13,14,12;4,27,26,24,15;16,18,19,27,26;1,17,25,5,30;8,16,26,21,15;5,23,17,10,28;16,24,21,27,22;4,29,30,19,22,26,21;1,9,3,10,25,5,19;0,12,4,27,30,11;1,11,29,27,19,5,23
klein_s203_w366_t21 32 4,26,29,25,30;5,27,23,24,14;6,16,10,9,8;4,26,31,21,7;0,26,3,7,8,9,30;1,27,25,15,14;2,16,22,12,18,28,8;3,4,8,28,21;2,9,4,7,28,6;2,10,24,19,30,4,8;2,9,24,13,11,12,17,16;10,12,23,31,21,28,13;6,18,17,10,11,23,24,22;10,24,20,18,28,11;1,5,15,19,24;5,14,19,30,25;2,6,22,20,17,10;10,12,18,20,16;6,12,17,20,13,28;9,24,14,15,30;13,24,22,16,17,18;3,31,11,28,7;6,12,24,20,16;1,27,31,11,12,24;1,14,19,9,10,13,20,22,12,23;0,30,15,5,27,29;0,4,3,31,29;1,5,25,29,31,23;6,8,7,21,11,13,18;0,26,31,27,25;0,25,15,19,9,4;3,21,11,23,27,29,26
klein_s203_w527_t126 32 4,26,29,25,30;5,27,23,24,14;6,8,9,16,22;4,26,31,21,7;0,26,3,7,8,9,30;1,27,25,15,14;2,8,28,18,12,22;3,4,8,28,21;2,9,4,7,28,6;2,16,10,24,19,30,4,8;9,24,13,28,17,16;17,28,21,31,23;6,18,17,23,22;10,24,20,18,28;1,5,15,19,24;5,14,19,30,25;2,9,10,17,20,22;10,28,11,23,12,18,20,16;6,12,17,20,13,28;9,24,14,15,30;13,24,22,16,17,18;3,31,11,28,7;2,16,20,24,23,12,6;1,27,31,11,17,12,22,24;1,14,19,9,10,13,20,22,23;0,30,15,5,27,29;0,4,3,31,29;1,5,25,29,31,23;6,8,7,21,11,17,10,13,18;0,26,31,27,25;0,25,15,19,9,4;3,21,11,23,27,29,26
torus_s203_w367_t170 31 6,20,12,29,11,19,7;11,30,23,17,19;3,10,9,16,7,19;2,10,18,22,19;12,29,27,21,15,14;19,28,25,23,27;0,20,13,8,7;0,19,2,16,8,6;6,7,16,24,15,13;2,10,28,19,17,16;2,3,18,17,25,28,9;0,29,30,1,19;0,29,4,14,20;6,20,14,15,8;4,15,13,20,12;4,14,13,8,24,21;2,9,17,18,22,26,24,8,7;1,23,25,10,18,16,9,19;3,10,17,16,22;0,7,2,3,22,27,5,28,9,17,1,11;0,6,13,14,12;4,27,26,24,15;3,18,16,26,27,19;1,17,25,5,27,30;8,16,26,21,15;5,23,17,10,28;16,24,21,27,22;4,29,30,23,5,19,22,26,21;5,19,9,10,25;0,12,4,27,30,11;1,11,29,27,23
klein_s203_w857_t523 32 4,26,29,25,30;5,27,23,24,14;6,8,9,10,17,16;4,26,31,21,7;0,26,3,7,8,9,30;1,27,25,15,14;2,8,28,13,18,12,16;3,4,8,28,21;2,9,4,7,28,6;2,10,24,19,30,4,8;2,9,24,13,12,18,17;12,22,23,31,21;6,18,10,13,21,11,22,20,16;6,18,20,24,10,12,21,28;1,5,15,19,24;5,14,19,30,25;2,17,20,12,6;2,10,18,20,16;6,12,10,17,20,13;9,24,14,15,30;12,16,17,18,13,24,22;3,31,11,12,13,28,7;11,12,20,24,23;1,27,31,11,22,24;1,14,19,9,10,13,20,22,23;0,30,15,5,27,29;0,4,3,31,29;1,5,25,29,31,23;6,8,7,21,13;0,26,31,27,25;0,25,15,19,9,4;3,21,11,23,27,29,26
klein_s203_w1088_t-1 32 4,26,29,25,30;5,27,23,24,14;6,8,9,10,16;4,26,31,21,7;0,26,3,7,8,9,30;1,27,25,15,14;2,8,28,13,18,12,16;3,4,8,28,21;2,9,4,7,28,6;2,10,24,19,30,4,8;2,9,24,13,11,12,17,16;10,12,23,31,21,28,13;6,18,17,10,11,23,22,16;6,18,20,24,10,11,28;1,5,15,19,24;5,14,19,30,25;2,10,17,20,22,12,6;10,12,18,20,16;6,12,17,20,13;9,24,14,15,30;13,24,22,16,17,18;3,31,11,28,7;12,16,20,24,23;1,27,31,11,12,22,24;1,14,19,9,10,13,20,22,23;0,30,15,5,27,29;0,4,3,31,29;1,5,25,29,31,23;6,8,7,21,11,13;0,26,31,27,25;0,25,15,19,9,4;3,21,11,23,27,29,26
klein_s203_w177_t799 32 4,26,29,25,30;5,27,23,24,14;6,17,18,20,16;4,26,31,21,7;0,26,3,7,8,9,30;1,27,25,15,14;2,17,8,7,18,12,16;3,4,8,6,18,28,21;4,7,6,17,9;4,30,19,24,10,17,8;9,17,11,28,18,13,24;10,17,23,31,21,28;6,18,17,23,22,16;10,24,22,20,18;1,5,15,19,24;5,14,19,30,25;2,20,22,12,6;2,6,8,9,10,11,23,12,18;2,17,12,6,7,28,10,13,20;9,24,14,15,30;2,16,22,13,18;3,31,11,28,7;12,23,24,13,20,16;1,27,31,11,17,12,22,24;1,14,19,9,10,13,22,23;0,30,15,5,27,29;0,4,3,31,29;1,5,25,29,31,23;7,18,10,11,21;0,26,31,27,25;0,25,15,19,9,4;3,21,11,23,27,29,26
klein_s203_w544_t70 30 6,11,24,17,22,28;2,27,7,14,13,16;1,27,25,22,12,16;7,8,26,25,27;5,11,12,22,28;4,11,20,23,9,10,6,28;0,11,12,10,5,28;1,14,8,3,27;3,7,14,21,26;5,10,19,15,23;5,9,19,12,6;0,6,12,4,5,20,24;2,16,18,19,10,6,11,4,22;1,14,29,18,16;1,13,29,21,8,7;9,19,21,29,23;1,2,12,18,13;0,24,29,19,22;12,19,29,13,16;9,10,12,18,29,17,22,21,15;5,23,29,24,11;8,14,29,15,19,22,26;0,17,19,21,26,25,2,12,4,28;5,20,29,15,9;0,17,29,20,11;2,22,26,3,27;3,8,21,22,25;1,2,25,3,7;0,6,5,4,22;13,18,19,17,24,20,23,15,21,14
klein_s203_w266_t384 32 4,26,29,25,30;5,27,23,24,14;6,8,9,10,16;4,26,31,21,7;0,26,3,7,8,9,30;1,27,25,15,14;2,8,28,18,12,22,16;3,4,8,28,21;2,9,4,7,28,6;2,10,24,19,30,4,8;2,9,24,13,17,16;13,28,21,31,23,17;6,18,23,24,22;10,17,11,28,18,20,24;1,5,15,19,24;5,14,19,30,25;2,10,17,20,22,6;10,13,11,23,18,20,16;6,12,23,17,20,13,28;9,24,14,15,30;13,24,22,16,17,18;3,31,11,28,7;6,12,24,20,16;1,27,31,11,17,18,12,24;1,14,19,9,10,13,20,22,12,23;0,30,15,5,27,29;0,4,3,31,29;1,5,25,29,31,23;6,8,7,21,11,13,18;0,26,31,27,25;0,25,15,19,9,4;3,21,11,23,27,29,26
klein_s203_w692_t44 32 4,26,29,25,30;5,27,23,24,14;6,8,9,10,17,16;4,26,31,21,7;0,26,3,7,8,9,30;1,27,25,15,14;2,8,28,13,18,22,16;3,4,8,28,21;2,9,4,7,28,6;2,10,24,19,30,4,8;2,9,24,13,11,17;10,17,12,23,31,21,28,13;11,23,22,18,17;6,18,20,24,10,11,28;1,5,15,19,24;5,14,19,30,25;2,17,20,22,6;2,16,20,18,12,11,10;6,22,12,17,20,13;9,24,14,15,30;13,24,22,16,17,18;3,31,11,28,7;6,18,12,23,24,20,16;1,27,31,11,12,22,24;1,14,19,9,10,13,20,22,23;0,30,15,5,27,29;0,4,3,31,29;1,5,25,29,31,23;6,8,7,21,11,13;0,26,31,27,25;0,25,15,19,9,4;3,21,11,23,27,29,26
klein_s203_w116_t657 32 4,26,29,25,30;5,27,23,24,14;6,9,10,11,17,16;4,26,31,21,7;0,26,3,7,8,9,30;1,27,25,15,14;2,9,8,28,11,18,17,12,22,16;3,4,8,28,21;4,7,28,6,9;2,10,24,19,30,4,8,6;2,11,13,24,9;2,10,13,18,6,28,21,31,23,12,17;6,17,11,23,22;10,24,20,18,11;1,5,15,19,24;5,14,19,30,25;2,17,18,20,22,6;2,16,18,6,12,11;6,11,13,20,16,17;9,24,14,15,30;13,24,22,16,18;3,31,11,28,7;6,12,23,24,20,16;1,27,31,11,12,22,24;1,14,19,9,10,13,20,22,23;0,30,15,5,27,29;0,4,3,31,29;1,5,25,29,31,23;6,8,7,21,11;0,26,31,27,25;0,25,15,19,9,4;3,21,11,23,27,29,26
klein_s203_w788_t98 32 4,26,29,25,30;5,27,23,24,14;6,8,9,10,16;4,26,31,21,7;0,26,3,7,8,9,30;1,27,25,15,14;2,8,28,13,24,18,12,22,16;3,4,8,28,21;2,9,4,7,28,6;2,10,24,19,30,4,8;2,9,24,13,11,12,17,16;10,12,23,31,21,28,13;6,18,17,10,11,23,22;6,24,10,11,28;1,5,15,19,24;5,14,19,30,25;2,10,17,20,22,6;10,12,18,20,16;6,12,17,20,24;9,24,14,15,30;16,22,24,18,17;3,31,11,28,7;6,12,23,24,20,16;1,27,31,11,12,22,24;1,14,19,9,10,13,6,18,20,22,23;0,30,15,5,27,29;0,4,3,31,29;1,5,25,29,31,23;6,8,7,21,11,13;0,26,31,27,25;0,25,15,19,9,4;3,21,11,23,27,29,26
klein_s203_w847_t453 32 4,26,29,25,30;5,27,23,24,14;6,18,8,10,11,17,16;4,26,31,21,7;0,26,3,7,8,9,30;1,27,25,15,14;2,18,17,12,16;3,4,8,28,21;2,10,9,4,7,28,13,18;4,30,19,24,10,8;2,11,13,24,9,8;2,10,13,28,21,31,23,17;6,17,23,22,16;8,18,20,24,10,11,28;1,5,15,19,24;5,14,19,30,25;2,17,20,22,12,6;2,16,20,18,6,12,23,11;2,6,17,20,13,8;9,24,14,15,30;13,24,22,16,17,18;3,31,11,28,7;12,16,20,24,23;1,27,31,11,17,12,22,24;1,14,19,9,10,13,20,22,23;0,30,15,5,27,29;0,4,3,31,29;1,5,25,29,31,23;7,21,11,13,8;0,26,31,27,25;0,25,15,19,9,4;3,21,11,23,27,29,26
torus_s203_w293_t-1 31 6,20,12,29,11,19,7;11,30,23,17,19;3,9,16,7,19;2,9,10,18,22,19;12,29,27,21,15,14;19,30,23,25,28;0,20,13,8,7;0,19,2,16,8,6;6,7,16,24,15,13;2,3,10,28,19,17,16;3,18,25,28,9;0,29,30,1,19;0,29,4,14,20;6,20,14,15,8;4,15,13,20,12;4,14,13,8,24,21;2,9,17,18,22,26,24,8,7;1,23,18,16,9,19;3,10,25,23,17,16,22;0,7,2,3,22,27,30,5,28,9,17,1,11;0,6,13,14,12;4,27,26,24,15;3,18,16,26,27,19;1,17,18,25,5,30;8,16,26,21,15;5,23,18,10,28;16,24,21,27,22;4,29,30,19,22,26,21;5,19,9,10,25;0,12,4,27,30,11;1,11,29,27,19,5,23
torus_s203_w187_t190 31 6,20,12,29,11,19,7;9,28,11,30,23,17;3,10,9,16,7;2,10,18,22,19,7;12,29,27,21,15,14;19,30,23,25,28;0,20,13,8,7;0,19,3,2,16,8,6;6,7,16,24,15,13;1,28,25,10,2,16,17;2,3,18,17,25,9;0,29,30,1,28,19;0,29,4,14,20;6,20,14,15,8;4,15,13,20,12;4,14,13,8,24,21;2,9,17,18,22,26,24,8,7;1,23,25,10,18,16,9;3,10,17,16,22;0,7,3,22,27,30,5,28,11;0,6,13,14,12;4,27,26,24,15;3,18,16,26,27,19;1,17,25,5,30;8,16,26,21,15;5,23,17,10,9,28;16,24,21,27,22;4,29,30,19,22,26,21;1,9,25,5,19,11;0,12,4,27,30,11;1,11,29,27,19,5,23
klein_s203_w857_t78 32 4,26,29,25,30;5,27,23,24,14;6,8,9,10,17,16;4,26,31,21,7;0,26,3,7,8,9,30;1,27,25,15,14;2,8,28,13,18,12,16;3,4,8,28,21;2,9,4,7,28,6;2,10,24,19,30,4,8;2,9,24,13,12,17;12,23,31,21,13;6,18,17,10,13,11,23,22,16;6,18,20,24,10,12,11,21,28;1,5,15,19,24;5,14,19,30,25;2,17,20,22,12,6;2,10,12,18,20,16;6,12,17,20,13;9,24,14,15,30;13,24,22,16,17,18;3,31,11,13,28,7;12,23,24,20,16;1,27,31,11,12,22,24;1,14,19,9,10,13,20,22,23;0,30,15,5,27,29;0,4,3,31,29;1,5,25,29,31,23;6,8,7,21,13;0,26,31,27,25;0,25,15,19,9,4;3,21,11,23,27,29,26
torus_s203_w743_t159 31 6,20,12,29,11,19,7;9,28,19,11,30,23,17;3,9,16,7,19;2,9,28,10,18,22,19;12,29,27,21,15,14;19,27,23,25,28;0,20,13,8,7;0,19,2,16,8,6;6,7,16,24,15,13;1,28,3,2,16,17;3,18,17,25,28;0,29,30,1,19;0,29,4,14,20;6,20,14,15,8;4,15,13,20,12;4,14,13,8,24,21;2,9,17,18,22,26,24,8,7;1,23,25,10,18,16,9;3,10,17,16,22;0,7,2,3,22,27,5,28,1,11;0,6,13,14,12;4,27,26,24,15;3,18,16,26,27,19;1,17,25,5,27,30;8,16,26,21,15;5,23,17,10,28;16,24,21,27,22;4,29,30,23,5,19,22,26,21;1,9,3,10,25,5,19;0,12,4,27,30,11;1,11,29,27,23
klein_s203_w644_t99 32 4,26,29,25,30;5,27,23,24,14;6,8,9,10,16;4,26,31,21,7;0,26,3,7,8,9,30;1,27,25,15,14;2,8,28,13,18,12,16;3,4,8,28,21;2,9,4,7,28,6;2,10,24,19,30,4,8;2,9,24,13,28,11,12,17,16;10,12,23,31,21,28;6,18,17,10,11,23,22,16;6,18,20,24,10,28;1,5,15,19,24;5,14,19,30,25;2,10,17,20,22,12,6;10,12,18,20,16;6,12,17,20,13;9,24,14,15,30;13,24,22,16,17,18;3,31,11,28,7;12,23,24,20,16;1,27,31,11,12,22,24;1,14,19,9,10,13,20,22,23;0,30,15,5,27,29;0,4,3,31,29;1,5,25,29,31,23;6,8,7,21,11,10,13;0,26,31,27,25;0,25,15,19,9,4;3,21,11,23,27,29,26
klein_s203_w563_t115 32 4,26,29,25,30;5,27,23,24,14;6,8,10,17,16;4,26,31,21,7;0,26,3,7,8,9,30;1,27,25,15,14;2,8,28,13,18,12,22,16;3,4,8,28,21;2,10,9,4,7,28,6;4,30,19,24,10,8;2,17,12,11,13,24,9,8;10,13,28,21,31,23,22,12;6,18,17,10,11,22;6,18,20,24,10,11,28;1,5,15,19,24;5,14,19,30,25;2,17,20,22,6;2,10,12,18,20,16;6,12,17,20,13;9,24,14,15,30;13,24,22,16,17,18;3,31,11,28,7;6,12,11,23,24,20,16;1,27,31,11,22,24;1,14,19,9,10,13,20,22,23;0,30,15,5,27,29;0,4,3,31,29;1,5,25,29,31,23;6,8,7,21,11,13;0,26,31,27,25;0,25,15,19,9,4;3,21,11,23,27,29,26
torus_s203_w242_t109 31 6,20,12,29,11,19,7;9,19,11,30,23,17;3,9,16,7,19;2,9,10,18,22,19;12,29,27,21,15,14;19,22,27,23,25,28;0,20,13,8,7;0,19,2,16,8,6;6,7,16,24,15,13;1,19,28,10,3,2,16,17;3,18,17,25,28,9;0,29,30,1,19;0,29,4,14,20;6,20,14,15,8;4,15,13,20,12;4,14,13,8,24,21;2,9,17,18,22,26,24,8,7;1,23,25,10,18,16,9;3,10,17,16,22;0,7,2,3,22,5,28,9,1,11;0,6,13,14,12;4,27,26,24,15;3,18,16,26,27,5,19;1,17,25,5,27,30;8,16,26,21,15;5,23,17,10,28;16,24,21,27,22;4,29,30,23,5,22,26,21;5,19,9,10,25;0,12,4,27,30,11;1,11,29,27,23
klein_s203_w30_t-1 32 4,26,29,25,30;5,27,23,24,14;6,8,9,10,17,16;4,26,31,21,7;0,26,3,7,8,9,30;1,27,25,15,14;2,8,28,13,18,12,22,16;3,4,8,28,21;2,9,4,7,28,6;2,10,24,19,30,4,8;2,9,24,13,28,11,17;10,17,12,23,31,21,28;6,18,17,11,23,22;6,18,20,24,10,28;1,5,15,19,24;5,14,19,30,25;2,17,20,22,6;2,16,20,18,12,11,10;6,12,17,20,13;9,24,14,15,30;13,24,22,16,17,18;3,31,11,28,7;6,12,23,24,20,16;1,27,31,11,12,22,24;1,14,19,9,10,13,20,22,23;0,30,15,5,27,29;0,4,3,31,29;1,5,25,29,31,23;6,8,7,21,11,10,13;0,26,31,27,25;0,25,15,19,9,4;3,21,11,23,27,29,26
torus_s203_w496_t30 31 6,20,12,29,11,19,7;11,30,23,17,19;3,10,9,16,7,19;2,10,18,22,19;12,29,27,21,15,14;19,28,25,23,30,27,22;0,20,13,8,7;0,19,2,16,8,6;6,7,16,24,15,13;2,10,28,19,17,16;2,3,18,17,25,28,9;0,29,30,1,19;0,29,4,14,20;6,20,14,15,8;4,15,13,20,12;4,14,13,8,24,21;2,9,17,18,22,26,24,8,7;1,23,25,10,18,16,9,19;3,10,17,16,22;0,7,2,3,22,5,28,9,17,1,11;0,6,13,14,12;4,27,26,24,15;3,18,16,26,27,5,19;1,17,25,5,30;8,16,26,21,15;5,23,17,10,28;16,24,21,27,22;4,29,30,5,22,26,21;5,19,9,10,25;0,12,4,27,30,11;1,11,29,27,5,23
torus_s203_w187_t475 31 6,20,12,29,11,19,7;9,28,19,11,23;3,10,9,16,7;2,10,18,22,7;12,29,27,21,15,14;19,30,23,25,28;0,20,13,8,7;0,19,22,3,2,16,8,6;6,7,16,24,15,13;1,28,25,10,2,16,17,23;2,3,18,17,25,9;0,29,30,23,1,19;0,29,4,14,20;6,20,14,15,8;4,15,13,20,12;4,14,13,8,24,21;2,9,17,18,22,26,24,8,7;9,16,18,10,25,23;3,10,17,16,22;0,7,22,27,30,5,28,1,11;0,6,13,14,12;4,27,26,24,15;3,18,16,26,27,19,7;1,9,17,25,5,30,11;8,16,26,21,15;5,23,17,10,9,28;16,24,21,27,22;4,29,30,19,22,26,21;1,9,25,5,19;0,12,4,27,30,11;5,19,27,29,11,23
klein_s203_w895_t132 32 4,26,29,25,30;5,27,23,24,14;8,9,10,11,17,20,16;4,26,31,21,7;0,26,3,7,8,9,30;1,27,25,15,14;11,13,18,12,16,28;3,4,8,28,21;2,9,4,7,28,16;2,10,24,19,30,4,8;2,11,13,24,9;2,10,13,6,28,21,31,23,17;6,18,17,23,22,16;6,11,10,24,20,18;1,5,15,19,24;5,14,19,30,25;2,20,22,12,6,28,8;2,20,18,12,23,11;6,12,17,20,13;9,24,14,15,30;2,16,22,24,13,18,17;3,31,11,28,7;12,16,20,24,23;1,27,31,11,17,12,22,24;1,14,19,9,10,13,20,22,23;0,30,15,5,27,29;0,4,3,31,29;1,5,25,29,31,23;6,16,8,7,21,11;0,26,31,27,25;0,25,15,19,9,4;3,21,11,23,27,29,26
klein_s203_w689_t53 32 4,26,29,25,30;5,27,23,24,14;6,8,10,17,16;4,26,31,21,7;0,26,3,7,8,9,30;1,27,25,15,14;2,8,13,18,12,22,16;3,4,8,28,21;2,10,9,4,7,28,13,6;4,30,19,24,10,8;2,8,9,24,13,28,11,17;10,17,12,23,31,21,28;6,18,17,11,23,22;6,18,20,24,10,28,8;1,5,15,19,24;5,14,19,30,25;2,17,20,22,6;2,16,20,18,12,11,10;6,12,17,20,13;9,24,14,15,30;13,24,22,16,17,18;3,31,11,28,7;6,12,23,24,20,16;1,27,31,11,12,22,24;1,14,19,9,10,13,20,22,23;0,30,15,5,27,29;0,4,3,31,29;1,5,25,29,31,23;7,21,11,10,13,8;0,26,31,27,25;0,25,15,19,9,4;3,21,11,23,27,29,26
klein_s203_w231_t46 32 4,26,29,25,30;5,27,23,24,14;6,13,8,9,10,17,16;4,26,31,21,7;0,26,3,7,8,9,30;1,27,25,15,14;2,13,18,12,22,16;3,4,8,28,21;2,9,4,7,28,10,13;2,10,24,19,30,4,8;2,9,24,13,8,28,17;12,23,31,21,28,17;6,18,17,11,23,22;2,6,18,20,24,10,8;1,5,15,19,24;5,14,19,30,25;2,17,20,22,6;2,16,20,18,12,11,28,10;6,12,17,20,13;9,24,14,15,30;13,24,22,16,17,18;3,31,11,28,7;6,12,23,24,20,16;1,27,31,11,12,22,24;1,14,19,9,10,13,20,22,23;0,30,15,5,27,29;0,4,3,31,29;1,5,25,29,31,23;7,21,11,17,10,8;0,26,31,27,25;0,25,15,19,9,4;3,21,11,23,27,29,26
klein_s203_w202_t152 32 4,26,29,25,30;5,27,23,24,14;6,8,9,17,16;4,26,31,21,7;0,26,3,7,8,9,30;1,27,25,15,14;2,8,28,13,18,12,22,16;3,4,8,28,21;2,9,4,7,28,6;2,17,10,24,19,30,4,8;9,24,13,28,12,18,17;12,28,21,31,23;6,18,10,28,11,23,22;6,18,20,22,24,10,28;1,5,15,19,24;5,14,19,30,25;2,17,20,22,6;2,9,10,18,20,16;6,12,10,17,20,13;9,24,14,15,30;13,22,16,17,18;3,31,11,28,7;6,12,23,24,13,20,16;1,27,31,11,12,22,24;1,14,19,9,10,13,22,23;0,30,15,5,27,29;0,4,3,31,29;1,5,25,29,31,23;6,8,7,21,11,12,10,13;0,26,31,27,25;0,25,15,19,9,4;3,21,11,23,27,29,26
torus_s203_w503_t205 31 6,20,12,29,11,19,7;5,23,17,9,28,19,11,30;3,9,16,7,19;2,9,10,18,22,19;12,29,27,21,15,14;1,23,25,28,19,30;0,20,13,8,7;0,19,2,16,8,6;6,7,16,24,15,13;1,28,10,3,2,16,17;3,18,25,28,9;0,29,30,1,19;0,29,4,14,20;6,20,14,15,8;4,15,13,20,12;4,14,13,8,24,21;2,9,17,18,22,26,24,8,7;1,23,18,16,9;3,10,25,23,17,16,22;0,7,2,3,22,27,30,5,28,1,11;0,6,13,14,12;4,27,26,24,15;3,18,16,26,27,19;1,17,18,25,5;8,16,26,21,15;5,23,18,10,28;16,24,21,27,22;4,29,30,19,22,26,21;1,9,10,25,5,19;0,12,4,27,30,11;1,11,29,27,19,5
klein_s203_w229_t505 32 4,26,29,25,30;5,27,23,24,14;6,13,8,9,10,11,16;4,26,31,21,7;0,26,3,7,8,9,30;1,27,25,15,14;2,13,18,12,22,16;3,4,8,28,21;2,13,28,7,4,9;2,10,24,19,30,4,8;2,9,24,13,11;2,10,13,28,21,31,23,22,12,17,16;6,18,17,11,22;2,6,18,20,24,10,11,28,8;1,5,15,19,24;5,14,19,30,25;2,11,17,20,22,6;11,12,18,20,16;6,12,17,20,13;9,24,14,15,30;13,24,22,16,17,18;3,31,11,28,7;6,12,11,23,24,20,16;1,27,31,11,22,24;1,14,19,9,10,13,20,22,23;0,30,15,5,27,29;0,4,3,31,29;1,5,25,29,31,23;7,21,11,13,8;0,26,31,27,25;0,25,15,19,9,4;3,21,11,23,27,29,26
klein_s203_w122_t327 32 4,26,29,25,30;5,27,23,24,14;6,8,9,10,16;4,26,31,21,7;0,26,3,7,8,9,30;1,27,25,15,14;2,8,28,18,12,22,16;3,4,8,28,21;2,9,4,7,28,6;2,10,24,19,30,4,8;2,9,24,22,13,11,16;10,16,23,31,21,28,13;6,18,17,23,22;10,22,20,18,28,11;1,5,15,19,24;5,14,19,30,25;2,10,11,23,17,20,22,6;12,18,20,16,23;6,12,17,20,13,28;9,24,14,15,30;13,22,16,17,18;3,31,11,28,7;6,12,23,24,10,13,20,16;1,27,31,11,16,17,12,22,24;1,14,19,9,10,22,23;0,30,15,5,27,29;0,4,3,31,29;1,5,25,29,31,23;6,8,7,21,11,13,18;0,26,31,27,25;0,25,15,19,9,4;3,21,11,23,27,29,26
klein_s203_w726_t511 32 4,26,29,25,30;5,27,23,24,14;6,8,9,16,20,22;4,26,31,21,7;0,26,3,7,8,9,30;1,27,25,15,14;2,8,28,13,18,22;3,4,8,28,21;2,9,4,7,28,6;2,16,10,24,19,30,4,8;9,24,13,12,17,16;12,28,21,31,23;10,13,28,11,23,24,22,17;6,18,20,22,24,10,12,28;1,5,15,19,24;5,14,19,30,25;2,9,10,17,20;10,12,22,18,20,16;6,22,17,20,13;9,24,14,15,30;2,16,17,18,13,22;3,31,11,28,7;2,6,18,17,12,24,13,20;1,27,31,11,12,24;1,14,19,9,10,13,22,12,23;0,30,15,5,27,29;0,4,3,31,29;1,5,25,29,31,23;6,8,7,21,11,12,13;0,26,31,27,25;0,25,15,19,9,4;3,21,11,23,27,29,26
klein_s203_w676_t203 32 4,26,29,25,30;5,27,23,24,14;6,8,9,10,16;4,26,31,21,7;0,26,3,7,8,9,30;1,27,25,15,14;2,8,28,11,13,18,12,22,16;3,4,8,28,21;2,9,4,7,28,6;2,8,4,30,19,24,10;2,16,17,11,13,24,9;6,13,10,17,12,23,31,21,28;6,18,17,11,23,22;6,18,20,24,10,11;1,5,15,19,24;5,14,19,30,25;2,10,17,20,22,6;10,11,12,18,20,16;6,12,17,20,13;9,24,14,15,30;13,24,22,16,17,18;3,31,11,28,7;6,12,23,24,20,16;1,27,31,11,12,22,24;1,14,19,9,10,13,20,22,23;0,30,15,5,27,29;0,4,3,31,29;1,5,25,29,31,23;6,8,7,21,11;0,26,31,27,25;0,25,15,19,9,4;3,21,11,23,27,29,26
klein_s203_w728_t229 32 4,26,29,25,30;5,27,23,24,14;6,8,9,10,16;4,26,31,21,7;0,26,3,7,8,9,30;1,27,25,15,14;2,8,13,18,12,22,16;3,4,8,28,21;2,9,4,7,28,13,6;2,10,24,19,30,4,8;2,9,24,13,12,17,16;12,22,23,31,21,28,13;6,18,17,10,13,11,22;6,8,28,11,12,10,24,20,18;1,5,15,19,24;5,14,19,30,25;2,10,17,20,22,6;10,12,18,20,16;6,12,17,20,13;9,24,14,15,30;13,24,22,16,17,18;3,31,11,28,7;6,12,11,23,24,20,16;1,27,31,11,22,24;1,14,19,9,10,13,20,22,23;0,30,15,5,27,29;0,4,3,31,29;1,5,25,29,31,23;7,21,11,13,8;0,26,31,27,25;0,25,15,19,9,4;3,21,11,23,27,29,26
klein_s203_w746_t348 32 4,26,29,25,30;5,27,23,24,14;6,9,10,17,16,22;4,26,31,21,7;0,26,3,7,8,9,30;1,27,25,15,14;2,9,8,28,18,17,12,22;3,4,8,28,21;4,7,28,6,9;2,10,24,19,30,4,8,6;2,9,24,13,11,12,17;10,12,22,23,31,21,28,13;6,17,10,11,22;10,24,20,18,28,11;1,5,15,19,24;5,14,19,30,25;2,17,18,20,22;2,10,12,6,18,16;6,28,13,20,16,17;9,24,14,15,30;13,24,22,16,18;3,31,11,28,7;2,6,12,11,23,24,20,16;1,27,31,11,22,24;1,14,19,9,10,13,20,22,23;0,30,15,5,27,29;0,4,3,31,29;1,5,25,29,31,23;6,8,7,21,11,13,18;0,26,31,27,25;0,25,15,19,9,4;3,21,11,23,27,29,26
klein_s203_w457_t619 32 4,26,29,25,30;5,27,23,24,14;6,8,9,10,16;4,26,31,21,7;0,26,3,7,8,9,30;1,27,25,15,14;2,8,28,18,12,22,16;3,4,8,28,21;2,9,4,7,28,6;2,10,24,19,30,4,8;2,9,24,13,11,16;10,16,17,12,23,31,21,13;6,18,17,11,23,22;10,24,20,18,28,21,11;1,5,15,19,24;5,14,19,30,25;2,10,11,17,20,24,22,6;11,12,18,20,16;6,12,17,20,13,28;9,24,14,15,30;13,24,16,17,18;3,31,11,13,28,7;6,12,23,24,16;1,27,31,11,12,22,24;1,14,19,9,10,13,20,16,22,23;0,30,15,5,27,29;0,4,3,31,29;1,5,25,29,31,23;6,8,7,21,13,18;0,26,31,27,25;0,25,15,19,9,4;3,21,11,23,27,29,26
klein_s203_w774_t200 32 4,26,29,25,30;5,27,23,24,14;6,28,8,9,24,10;4,26,31,21,7;0,26,3,7,8,9,30;1,27,25,15,14;2,28,13,18,22,16,10;3,4,8,28,21;2,9,4,7,28;2,24,19,30,4,8;2,24,13,17,16,6;12,28,21,31,23;11,28,13,17,18,22,24,23;6,18,20,24,10,17,12,28;1,5,15,19,24;5,14,19,30,25;6,22,20,17,10;10,13,12,18,20,16;6,22,12,17,20,13;9,24,14,15,30;13,24,22,16,17,18;3,31,11,28,7;6,18,12,24,20,16;1,27,31,11,12,24;1,14,19,9,2,10,13,20,22,12,23;0,30,15,5,27,29;0,4,3,31,29;1,5,25,29,31,23;2,6,13,12,11,21,7,8;0,26,31,27,25;0,25,15,19,9,4;3,21,11,23,27,29,26
klein_s204_w374_t916 29 3,10,6,23,26;20,26,22,24,27;4,15,18,28,21;0,10,5,15,26;2,15,5,14,21;3,10,11,14,4,15;0,10,11,8,17,23;12,27,24,16,23,17;6,11,9,28,18,12,17;8,28,21,14,11;0,3,5,11,6;5,10,6,8,9,14;7,27,13,24,18,8,17;12,24,16,25,27;4,5,11,9,21;2,18,26,3,5,4;7,23,19,25,13,24;6,23,7,12,8;2,15,26,20,24,12,8,28;16,23,22,20,25;1,26,18,24,22,19,25,27;2,4,14,9,28;1,24,20,19,23,26;0,26,22,19,16,7,17,6;1,22,20,18,12,13,16,7,27;13,16,19,20,27;0,23,22,1,20,18,15,3;1,20,25,13,12,7,24;2,21,9,8,18
