24 57 2
24 57 4
24 71 0
24 71 1
24 71 20
24 71 21
24 85 14
24 127 12
24 137 12
24 160 12
24 165 12
24 220 12
24 225 11
24 225 14
24 238 22
24 248 2
24 270 13
24 310 17
24 326 18
24 326 19
24 326 20
24 330 14
24 330 20
24 333 14
24 333 21
24 334 20
24 335 18
24 344 20
24 346 0
24 346 2
24 346 3
24 352 22
24 358 12
24 361 12
24 361 17
24 361 19
24 361 22
24 365 13
24 365 16
24 432 0
24 442 13
24 442 15
24 442 18
24 442 20
24 442 21
24 444 16
24 444 22
24 463 6
24 478 17
24 481 14
24 483 13
24 483 15
24 483 19
24 483 20
24 483 22
24 493 12
24 493 16
24 496 17
24 497 21
24 497 22
24 501 16
24 502 0
24 502 3
24 502 6
24 502 12
24 502 13
24 504 14
24 504 17
24 504 21
24 505 0
24 508 14
24 528 15
24 529 6
24 531 12
24 531 13
24 531 14
24 531 15
24 531 18
24 531 20
24 531 21
24 533 6
24 534 0
24 564 22
24 568 13
24 568 14
24 568 15
24 568 18
24 568 19
24 568 20
24 568 22
24 569 12
24 569 14
24 569 15
24 569 19
24 569 21
24 569 22
24 577 0
24 577 2
24 577 3
24 577 4
24 577 12
24 577 13
24 577 21
24 578 17
24 578 18
24 578 19
24 578 23
24 580 16
24 582 3
24 583 14
24 583 18
24 583 21
24 583 22
24 586 18
24 587 0
24 587 1
24 587 2
24 587 3
24 587 4
24 587 12
24 587 15
24 591 17
24 591 20
24 593 15
24 593 17
24 593 20
24 594 18
24 594 21
24 594 22
24 594 23
24 597 15
24 597 17
24 597 22
24 598 16
24 598 18
24 598 21
24 598 23
24 603 6
24 603 10
24 603 12
24 603 16
24 603 17
24 603 18
24 603 20
24 603 22
24 603 23
24 604 0
24 604 1
24 604 2
24 604 3
24 604 4
24 604 13
24 604 16
24 604 17
24 604 18
24 604 20
24 604 21
24 612 13
24 612 20
24 612 21
24 615 18
24 616 0
24 616 1
24 616 2
24 616 3
24 616 16
24 616 18
24 616 21
24 617 19
24 622 10
24 622 11
24 622 14
24 622 18
24 622 21
24 625 15
24 625 16
24 625 19
24 625 21
24 626 0
24 626 1
24 626 2
24 626 3
24 629 4
24 629 11
24 629 18
24 629 19
24 632 18
24 635 12
24 635 16
24 635 22
24 636 12
24 636 17
24 636 19
24 636 23
24 650 22
24 652 13
24 652 15
24 652 21
24 652 22
24 652 23
24 659 13
24 659 14
24 659 15
24 659 16
24 659 17
24 659 23
24 661 16
24 662 0
24 662 1
24 662 2
24 662 3
24 662 4
24 662 6
24 662 10
24 662 11
24 662 12
24 662 13
24 662 20
24 662 21
24 662 22
24 664 13
24 664 14
24 664 16
24 664 18
24 664 21
24 664 22
24 666 19
24 670 0
24 670 1
24 670 2
24 670 3
24 670 6
24 670 15
24 670 16
24 670 17
24 670 19
24 670 22
24 670 23
24 678 3
24 679 6
24 702 2
24 703 13
24 705 12
24 705 19
24 705 20
24 707 6
24 707 12
24 707 13
24 707 14
24 707 21
24 713 12
24 713 13
24 713 14
24 713 15
24 713 16
24 713 18
24 713 20
24 713 21
24 713 23
24 714 6
24 714 11
24 714 12
24 718 4
24 722 0
24 722 1
24 722 2
24 722 3
24 722 4
24 722 12
24 722 13
24 722 14
24 722 15
24 722 17
24 722 18
24 722 19
24 722 20
24 722 22
24 722 23
24 727 15
24 727 16
24 727 17
24 731 0
24 731 6
24 732 16
24 732 23
24 734 9
24 734 14
24 734 17
24 734 20
24 734 22
24 734 23
24 735 0
24 735 1
24 735 2
24 735 3
24 737 13
24 737 21
24 738 0
24 738 2
24 738 6
24 738 12
24 738 13
24 738 20
24 738 21
24 741 17
24 744 11
24 744 14
24 744 18
24 744 20
24 746 12
24 746 13
24 746 16
24 746 17
24 746 23
24 748 6
24 751 0
24 751 1
24 751 2
24 751 3
24 751 14
24 751 15
24 751 16
24 751 17
24 751 22
24 751 23
24 777 22
24 778 12
24 778 17
24 778 19
24 778 20
24 778 23
24 780 12
24 780 14
24 780 15
24 780 16
24 780 18
24 780 19
24 780 20
24 780 22
24 781 0
24 781 1
24 781 3
24 789 17
24 789 18
24 789 19
24 789 20
24 789 21
24 789 22
24 791 0
24 791 3
24 791 4
24 792 15
24 792 16
24 794 11
24 794 14
24 794 15
24 794 19
24 794 22
24 795 0
24 795 1
24 795 2
24 795 3
24 795 4
24 795 7
24 795 17
24 795 19
24 795 20
24 799 4
24 804 13
24 811 12
24 813 12
24 813 13
24 813 16
24 813 19
24 813 21
24 814 17
24 815 11
24 817 1
24 817 4
24 817 8
24 817 15
24 817 16
24 817 19
24 817 20
24 817 21
24 817 23
24 820 11
24 820 14
24 820 15
24 820 20
24 821 1
24 821 3
24 821 15
24 822 17
24 823 13
24 823 14
24 823 18
24 823 19
24 823 21
24 825 2
24 825 4
24 825 13
24 825 14
24 825 15
24 825 16
24 825 17
24 826 0
24 826 1
24 826 2
24 826 3
24 826 4
24 826 10
24 826 11
24 826 19
24 828 6
24 828 12
24 828 13
24 828 14
24 828 15
24 828 16
24 828 20
24 829 1
24 846 13
24 846 14
24 846 17
24 871 16
24 871 17
24 871 18
24 871 19
24 871 20
24 871 21
24 871 22
24 877 15
24 894 12
24 894 17
24 894 18
24 894 22
24 894 23
24 900 19
24 903 12
24 905 22
24 913 18
24 970 16
24 970 22
24 976 12
24 1011 13
24 1011 14
24 1011 15
24 1011 19
24 1011 21
24 1011 22
24 1017 15
24 1017 21
24 1017 22
24 1032 15
24 1032 19
24 1032 20
24 1032 21
24 1032 22
24 1032 23
24 1047 16
24 1047 18
24 1047 20
24 1048 4
24 1048 22
24 1052 19
24 1053 17
24 1053 18
24 1055 12
24 1066 18
24 1093 23
24 1096 13
24 1096 14
24 1096 16
24 1096 17
24 1096 19
24 1096 20
24 1096 21
24 1096 23
24 1097 13
24 1100 6
24 1100 12
24 1100 18
24 1103 13
24 1103 14
24 1104 19
24 1106 13
24 1106 14
24 1106 17
24 1106 20
24 1112 6
24 1112 14
24 1112 18
24 1112 19
24 1114 15
24 1114 17
24 1114 23
24 1115 21
24 1118 12
24 1119 0
24 1136 13
24 1136 14
24 1136 15
24 1136 16
24 1136 17
24 1136 18
24 1136 19
24 1136 21
24 1136 22
24 1138 13
24 1148 18
24 1150 13
24 1150 22
24 1156 19
24 1205 19
24 1220 1
24 1221 1
24 1224 11
24 1243 12
24 1255 14
24 1256 12
24 1256 13
24 1274 14
24 1278 18
24 1278 21
24 1308 13
24 1320 14
24 1320 20
24 1320 21
24 1320 23
24 1321 19
24 1321 21
24 1321 22
24 1321 23
24 1334 4
24 1337 13
24 1342 12
24 1342 13
24 1342 15
24 1342 16
24 1346 22
24 1347 12
24 1352 16
24 1370 23
24 1371 21
24 1372 12
24 1372 15
24 1372 21
24 1374 17
24 1376 21
24 1387 17
24 1388 15
24 1392 13
24 1392 14
24 1392 17
24 1392 18
24 1392 21
24 1392 23
24 1395 20
24 1398 13
24 1398 20
24 1400 14
24 1400 18
24 1400 19
24 1400 22
24 1401 12
24 1401 15
24 1401 17
24 1401 20
24 1401 23
24 1403 17
24 1403 18
24 1403 19
24 1405 19
24 1416 20
24 1416 23
24 1418 18
24 1420 14
24 1420 18
24 1421 13
24 1421 17
24 1426 13
24 1448 19
24 1449 20
24 1453 13
24 1453 14
24 1453 16
24 1453 18
24 1453 21
24 1453 23
24 1457 12
24 1457 13
24 1457 15
24 1457 16
24 1457 17
24 1457 21
24 1457 23
24 1458 13
24 1458 14
24 1458 16
24 1458 19
24 1458 21
24 1458 22
24 1460 14
24 1460 15
24 1460 17
24 1460 18
24 1460 19
24 1460 22
24 1463 17
24 1463 18
24 1463 19
24 1463 21
24 1463 22
24 1464 16
24 1466 12
24 1466 16
24 1467 14
24 1467 22
24 1515 15
24 1515 16
24 1533 12
24 1533 13
24 1536 12
24 1536 13
24 1536 15
24 1536 16
24 1536 17
24 1536 22
24 1536 23
24 1562 6
24 1573 6
24 1573 13
24 1573 21
24 1578 15
24 1582 23
24 1589 17
24 1604 12
24 1604 17
24 1604 20
24 1607 13
24 1610 18
24 1610 19
24 1610 20
24 1611 18
24 1611 22
24 1611 23
24 1633 13
24 1633 16
24 1633 17
24 1634 13
24 1635 16
24 1635 21
24 1643 11
24 1669 15
24 1669 17
24 1670 15
24 1671 0
24 1671 2
24 1671 3
24 1671 4
24 1673 16
24 1673 17
24 1673 18
24 1673 22
24 1673 23
24 1676 6
24 1681 14
24 1688 3
24 1688 6
24 1690 15
24 1690 17
24 1690 19
24 1690 20
24 1691 12
24 1691 22
24 1698 13
24 1698 14
24 1698 17
24 1698 18
24 1698 23
24 1700 14
24 1700 15
24 1700 17
24 1700 20
24 1700 23
24 1703 15
24 1703 22
24 1708 22
24 1726 12
24 1726 13
24 1726 15
24 1726 17
24 1726 19
24 1726 22
24 1728 12
24 1728 15
24 1728 21
24 1747 16
24 1752 12
24 1752 14
24 1753 13
24 1756 11
24 1758 11
24 1760 14
24 1772 13
24 1772 15
24 1772 17
24 1772 22
24 1773 13
24 1773 14
24 1773 16
24 1773 18
24 1773 19
24 1773 22
24 1775 11
24 1775 13
24 1776 18
24 1778 11
24 1779 17
24 1780 12
24 1781 20
24 1784 11
24 1791 1
24 1791 3
24 1797 4
24 1803 13
24 1804 12
24 1807 18
24 1824 6
24 1827 20
24 1831 19
24 1834 0
24 1834 2
24 1834 3
24 1834 4
24 1834 12
24 1857 17
24 1857 20
24 1861 23
24 1862 14
24 1901 13
24 1911 4
24 1911 12
24 1911 13
24 1911 14
24 1911 17
24 1911 18
24 1911 19
24 1911 21
24 1911 22
24 1912 6
24 1912 14
24 1912 15
24 1912 21
24 1912 22
24 1914 3
24 1916 12
24 1916 14
24 1916 16
24 1929 14
24 1929 15
24 1931 22
24 1932 12
24 1932 13
24 1932 14
24 1932 15
24 1932 18
24 1932 22
24 1937 12
24 1937 13
24 1937 14
24 1937 16
24 1937 17
24 1937 18
24 1937 20
24 1937 21
24 1969 18
24 1969 19
24 1969 20
24 1969 23
24 1986 12
24 1988 21
24 1989 19
24 1990 19
24 1990 20
24 1990 21
24 1990 23
24 1993 1
24 1993 14
24 1994 4
24 1994 14
24 1994 16
24 1994 22
24 1994 23
24 2000 14
24 2006 13
24 2010 6
24 2011 19
24 2013 12
24 2013 13
24 2016 6
24 2018 11
24 2021 15
24 2021 19
24 2024 12
24 2034 16
24 2045 20
24 2045 23
24 2046 1
24 2046 9
24 2046 17
24 2047 15
24 2048 13
24 2048 14
24 2048 15
24 2048 16
24 2048 17
24 2048 20
24 2048 21
24 2048 23
24 2050 11
24 2050 12
24 2050 13
24 2050 17
24 2050 20
24 2050 21
24 2050 22
24 2050 23
24 2052 2
24 2052 3
24 2052 12
24 2053 0
24 2053 1
24 2053 2
24 2053 6
24 2053 9
24 2053 10
24 2053 14
24 2053 17
24 2055 14
24 2055 22
24 2059 17
24 2061 13
24 2061 16
24 2061 19
24 2061 21
24 2062 11
24 2062 18
24 2063 11
24 2063 22
24 2063 23
24 2065 20
24 2067 6
24 2067 13
24 2067 14
24 2067 15
24 2067 16
24 2067 21
24 2067 23
24 2069 0
24 2069 1
24 2069 2
24 2069 3
24 2069 6
24 2069 9
24 2069 11
24 2069 12
24 2070 0
24 2070 1
24 2070 2
24 2070 3
24 2070 6
24 2070 11
24 2070 12
24 2070 20
24 2071 6
24 2071 13
24 2071 14
24 2071 15
24 2071 16
24 2071 19
24 2071 20
24 2071 22
24 2071 23
24 2073 15
24 2073 16
24 2073 17
24 2075 0
24 2075 1
24 2075 2
24 2075 4
24 2075 6
24 2075 11
24 2075 12
24 2076 0
24 2076 1
24 2076 2
24 2076 3
24 2076 4
24 2076 6
24 2076 14
24 2077 0
24 2077 1
24 2077 2
24 2077 3
24 2077 4
24 2077 6
24 2077 10
24 2077 18
24 2079 13
24 2079 21
24 2079 22
24 2085 14
24 2086 11
24 2086 15
24 2095 6
24 2095 13
24 2095 14
24 2095 15
24 2095 16
24 2095 17
24 2095 18
24 2095 21
24 2095 22
24 2098 12
24 2098 13
24 2098 21
24 2099 13
24 2099 18
24 2099 19
24 2099 20
24 2100 15
24 2101 19
24 2107 19
24 2108 13
24 2108 15
24 2108 16
24 2108 18
24 2108 22
24 2111 11
24 2111 14
24 2111 18
24 2111 20
24 2111 21
24 2111 22
24 2111 23
24 2113 13
24 2113 14
24 2113 15
24 2113 21
24 2113 22
24 2114 13
24 2114 17
24 2114 23
24 2115 0
24 2115 2
24 2115 3
24 2115 4
24 2115 9
24 2117 0
24 2117 1
24 2117 2
24 2117 3
24 2117 4
24 2117 9
24 2120 4
24 2121 15
24 2124 15
24 2124 16
24 2125 15
24 2125 21
24 2125 22
24 2127 12
24 2127 22
24 2128 12
24 2129 15
24 2129 21
24 2129 22
24 2130 14
24 2130 15
24 2132 22
24 2135 14
24 2135 18
24 2135 19
24 2135 20
24 2135 21
24 2135 22
24 2135 23
24 2136 0
24 2138 1
24 2138 2
24 2138 15
24 2138 18
24 2138 19
24 2138 21
24 2139 0
24 2139 2
24 2139 3
24 2139 4
24 2139 12
24 2141 13
24 2141 14
24 2141 17
24 2142 14
24 2143 19
24 2158 14
24 2163 11
24 2170 19
24 2174 14
24 2174 22
24 2174 23
24 2190 14
24 2190 21
24 2193 12
24 2193 21
24 2193 22
24 2194 12
24 2195 22
24 2196 20
24 2198 20
24 2198 21
24 2198 22
24 2200 23
24 2202 13
24 2202 14
24 2209 15
24 2209 16
24 2209 18
24 2209 19
24 2209 20
24 2209 21
24 2209 22
24 2210 0
24 2210 2
24 2210 3
24 2210 4
24 2211 13
24 2211 15
24 2211 21
24 2212 16
24 2212 18
24 2212 23
24 2214 0
24 2214 1
24 2214 2
24 2214 3
24 2214 4
24 2214 13
24 2215 13
24 2221 12
24 2221 13
24 2221 16
24 2221 17
24 2221 18
24 2221 19
24 2221 21
24 2221 22
24 2222 13
24 2222 16
24 2222 17
24 2222 18
24 2222 20
24 2222 22
24 2222 23
24 2224 12
24 2224 13
24 2224 15
24 2224 16
24 2224 18
24 2224 19
24 2224 21
24 2224 22
24 2224 23
24 2225 12
24 2225 15
24 2225 16
24 2225 18
24 2225 19
24 2225 20
24 2225 22
24 2225 23
24 2228 12
24 2228 14
24 2228 15
24 2228 16
24 2228 17
24 2228 18
24 2228 19
24 2228 20
24 2228 21
24 2229 13
24 2229 15
24 2229 16
24 2229 17
24 2229 18
24 2229 21
24 2229 23
24 2232 17
24 2232 18
24 2233 19
24 2234 15
24 2234 16
24 2234 20
24 2234 23
24 2239 14
24 2239 15
24 2242 16
24 2245 13
24 2245 16
24 2245 18
24 2245 20
24 2245 21
24 2245 22
24 2246 12
24 2246 14
24 2246 16
24 2246 18
24 2246 19
24 2246 22
24 2248 16
24 2248 17
24 2248 20
24 2250 16
24 2260 1
24 2260 3
24 2260 14
24 2266 3
24 2269 4
24 2269 12
24 2269 20
24 2269 21
24 2272 0
24 2272 1
24 2272 2
24 2272 3
24 2272 4
24 2274 15
24 2274 16
24 2274 19
24 2274 20
24 2274 21
24 2274 23
24 2275 13
24 2275 14
24 2275 16
24 2275 17
24 2275 19
24 2275 20
24 2275 22
24 2275 23
24 2287 20
24 2287 21
24 2288 0
24 2288 1
24 2288 2
24 2288 3
24 2288 6
24 2290 19
24 2290 20
24 2290 21
24 2290 23
24 2291 10
24 2291 14
24 2294 12
24 2294 20
24 2295 12
24 2295 19
24 2295 21
24 2296 0
24 2296 2
24 2296 3
24 2296 4
24 2296 13
24 2296 14
24 2296 23
24 2297 15
24 2297 18
24 2297 23
24 2298 16
24 2298 19
24 2298 20
24 2298 23
24 2299 0
24 2303 18
24 2304 13
24 2304 15
24 2304 16
24 2304 17
24 2304 23
24 2309 14
24 2310 20
24 2313 21
24 2315 11
24 2316 2
24 2316 3
24 2316 20
24 2316 21
24 2320 4
24 2321 1
24 2321 3
24 2321 11
24 2321 14
24 2321 17
24 2321 22
24 2344 12
24 2345 13
24 2345 14
24 2346 15
24 2346 18
24 2346 19
24 2346 23
24 2347 13
24 2347 19
24 2347 20
24 2348 11
24 2348 14
24 2348 15
24 2348 18
24 2349 13
24 2349 14
24 2349 15
24 2349 23
24 2350 18
24 2350 20
24 2355 0
24 2355 1
24 2355 2
24 2355 3
24 2355 4
24 2355 6
24 2355 10
24 2355 11
24 2355 14
24 2355 18
24 2356 0
24 2356 1
24 2356 2
24 2356 6
24 2356 9
24 2356 10
24 2356 13
24 2356 15
24 2356 16
24 2356 17
24 2356 18
24 2356 23
24 2359 0
24 2359 1
24 2359 3
24 2362 9
24 2362 10
24 2362 15
24 2362 16
24 2362 22
24 2363 0
24 2363 2
24 2363 17
24 2364 11
24 2364 19
24 2366 11
24 2366 13
24 2366 14
24 2366 19
24 2369 13
24 2369 14
24 2369 15
24 2369 16
24 2369 17
24 2369 18
24 2369 21
24 2369 23
24 2372 15
24 2373 1
24 2377 19
24 2381 15
24 2384 0
24 2384 3
24 2384 4
24 2384 13
24 2384 14
24 2384 15
24 2384 19
24 2384 21
24 2384 23
24 2385 15
24 2386 18
24 2386 21
24 2386 23
24 2387 17
24 2387 23
24 2389 11
24 2389 12
24 2389 17
24 2390 0
24 2390 1
24 2390 2
24 2390 3
24 2390 6
24 2390 15
24 2390 16
24 2390 22
24 2391 13
24 2391 14
24 2391 17
24 2391 18
24 2391 23
24 2392 14
24 2392 15
24 2392 18
24 2392 19
24 2392 21
24 2393 16
24 2393 17
24 2394 17
24 2395 22
24 2397 1
24 2397 2
24 2397 3
24 2397 15
24 2398 22
24 2412 6
24 2417 13
24 2417 14
24 2417 15
24 2417 19
24 2422 12
24 2430 19
24 2430 22
24 2433 17
24 2433 18
24 2433 19
24 2433 20
24 2434 0
24 2434 1
24 2434 2
24 2434 3
24 2434 4
24 2434 10
24 2434 11
24 2434 12
24 2434 18
24 2434 20
24 2436 0
24 2436 1
24 2436 2
24 2436 3
24 2436 4
24 2436 11
24 2436 12
24 2436 15
24 2436 16
24 2436 17
24 2436 18
24 2436 20
24 2436 22
24 2436 23
24 2438 11
24 2438 19
24 2443 1
24 2443 21
24 2443 22
24 2450 12
24 2450 20
24 2450 23
24 2451 15
24 2451 16
24 2452 0
24 2452 2
24 2452 3
24 2452 4
24 2452 14
24 2452 21
24 2453 3
24 2455 0
24 2455 1
24 2455 2
24 2455 3
24 2455 4
24 2455 6
24 2455 13
24 2455 14
24 2455 15
24 2455 18
24 2455 19
24 2455 21
24 2455 22
24 2458 6
24 2463 12
24 2463 19
24 2463 20
24 2468 0
24 2468 1
24 2468 2
24 2468 3
24 2468 4
24 2468 7
24 2468 18
24 2468 19
24 2468 20
24 2468 22
24 2469 0
24 2469 1
24 2469 2
24 2469 3
24 2469 4
24 2469 7
24 2469 15
24 2469 16
24 2469 17
24 2469 19
24 2469 20
24 2469 23
24 2472 20
24 2472 21
24 2475 6
24 2478 0
24 2478 2
24 2478 3
24 2478 14
24 2478 17
24 2478 19
24 2478 20
24 2478 21
24 2478 22
24 2478 23
24 2486 17
24 2494 18
24 2494 19
24 2495 1
24 2495 8
24 2495 22
24 2497 19
24 2498 0
24 2506 17
24 2507 15
24 2507 16
24 2524 14
24 2524 18
24 2524 20
24 2524 23
24 2525 13
24 2526 15
24 2526 19
24 2526 21
24 2526 23
24 2534 19
24 2536 14
24 2536 18
24 2536 20
24 2536 21
24 2536 23
24 2538 13
24 2538 15
24 2538 16
24 2538 17
24 2538 22
24 2538 23
24 2546 19
24 2548 13
24 2548 20
24 2551 11
24 2557 19
24 2560 14
24 2560 21
24 2560 22
24 2560 23
24 2562 12
24 2565 12
24 2565 19
24 2565 20
24 2565 21
24 2565 23
24 2567 13
24 2567 16
24 2567 18
24 2567 21
24 2567 22
24 2567 23
24 2569 23
24 2571 17
24 2571 18
24 2571 19
24 2571 20
24 2571 22
24 2571 23
24 2572 0
24 2572 1
24 2572 2
24 2572 3
24 2572 4
24 2572 7
24 2572 18
24 2572 22
24 2575 13
24 2575 15
24 2575 20
24 2575 21
24 2575 22
24 2578 0
24 2578 1
24 2578 2
24 2578 3
24 2578 6
24 2578 16
24 2578 18
24 2579 0
24 2579 6
24 2580 23
24 2583 15
24 2583 19
24 2586 6
24 2586 12
24 2586 14
24 2586 18
24 2586 19
24 2586 21
24 2586 23
24 2587 2
24 2587 19
24 2587 23
24 2589 19
24 2589 23
24 2590 14
24 2590 16
24 2590 17
24 2590 18
24 2590 20
24 2590 23
24 2591 0
24 2591 1
24 2591 2
24 2591 13
24 2591 14
24 2595 6
24 2595 15
24 2595 22
24 2596 15
24 2596 17
24 2598 13
24 2598 15
24 2598 17
24 2598 18
24 2598 20
24 2598 21
24 2598 23
24 2599 11
24 2601 2
24 2601 3
24 2601 10
24 2601 11
24 2601 13
24 2601 14
24 2601 17
24 2601 21
24 2606 16
24 2609 17
24 2609 18
24 2611 6
24 2611 11
24 2611 13
24 2611 14
24 2611 17
24 2611 18
24 2611 20
24 2611 21
24 2611 23
24 2615 20
24 2618 19
24 2620 17
24 2621 1
24 2621 2
24 2621 3
24 2621 11
24 2621 17
24 2621 18
24 2621 19
24 2621 22
24 2621 23
24 2622 20
24 2623 0
24 2623 2
24 2623 3
24 2623 6
24 2623 9
24 2623 16
24 2623 17
24 2623 20
24 2623 21
24 2623 22
24 2624 6
24 2624 13
24 2624 14
24 2624 18
24 2624 20
24 2624 22
24 2624 23
24 2625 0
24 2625 2
24 2625 3
24 2625 23
24 2626 3
24 2626 6
24 2626 12
24 2626 14
24 2626 21
24 2626 22
24 2627 12
24 2627 13
24 2627 15
24 2627 17
24 2627 20
24 2627 22
24 2630 0
24 2630 2
24 2630 3
24 2630 4
24 2630 21
24 2630 23
24 2633 13
24 2634 12
24 2634 13
24 2634 16
24 2638 12
24 2638 13
24 2638 20
24 2638 23
24 2640 12
24 2640 20
24 2640 21
24 2645 12
24 2645 13
24 2650 9
24 2650 10
24 2650 14
24 2650 15
24 2650 17
24 2650 18
24 2650 19
24 2650 20
24 2652 20
24 2652 22
24 2653 6
24 2653 14
24 2653 15
24 2653 17
24 2653 18
24 2653 19
24 2654 0
24 2654 1
24 2654 2
24 2654 3
24 2654 4
24 2654 7
24 2654 15
24 2654 16
24 2655 14
24 2655 15
24 2655 18
24 2657 14
24 2657 15
24 2657 18
24 2657 19
24 2657 21
24 2660 0
24 2660 1
24 2660 3
24 2660 10
24 2660 11
24 2661 0
24 2661 1
24 2661 2
24 2661 3
24 2661 6
24 2661 10
24 2661 11
24 2661 17
24 2661 18
24 2664 14
24 2665 15
24 2669 13
24 2670 0
24 2670 1
24 2670 2
24 2670 3
24 2670 4
24 2670 7
24 2672 16
24 2672 20
24 2677 11
24 2677 13
24 2677 18
24 2679 6
24 2679 11
24 2679 12
24 2679 14
24 2679 18
24 2679 19
24 2680 1
24 2681 11
24 2681 12
24 2681 14
24 2681 15
24 2681 22
24 2682 0
24 2683 9
24 2683 10
24 2683 15
24 2683 17
24 2683 19
24 2684 14
24 2684 15
24 2684 20
24 2684 22
24 2685 14
24 2685 22
24 2686 19
24 2686 20
24 2686 21
24 2687 15
24 2687 16
24 2687 18
24 2688 11
24 2689 13
24 2689 20
24 2691 15
24 2691 16
24 2697 11
24 2701 22
24 2702 16
24 2702 17
24 2703 17
24 2703 22
24 2705 12
24 2708 14
24 2708 21
24 2709 13
24 2709 17
24 2709 20
24 2709 22
24 2709 23
24 2710 23
24 2712 23
24 2738 14
24 2739 23
24 2740 11
24 2740 13
24 2743 17
24 2743 22
24 2746 23
24 2748 14
24 2754 17
24 2756 0
24 2756 6
24 2761 14
24 2769 15
24 2769 21
24 2769 23
24 2790 21
24 2791 16
24 2792 14
24 2792 18
24 2802 18
24 2802 19
24 2805 20
24 2807 11
24 2808 0
24 2808 1
24 2808 2
24 2808 3
24 2808 6
24 2808 15
24 2808 22
24 2808 23
24 2810 0
24 2810 22
24 2812 17
24 2815 21
24 2819 9
24 2819 17
24 2821 18
24 2831 0
24 2831 2
24 2831 3
24 2832 11
24 2833 0
24 2833 1
24 2833 2
24 2837 4
24 2840 14
24 2840 20
24 2840 21
24 2840 22
24 2841 14
24 2841 19
24 2841 20
24 2841 21
24 2841 23
24 2842 9
24 2842 10
24 2842 16
24 2842 17
24 2842 23
24 2843 0
24 2843 1
24 2843 2
24 2843 3
24 2843 6
24 2843 10
24 2843 11
24 2843 18
24 2845 21
24 2849 3
24 2849 13
24 2850 3
24 2850 14
24 2850 18
24 2854 15
24 2854 16
24 2855 21
24 2856 0
24 2856 1
24 2856 2
24 2856 6
24 2856 11
24 2856 13
24 2856 20
24 2857 0
24 2857 1
24 2857 2
24 2857 3
24 2857 4
24 2857 6
24 2857 11
24 2857 14
24 2857 17
24 2857 20
24 2858 6
24 2859 0
24 2859 2
24 2859 3
24 2859 6
24 2859 10
24 2859 11
24 2859 18
24 2862 6
24 2862 11
24 2862 13
24 2862 14
24 2862 18
24 2862 19
24 2864 0
24 2864 2
24 2864 13
24 2864 15
24 2864 16
24 2864 23
24 2867 0
24 2867 1
24 2867 2
24 2867 3
24 2867 6
24 2867 9
24 2867 13
24 2870 9
24 2870 10
24 2870 16
24 2870 17
24 2870 23
24 2871 0
24 2871 2
24 2871 6
24 2871 10
24 2871 11
24 2871 13
24 2871 18
24 2871 19
24 2871 22
24 2879 1
24 2881 2
24 2881 3
24 2881 20
24 2884 6
24 2884 13
24 2884 15
24 2884 16
24 2884 18
24 2884 22
24 2884 23
24 2888 18
24 2893 12
24 2893 13
24 2893 16
24 2893 17
24 2893 19
24 2893 22
24 2893 23
24 2894 11
24 2894 16
24 2894 23
24 2896 13
24 2896 14
24 2899 0
24 2899 4
24 2899 8
24 2899 10
24 2899 13
24 2899 14
24 2899 16
24 2899 17
24 2899 20
24 2899 21
24 2899 23
24 2900 12
24 2900 13
24 2900 15
24 2900 16
24 2900 19
24 2900 20
24 2900 22
24 2901 14
24 2901 15
24 2903 9
24 2903 10
24 2903 15
24 2903 16
24 2903 18
24 2903 19
24 2903 20
24 2903 22
24 2908 17
24 2910 22
24 2912 15
24 2912 17
24 2912 20
24 2912 21
24 2913 9
24 2914 21
24 2915 14
24 2917 14
24 2917 15
24 2917 18
24 2920 1
24 2926 6
24 2926 13
24 2926 14
24 2926 16
24 2926 17
24 2926 18
24 2926 19
24 2926 21
24 2926 22
24 2927 2
24 2927 8
24 2927 9
24 2927 14
24 2927 15
24 2927 17
24 2927 23
24 2929 1
24 2929 2
24 2931 13
24 2931 15
24 2931 16
24 2931 19
24 2931 20
24 2931 22
24 2931 23
24 2933 14
24 2933 15
24 2933 16
24 2934 16
24 2935 11
24 2935 16
24 2935 17
24 2935 19
24 2935 23
24 2936 13
24 2936 14
24 2936 18
24 2936 19
24 2937 14
24 2937 15
24 2937 16
24 2937 21
24 2937 23
24 2938 11
24 2938 14
24 2938 15
24 2939 14
24 2939 15
24 2940 13
24 2940 14
24 2940 15
24 2940 17
24 2940 18
24 2940 21
24 2940 23
24 2946 18
24 2948 12
24 2949 17
24 2950 0
24 2950 1
24 2950 2
24 2950 12
24 2951 6
24 2951 12
24 2951 15
24 2951 16
24 2951 17
24 2951 18
24 2951 19
24 2951 21
24 2951 22
24 2952 17
24 2954 17
24 2954 21
24 2954 22
24 2955 11
24 2955 18
24 2961 6
24 2964 0
24 2964 1
24 2964 2
24 2964 3
24 2964 4
24 2964 7
24 2966 13
24 2966 14
24 2966 18
24 2966 20
24 2969 4
24 2971 13
24 2971 14
24 2971 20
24 2971 21
24 2972 2
24 2972 14
24 2973 1
24 2981 13
24 2981 14
24 2981 18
24 2981 19
24 2982 0
24 2982 2
24 2982 4
24 2982 8
24 2982 9
24 2982 10
24 2982 14
24 2982 15
24 2983 0
24 2983 1
24 2983 2
24 2983 3
24 2983 4
24 2983 14
24 2983 15
24 2983 16
24 2983 19
24 2983 22
24 2984 0
24 2984 1
24 2984 2
24 2984 3
24 2984 15
24 2984 16
24 2984 22
24 2996 14
24 2996 21
24 3002 1
24 3002 6
24 3004 0
24 3004 1
24 3004 2
24 3004 11
24 3004 13
24 3004 14
24 3004 16
24 3004 18
24 3004 19
24 3004 23
24 3005 0
24 3005 3
24 3005 4
24 3006 0
24 3006 3
24 3006 4
24 3007 12
24 3007 19
24 3007 20
24 3007 21
24 3009 0
24 3014 15
24 3015 19
24 3016 0
24 3016 12
24 3016 15
24 3017 19
24 3018 0
24 3018 1
24 3018 2
24 3018 3
24 3018 4
24 3018 12
24 3018 13
24 3018 18
24 3018 19
24 3018 23
24 3020 13
24 3020 14
24 3024 13
24 3028 21
24 3029 0
24 3029 1
24 3029 2
24 3029 3
24 3029 4
24 3029 7
24 3029 12
24 3029 13
24 3029 15
24 3029 16
24 3029 17
24 3029 18
24 3029 20
24 3029 22
24 3029 23
24 3033 18
24 3036 23
24 3042 18
24 3042 19
24 3045 1
24 3046 2
24 3052 15
24 3052 19
24 3052 20
24 3052 23
24 3053 14
24 3067 18
24 3075 14
24 3075 21
24 3076 16
24 3077 11
24 3077 14
24 3077 15
24 3077 16
24 3077 21
24 3077 22
24 3079 12
24 3079 14
24 3079 15
24 3079 16
24 3079 20
24 3079 21
24 3079 23
24 3081 11
24 3081 12
24 3081 19
24 3081 20
24 3082 12
24 3084 6
24 3084 11
24 3084 14
24 3084 17
24 3084 18
24 3088 15
24 3088 18
24 3088 21
24 3088 23
24 3089 6
24 3089 12
24 3089 15
24 3089 16
24 3089 17
24 3089 20
24 3089 22
24 3089 23
24 3090 12
24 3090 13
24 3090 17
24 3090 21
24 3096 11
24 3099 13
24 3099 18
24 3099 19
24 3103 22
24 3104 0
24 3104 3
24 3104 14
24 3104 21
24 3105 6
24 3105 12
24 3105 13
24 3105 14
24 3105 20
24 3107 12
24 3110 11
24 3112 15
24 3112 17
24 3112 19
24 3112 20
24 3112 21
24 3113 12
24 3113 14
24 3113 17
24 3113 20
24 3113 21
24 3113 22
24 3113 23
24 3116 14
24 3116 16
24 3116 20
24 3116 21
24 3116 23
24 3121 12
24 3121 13
24 3124 19
24 3126 21
24 3126 23
24 3128 12
24 3128 14
24 3128 17
24 3128 18
24 3128 20
24 3128 21
24 3128 23
24 3130 0
24 3130 3
24 3130 6
24 3140 13
24 3140 14
24 3147 21
24 3147 23
24 3148 16
24 3161 13
24 3161 17
24 3161 21
24 3161 22
24 3169 17
24 3169 21
24 3169 22
24 3171 16
24 3171 18
24 3171 20
24 3171 21
24 3171 23
24 3174 12
24 3174 14
24 3177 22
24 3183 15
24 3183 20
24 3184 13
24 3184 15
24 3184 22
24 3186 16
24 3197 12
24 3197 13
24 3197 14
24 3197 17
24 3197 18
24 3197 19
24 3197 21
24 3197 23
24 3198 1
24 3198 3
24 3198 9
24 3198 10
24 3198 19
24 3199 0
24 3199 2
24 3199 3
24 3199 4
24 3204 4
24 3204 12
24 3204 21
24 3208 6
24 3210 15
24 3210 19
24 3210 20
24 3210 21
24 3210 22
24 3210 23
24 3211 0
24 3211 2
24 3211 10
24 3211 13
24 3211 14
24 3211 18
24 3211 20
24 3211 23
24 3213 4
24 3214 6
24 3216 11
24 3216 19
24 3216 22
24 3216 23
24 3218 2
24 3218 12
24 3218 13
24 3218 15
24 3218 17
24 3218 18
24 3218 19
24 3218 22
24 3218 23
24 3219 0
24 3219 2
24 3219 10
24 3219 12
24 3219 17
24 3219 18
24 3219 20
24 3219 22
24 3220 0
24 3220 2
24 3220 3
24 3220 4
24 3220 10
24 3220 14
24 3220 15
24 3220 17
24 3220 18
24 3220 19
24 3220 23
24 3224 10
24 3225 14
24 3225 15
24 3225 18
24 3225 20
24 3225 21
24 3225 23
24 3226 0
24 3226 1
24 3226 2
24 3226 3
24 3226 4
24 3226 7
24 3226 16
24 3226 17
24 3227 14
24 3227 19
24 3235 22
24 3238 13
24 3238 19
24 3238 23
24 3248 6
24 3249 9
24 3249 11
24 3249 16
24 3249 18
24 3249 23
24 3250 14
24 3251 0
24 3251 1
24 3251 2
24 3251 4
24 3255 12
24 3255 13
24 3255 17
24 3255 18
24 3255 19
24 3256 1
24 3256 4
24 3256 11
24 3256 18
24 3256 19
24 3256 20
24 3256 22
24 3258 0
24 3258 1
24 3258 2
24 3258 6
24 3258 9
24 3258 12
24 3258 20
24 3260 0
24 3260 6
24 3260 13
24 3263 21
24 3264 0
24 3264 1
24 3264 2
24 3264 3
24 3264 4
24 3264 6
24 3264 13
24 3265 0
24 3265 1
24 3265 2
24 3265 3
24 3265 4
24 3265 6
24 3265 14
24 3265 15
24 3266 0
24 3266 1
24 3266 2
24 3266 4
24 3266 8
24 3266 9
24 3266 15
24 3266 16
24 3266 17
24 3266 18
24 3266 19
24 3266 20
24 3267 1
24 3267 3
24 3267 9
24 3267 23
24 3270 6
24 3270 10
24 3270 12
24 3270 13
24 3270 17
24 3270 18
24 3271 0
24 3271 2
24 3271 3
24 3271 4
24 3271 14
24 3271 16
24 3271 18
24 3271 21
24 3271 23
24 3276 2
24 3276 11
24 3276 12
24 3276 20
24 3279 11
24 3282 15
24 3282 16
24 3282 22
24 3283 0
24 3283 2
24 3283 3
24 3283 4
24 3283 14
24 3283 22
24 3284 17
24 3284 18
24 3284 19
24 3284 23
24 3304 0
24 3304 3
24 3305 10
24 3305 12
24 3305 15
24 3305 18
24 3305 19
24 3305 21
24 3305 23
24 3306 18
24 3306 19
24 3306 20
24 3306 23
24 3309 16
24 3310 20
24 3312 15
24 3312 23
24 3316 12
24 3316 13
24 3316 19
24 3316 22
24 3317 11
24 3317 20
24 3318 13
24 3318 19
24 3318 20
24 3318 23
24 3332 12
24 3332 21
24 3333 6
24 3333 12
24 3333 13
24 3333 18
24 3333 19
24 3333 21
24 3335 20
24 3335 23
24 3336 12
24 3336 14
24 3336 15
24 3336 17
24 3336 19
24 3336 22
24 3336 23
24 3337 12
24 3337 21
24 3337 22
24 3338 12
24 3338 13
24 3338 17
24 3338 20
24 3338 21
24 3338 22
24 3338 23
24 3343 16
24 3343 17
24 3343 18
24 3344 15
24 3344 17
24 3344 18
24 3344 19
24 3344 23
24 3345 15
24 3345 16
24 3347 0
24 3347 2
24 3347 6
24 3347 12
24 3347 20
24 3347 23
24 3349 15
24 3349 16
24 3349 17
24 3349 19
24 3349 20
24 3349 22
24 3350 0
24 3350 2
24 3350 3
24 3350 4
24 3350 12
24 3350 13
24 3350 15
24 3350 16
24 3350 17
24 3350 18
24 3351 2
24 3351 4
24 3352 15
24 3356 15
24 3360 19
24 3360 20
24 3360 22
24 3362 13
24 3363 16
24 3363 20
24 3363 21
24 3364 3
24 3364 11
24 3364 14
24 3364 17
24 3364 18
24 3364 23
24 3365 12
24 3367 15
24 3367 16
24 3367 17
24 3367 22
24 3367 23
24 3368 0
24 3368 1
24 3368 2
24 3368 3
24 3368 9
24 3368 13
24 3368 14
24 3368 15
24 3368 18
24 3368 19
24 3368 22
24 3368 23
24 3369 3
24 3369 6
24 3369 16
24 3369 17
24 3369 22
24 3370 0
24 3370 1
24 3370 2
24 3370 6
24 3370 9
24 3370 15
24 3370 21
24 3370 22
24 3370 23
24 3375 0
24 3375 1
24 3375 17
24 3375 23
24 3379 13
24 3379 19
24 3379 23
24 3381 23
24 3384 15
24 3384 19
24 3384 22
24 3386 14
24 3386 15
24 3386 22
24 3388 13
24 3388 15
24 3388 20
24 3388 21
24 3388 22
24 3391 18
24 3393 18
24 3394 0
24 3394 1
24 3394 2
24 3394 3
24 3394 4
24 3394 7
24 3394 15
24 3394 17
24 3394 18
24 3394 19
24 3394 20
24 3394 23
24 3395 15
24 3396 17
24 3397 12
24 3397 13
24 3397 14
24 3397 15
24 3397 16
24 3397 21
24 3398 0
24 3398 1
24 3398 2
24 3398 6
24 3398 9
24 3398 10
24 3398 18
24 3400 11
24 3400 16
24 3401 0
24 3401 4
24 3401 13
24 3401 21
24 3401 22
24 3403 0
24 3403 1
24 3403 2
24 3403 6
24 3403 12
24 3403 19
24 3403 20
24 3403 23
24 3404 13
24 3404 14
24 3405 0
24 3405 1
24 3405 2
24 3405 3
24 3405 14
24 3405 15
24 3405 22
24 3409 0
24 3409 1
24 3409 2
24 3409 3
24 3409 4
24 3409 7
24 3409 15
24 3409 19
24 3412 0
24 3412 1
24 3412 2
24 3412 3
24 3412 4
24 3412 6
24 3412 14
24 3416 21
24 3418 3
24 3418 6
24 3418 14
24 3418 18
24 3423 0
24 3423 1
24 3423 2
24 3423 3
24 3423 4
24 3423 14
24 3423 15
24 3429 0
24 3429 2
24 3431 16
24 3432 2
24 3433 14
24 3433 15
24 3433 18
24 3433 19
24 3433 21
24 3434 0
24 3434 1
24 3434 4
24 3434 9
24 3434 10
24 3434 14
24 3434 15
24 3434 17
24 3436 0
24 3436 2
24 3436 3
24 3436 4
24 3437 11
24 3437 21
24 3437 22
24 3437 23
24 3440 0
24 3440 2
24 3440 4
24 3440 6
24 3440 13
24 3440 14
24 3440 15
24 3440 21
24 3441 16
24 3445 0
24 3445 1
24 3445 2
24 3445 3
24 3445 16
24 3445 17
24 3447 4
24 3447 19
24 3447 20
24 3447 22
24 3448 0
24 3448 2
24 3448 10
24 3448 11
24 3448 18
24 3448 23
24 3449 0
24 3449 1
24 3449 4
24 3449 6
24 3449 13
24 3449 15
24 3449 16
24 3449 18
24 3449 19
24 3449 21
24 3450 2
24 3450 15
24 3452 11
24 3452 14
24 3452 15
24 3452 16
24 3453 0
24 3453 3
24 3453 14
24 3453 15
24 3453 16
24 3453 17
24 3454 14
24 3454 15
24 3454 16
24 3454 17
24 3454 18
24 3454 21
24 3454 23
24 3456 0
24 3457 14
24 3457 16
24 3457 17
24 3457 18
24 3457 19
24 3457 20
24 3457 21
24 3459 6
24 3459 15
24 3459 16
24 3461 13
24 3464 0
24 3464 1
24 3464 2
24 3464 3
24 3464 4
24 3464 7
24 3466 13
24 3466 21
24 3467 0
24 3467 1
24 3467 2
24 3467 3
24 3467 4
24 3467 10
24 3467 18
24 3467 19
24 3468 17
24 3468 19
24 3468 20
24 3468 21
24 3468 22
24 3470 0
24 3470 1
24 3470 2
24 3470 3
24 3470 4
24 3470 6
24 3470 10
24 3470 11
24 3470 13
24 3470 18
24 3470 20
24 3470 21
24 3470 22
24 3470 23
24 3472 0
24 3472 1
24 3472 2
24 3472 3
24 3472 4
24 3472 7
24 3472 14
24 3472 16
24 3472 17
24 3472 18
24 3472 19
24 3472 21
24 3472 23
24 3473 0
24 3473 1
24 3473 2
24 3473 3
24 3473 6
24 3473 10
24 3473 11
24 3473 12
24 3473 13
24 3475 4
24 3477 2
24 3481 12
24 3486 18
24 3493 0
24 3493 3
24 3493 9
24 3493 12
24 3493 14
24 3493 17
24 3493 18
24 3493 19
24 3493 21
24 3494 2
24 3494 8
24 3494 19
24 3494 20
24 3494 22
24 3494 23
24 3497 0
24 3497 1
24 3497 2
24 3497 3
24 3497 4
24 3497 10
24 3497 12
24 3497 19
24 3498 14
24 3498 21
24 3499 0
24 3499 1
24 3499 2
24 3499 4
24 3499 6
24 3499 8
24 3499 9
24 3499 10
24 3503 15
24 3503 17
24 3503 19
24 3506 11
24 3506 19
24 3506 23
24 3507 0
24 3507 1
24 3507 2
24 3509 6
24 3510 6
24 3510 15
24 3510 21
24 3511 23
24 3515 0
24 3515 2
24 3515 3
24 3515 17
24 3517 6
24 3518 1
24 3518 14
24 3522 14
24 3523 1
24 3528 6
24 3528 10
24 3528 12
24 3528 14
24 3528 16
24 3528 17
24 3528 18
24 3529 6
24 3529 12
24 3529 13
24 3530 13
24 3530 16
24 3530 17
24 3530 19
24 3530 20
24 3530 22
24 3532 15
24 3532 17
24 3533 17
24 3534 16
24 3534 22
24 3535 4
24 3535 6
24 3535 12
24 3535 15
24 3535 16
24 3535 18
24 3535 20
24 3535 21
24 3535 23
24 3536 6
24 3536 17
24 3536 18
24 3536 19
24 3539 19
24 3539 20
24 3544 9
24 3544 11
24 3544 12
24 3544 17
24 3544 20
24 3544 22
24 3547 19
24 3547 20
24 3547 23
24 3548 20
24 3550 1
24 3550 3
24 3550 12
24 3550 15
24 3550 17
24 3550 21
24 3551 14
24 3551 16
24 3551 17
24 3551 19
24 3551 23
24 3556 3
24 3556 12
24 3556 13
24 3556 14
24 3556 15
24 3556 17
24 3556 18
24 3556 21
24 3556 22
24 3558 22
24 3562 18
24 3570 23
24 3596 12
24 3596 18
24 3596 20
24 3596 21
24 3597 13
24 3597 19
24 3597 21
24 3597 22
24 3598 0
24 3598 1
24 3598 2
24 3598 3
24 3598 15
24 3598 16
24 3598 17
24 3598 22
24 3598 23
24 3599 0
24 3599 1
24 3599 2
24 3599 3
24 3599 4
24 3599 14
24 3599 16
24 3599 17
24 3599 18
24 3599 19
24 3599 22
24 3599 23
24 3606 12
24 3608 16
24 3608 19
24 3609 12
24 3609 18
24 3610 0
24 3611 10
24 3611 13
24 3611 17
24 3611 19
24 3612 9
24 3613 6
24 3613 19
24 3613 20
24 3613 21
24 3613 22
24 3617 11
24 3617 20
24 3623 6
24 3623 12
24 3623 14
24 3623 15
24 3623 17
24 3623 18
24 3623 19
24 3623 21
24 3623 23
24 3628 1
24 3628 14
24 3628 21
24 3628 22
24 3629 16
24 3630 17
24 3630 22
24 3632 0
24 3632 3
24 3632 23
24 3641 21
24 3641 23
24 3643 15
24 3643 16
24 3643 17
24 3643 18
24 3643 23
24 3649 1
24 3649 2
24 3653 17
24 3653 18
24 3654 17
24 3655 17
24 3655 18
24 3655 23
24 3657 12
24 3659 2
24 3661 11
24 3669 14
24 3671 12
24 3681 2
24 3681 11
24 3682 21
24 3686 0
24 3686 1
24 3686 2
24 3686 3
24 3686 4
24 3686 14
24 3686 15
24 3686 16
24 3686 22
24 3691 14
24 3691 21
24 3693 9
24 3693 16
24 3695 17
24 3697 18
24 3704 0
24 3704 1
24 3704 22
24 3704 23
24 3708 0
24 3708 1
24 3708 2
24 3708 4
24 3708 20
24 3708 22
24 3712 12
24 3712 15
24 3717 1
24 3717 14
24 3717 20
24 3717 23
24 3718 11
24 3718 12
24 3718 15
24 3718 16
24 3718 17
24 3718 20
24 3718 23
24 3719 6
24 3722 1
24 3722 2
24 3722 4
24 3738 12
24 3738 20
24 3741 1
24 3741 14
24 3741 22
24 3742 1
24 3742 11
24 3742 12
24 3742 15
24 3742 16
24 3742 21
24 3742 22
24 3742 23
24 3743 1
24 3743 4
24 3743 10
24 3743 14
24 3743 20
24 3745 15
24 3745 16
24 3745 20
24 3745 21
24 3745 23
24 3746 0
24 3746 1
24 3746 2
24 3746 14
24 3746 15
24 3746 16
24 3746 19
24 3746 22
24 3747 0
24 3747 1
24 3747 2
24 3747 4
24 3747 6
24 3747 10
24 3747 11
24 3747 14
24 3747 15
24 3747 16
24 3747 18
24 3747 20
24 3747 22
24 3747 23
24 3752 4
24 3753 18
24 3757 4
24 3765 2
24 3767 0
24 3767 1
24 3767 2
24 3769 2
24 3786 13
24 3809 2
24 3816 15
24 3822 16
24 3822 23
24 3833 3
24 3833 13
24 3836 20
24 3836 23
24 3838 16
24 3844 11
24 3847 13
24 3847 21
24 3849 11
24 3874 12
24 3874 13
24 3874 18
24 3874 19
24 3874 23
24 3875 12
24 3875 13
24 3875 20
24 3878 18
24 3880 16
24 3884 13
24 3906 14
24 3906 16
24 3906 17
24 3906 20
24 3906 22
24 3908 23
24 3910 13
24 3910 14
24 3910 20
24 3924 6
24 3924 14
24 3930 20
24 3930 23
24 3938 15
24 3945 13
24 3946 17
24 3948 14
24 3948 15
24 3948 16
24 3948 18
24 3948 19
24 3948 20
24 3948 22
24 3948 23
24 3950 17
24 3950 23
24 3957 19
24 3957 20
24 3959 18
24 3962 0
24 3962 2
24 3962 3
24 3962 4
24 3963 0
24 3963 2
24 3963 3
24 3965 2
24 3971 20
24 3981 16
24 3981 18
24 3981 20
24 3981 23
24 3984 16
24 3984 17
24 3994 20
24 3997 11
24 3997 18
24 4017 4
24 4018 14
24 4018 15
24 4022 11
24 4022 17
24 4033 11
24 4033 18
24 4034 20
24 4035 11
24 4035 16
24 4035 18
24 4035 19
24 4035 21
24 4035 23
24 4041 1
24 4041 3
24 4041 19
24 4041 22
24 4045 20
24 4061 17
24 4061 20
24 4070 0
24 4070 2
24 4070 3
24 4070 4
24 4075 21
24 4080 14
24 4080 16
24 4080 21
24 4080 22
24 4081 13
24 4081 14
24 4081 19
24 4081 21
24 4081 22
24 4081 23
24 4082 13
24 4082 14
24 4082 22
24 4082 23
24 4083 12
24 4083 20
24 4083 21
24 4083 23
24 4084 12
24 4087 12
24 4087 14
24 4087 22
24 4090 11
24 4092 15
24 4092 21
24 4097 13
24 4097 23
24 4104 6
24 4105 14
24 4105 16
24 4105 21
24 4105 22
24 4109 18
24 4109 19
24 4113 11
24 4113 17
24 4113 23
24 4117 23
24 4124 20
24 4128 22
24 4134 16
24 4135 19
24 4136 22
24 4136 23
24 4141 11
24 4142 12
24 4145 6
24 4158 13
24 4169 3
24 4169 12
24 4184 12
24 4190 23
24 4191 15
24 4193 18
24 4195 23
24 4196 11
24 4196 16
24 4196 19
24 4203 15
24 4203 16
24 4203 19
24 4203 20
24 4206 15
24 4206 19
24 4210 13
24 4210 20
24 4215 13
24 4215 14
24 4215 18
24 4215 19
24 4215 21
24 4215 22
24 4215 23
24 4217 6
24 4217 19
24 4217 21
24 4219 17
24 4219 23
24 4220 22
24 4221 13
24 4221 15
24 4221 16
24 4221 18
24 4221 19
24 4221 20
24 4221 23
24 4222 14
24 4223 14
24 4226 23
24 4236 17
24 4238 4
24 4238 16
24 4238 23
24 4239 15
24 4242 12
24 4250 20
24 4252 15
24 4263 13
24 4279 6
24 4283 17
24 4283 18
24 4293 0
24 4297 17
24 4298 13
24 4312 11
24 4327 12
24 4327 13
24 4327 15
24 4327 16
24 4327 18
24 4327 19
24 4327 21
24 4327 22
24 4328 17
24 4329 18
24 4329 22
24 4329 23
24 4335 13
24 4338 0
24 4346 0
24 4346 1
24 4346 2
24 4346 3
24 4346 4
24 4346 19
24 4354 15
24 4354 16
24 4361 19
24 4363 14
24 4363 15
24 4395 14
24 4395 15
24 4395 18
24 4396 20
24 4408 6
24 4415 15
24 4416 23
24 4418 17
24 4419 17
24 4419 22
24 4421 21
24 4426 0
24 4436 14
24 4438 23
24 4439 21
24 4440 14
24 4443 20
24 4444 20
24 4446 11
24 4448 22
24 4459 21
24 4470 14
24 4476 0
24 4476 3
24 4476 23
24 4478 11
24 4478 18
24 4482 12
24 4489 17
24 4492 11
24 4492 20
24 4492 21
24 4492 22
24 4495 9
24 4497 13
24 4499 16
24 4501 17
24 4501 18
24 4502 18
24 4502 19
24 4505 19
24 4510 12
24 4510 20
24 4513 10
24 4513 13
24 4513 14
24 4513 16
24 4513 17
24 4513 18
24 4513 22
24 4513 23
24 4515 3
24 4515 6
24 4520 22
24 4523 15
24 4523 18
24 4523 23
24 4530 16
24 4530 17
24 4530 19
24 4531 12
24 4531 13
24 4531 15
24 4531 16
24 4531 18
24 4531 19
24 4531 23
24 4537 14
24 4540 17
24 4548 11
24 4548 12
24 4548 16
24 4548 21
24 4548 22
24 4552 6
24 4552 17
24 4552 19
24 4552 23
24 4553 3
24 4553 6
24 4556 12
24 4556 16
24 4556 18
24 4556 20
24 4556 21
24 4558 23
24 4559 18
24 4559 19
24 4564 15
24 4564 19
24 4564 22
24 4565 14
24 4570 6
24 4570 21
24 4571 19
24 4571 23
24 4572 19
24 4573 13
24 4577 11
24 4596 20
24 4606 11
24 4606 14
24 4610 16
24 4623 14
24 4624 6
24 4624 19
24 4628 21
24 4630 6
24 4631 0
24 4631 3
24 4631 7
24 4631 11
24 4634 0
24 4634 3
24 4645 11
24 4645 12
24 4645 16
24 4645 19
24 4645 20
24 4645 22
24 4645 23
24 4646 11
24 4646 12
24 4646 19
24 4646 20
24 4654 6
24 4656 14
24 4658 15
24 4667 20
24 4667 21
24 4672 6
24 4673 20
24 4681 17
24 4685 11
24 4687 14
24 4733 17
24 4737 11
24 4737 17
24 4737 18
24 4738 18
24 4741 14
24 4747 14
24 4747 18
24 4747 19
24 4747 21
24 4748 11
24 4748 21
24 4759 18
24 4774 12
24 4774 16
24 4774 17
24 4777 15
24 4777 18
24 4789 14
24 4789 15
24 4789 22
24 4793 10
24 4806 18
24 4811 16
24 4812 10
24 4813 11
24 4818 9
24 4820 22
24 4827 17
24 4828 0
24 4828 2
24 4831 15
24 4834 17
24 4835 11
24 4836 2
24 4837 14
24 4837 15
24 4839 6
24 4839 17
24 4839 20
24 4839 23
24 4848 15
24 4848 20
24 4850 21
24 4850 23
24 4852 16
24 4852 23
24 4862 14
24 4867 16
24 4873 21
24 4877 20
24 4886 6
24 4892 2
24 4893 14
24 4893 19
24 4894 3
24 4894 15
24 4894 22
24 4897 23
24 4912 23
24 4916 11
24 4916 12
24 4916 20
24 4923 6
24 4923 13
24 4923 21
24 4924 21
24 4926 14
24 4926 15
24 4926 16
24 4926 20
24 4928 14
24 4931 18
24 4931 19
24 4931 21
24 4931 23
24 4932 12
24 4932 14
24 4932 15
24 4937 6
24 4947 14
24 4948 1
24 4949 11
24 4955 14
24 4955 21
24 4956 15
24 4956 16
24 4957 16
24 4963 16
24 4965 22
24 4968 23
24 4974 15
24 4985 20
24 4988 10
24 4988 14
24 4988 17
24 4988 18
24 4988 21
24 4990 0
24 4990 11
24 4990 12
24 4999 11
24 5006 6
24 5006 13
24 5006 14
24 5006 18
24 5006 19
24 5012 17
24 5022 12
24 5041 13
24 5041 21
24 5048 11
24 5048 19
24 5078 0
24 5078 3
24 5079 11
24 5083 15
24 5083 19
24 5084 6
24 5085 2
24 5086 15
24 5086 19
24 5086 22
24 5087 14
24 5089 19
24 5091 11
24 5091 19
24 5101 0
24 5101 2
24 5101 15
24 5101 22
24 5103 15
24 5113 18
24 5113 19
24 5114 12
24 5117 22
24 5120 11
24 5120 14
24 5120 20
24 5120 21
24 5126 11
24 5126 13
24 5127 11
24 5132 20
24 5132 22
24 5136 14
24 5136 20
24 5149 13
24 5152 10
24 5152 14
24 5154 23
24 5159 22
24 5168 17
24 5168 21
24 5168 22
24 5170 13
24 5170 14
24 5170 16
24 5170 20
24 5173 13
24 5178 14
24 5178 15
24 5178 17
24 5178 18
24 5178 20
24 5178 21
24 5180 14
24 5180 19
24 5180 22
24 5180 23
24 5183 23
24 5208 16
24 5208 22
24 5218 14
24 5237 22
24 5238 23
24 5240 3
24 5240 13
24 5240 16
24 5240 22
24 5242 19
24 5242 20
24 5242 21
24 5249 4
24 5249 13
24 5249 17
24 5254 18
24 5254 23
24 5257 15
24 5257 22
24 5262 17
24 5265 14
24 5265 15
24 5267 22
24 5272 0
24 5272 3
24 5272 20
24 5272 21
24 5272 22
24 5276 0
24 5276 1
24 5276 2
24 5276 3
24 5276 16
24 5276 21
24 5276 22
24 5278 0
24 5278 1
24 5278 2
24 5278 3
24 5278 13
24 5278 20
24 5278 21
24 5278 22
24 5278 23
24 5280 11
24 5280 12
24 5280 14
24 5280 16
24 5280 17
24 5280 21
24 5281 6
24 5281 13
24 5281 15
24 5281 16
24 5281 17
24 5281 19
24 5281 20
24 5281 21
24 5282 6
24 5282 13
24 5282 14
24 5282 16
24 5282 17
24 5282 20
24 5282 22
24 5285 0
24 5285 1
24 5285 2
24 5285 3
24 5285 4
24 5287 0
24 5287 2
24 5287 3
24 5287 4
24 5287 13
24 5290 22
24 5292 11
24 5292 18
24 5292 19
24 5292 23
24 5296 18
24 5296 23
24 5300 0
24 5300 1
24 5300 2
24 5300 4
24 5300 6
24 5300 14
24 5302 16
24 5302 17
24 5302 23
24 5304 11
24 5305 0
24 5305 23
24 5306 22
24 5307 15
24 5310 11
24 5311 13
24 5311 14
24 5311 21
24 5312 16
24 5312 18
24 5312 19
24 5312 20
24 5312 23
24 5313 0
24 5313 2
24 5313 6
24 5313 11
24 5313 12
24 5313 16
24 5313 17
24 5313 20
24 5313 21
24 5313 22
24 5313 23
24 5314 0
24 5314 1
24 5314 2
24 5314 6
24 5314 11
24 5314 12
24 5314 15
24 5314 16
24 5314 18
24 5314 20
24 5314 22
24 5314 23
24 5315 19
24 5315 20
24 5315 23
24 5316 0
24 5316 3
24 5318 21
24 5321 1
24 5321 14
24 5322 18
24 5324 20
24 5326 21
24 5330 14
24 5331 20
24 5336 0
24 5336 3
24 5336 6
24 5336 13
24 5336 15
24 5336 18
24 5336 20
24 5336 21
24 5337 18
24 5338 0
24 5338 1
24 5338 2
24 5338 18
24 5338 20
24 5339 0
24 5339 3
24 5339 21
24 5339 22
24 5340 2
24 5340 10
24 5340 15
24 5341 2
24 5344 0
24 5346 13
24 5346 16
24 5346 17
24 5346 19
24 5346 22
24 5349 15
24 5349 16
24 5349 20
24 5349 21
24 5351 13
24 5351 16
24 5355 6
24 5370 20
24 5370 21
24 5374 0
24 5374 1
24 5374 2
24 5374 3
24 5374 6
24 5374 15
24 5374 16
24 5374 18
24 5374 19
24 5374 20
24 5374 21
24 5374 23
24 5397 3
24 5397 10
24 5397 18
24 5397 19
24 5402 17
24 5403 16
24 5403 22
24 5404 0
24 5404 2
24 5404 19
24 5406 21
24 5408 10
24 5408 11
24 5409 1
24 5409 2
24 5412 17
24 5412 18
24 5412 23
24 5415 1
24 5415 2
24 5415 12
24 5415 17
24 5417 0
24 5417 4
24 5417 6
24 5417 11
24 5421 1
24 5421 19
24 5421 23
24 5424 13
24 5424 14
24 5424 16
24 5424 18
24 5424 19
24 5424 20
24 5424 22
24 5424 23
24 5428 0
24 5428 1
24 5428 3
24 5428 14
24 5428 17
24 5428 22
24 5430 11
24 5430 12
24 5430 19
24 5430 20
24 5433 6
24 5433 13
24 5433 14
24 5433 20
24 5433 21
24 5435 11
24 5435 12
24 5435 13
24 5435 20
24 5438 3
24 5441 13
24 5444 13
24 5444 21
24 5447 0
24 5447 1
24 5447 2
24 5447 12
24 5452 12
24 5452 20
24 5457 18
24 5469 23
24 5471 18
24 5476 11
24 5481 14
24 5482 14
24 5484 2
24 5484 11
24 5485 21
24 5487 0
24 5487 11
24 5487 16
24 5487 17
24 5487 18
24 5487 20
24 5487 21
24 5488 12
24 5488 16
24 5488 17
24 5488 19
24 5488 23
24 5489 12
24 5489 14
24 5489 16
24 5489 20
24 5489 22
24 5489 23
24 5490 14
24 5490 17
24 5490 18
24 5490 19
24 5490 20
24 5490 21
24 5491 14
24 5491 15
24 5491 18
24 5491 20
24 5491 22
24 5491 23
24 5498 11
24 5505 11
24 5505 22
24 5505 23
24 5510 11
24 5511 3
24 5514 15
24 5514 18
24 5515 16
24 5515 22
24 5527 22
24 5529 12
24 5534 18
24 5536 21
24 5537 17
24 5537 18
24 5539 6
24 5539 13
24 5552 1
24 5552 14
24 5555 16
24 5558 2
24 5558 6
24 5561 4
24 5563 1
24 5563 15
24 5570 6
24 5572 15
24 5573 11
24 5594 13
24 5595 0
24 5595 3
24 5595 10
24 5595 11
24 5595 19
24 5595 20
24 5600 1
24 5600 18
24 5600 22
24 5603 0
24 5603 4
24 5604 6
24 5604 18
24 5605 11
24 5612 4
24 5612 9
24 5613 0
24 5613 1
24 5613 2
24 5613 3
24 5613 13
24 5613 15
24 5614 0
24 5614 1
24 5614 2
24 5614 4
24 5615 1
24 5615 6
24 5615 12
24 5615 13
24 5616 0
24 5616 2
24 5616 3
24 5616 6
24 5616 13
24 5618 11
24 5618 16
24 5618 17
24 5618 23
24 5619 12
24 5619 13
24 5619 15
24 5619 16
24 5620 0
24 5620 2
24 5620 10
24 5620 20
24 5621 0
24 5621 1
24 5621 18
24 5622 1
24 5622 17
24 5622 18
24 5624 0
24 5624 1
24 5624 2
24 5624 4
24 5624 12
24 5624 13
24 5625 12
24 5625 13
24 5626 0
24 5626 1
24 5626 2
24 5626 3
24 5626 4
24 5626 6
24 5626 13
24 5626 20
24 5634 11
24 5638 16
24 5665 21
24 5669 6
24 5669 20
24 5669 22
24 5669 23
24 5670 11
24 5671 4
24 5671 18
24 5671 23
24 5672 0
24 5672 1
24 5672 2
24 5672 3
24 5672 14
24 5673 0
24 5673 3
24 5673 18
24 5673 19
24 5674 3
24 5674 6
24 5682 0
24 5682 1
24 5682 4
24 5682 11
24 5682 15
24 5682 20
24 5684 0
24 5684 3
24 5684 4
24 5684 16
24 5684 17
24 5684 23
24 5685 11
24 5685 18
24 5686 4
24 5686 6
24 5688 0
24 5688 1
24 5688 2
24 5688 4
24 5688 9
24 5688 10
24 5688 13
24 5688 15
24 5688 17
24 5688 19
24 5688 23
24 5689 0
24 5689 2
24 5689 21
24 5690 18
24 5690 20
24 5699 14
24 5699 21
24 5701 0
24 5701 1
24 5701 2
24 5701 3
24 5701 4
24 5701 6
24 5701 12
24 5701 14
24 5701 20
24 5701 22
24 5705 18
24 5705 22
24 5705 23
24 5706 16
24 5709 14
24 5710 0
24 5710 2
24 5710 3
24 5710 6
24 5714 21
24 5714 23
24 5724 11
24 5724 19
24 5726 13
24 5727 19
24 5729 14
24 5729 19
24 5730 11
24 5730 22
24 5731 13
24 5731 15
24 5731 16
24 5731 22
24 5732 3
24 5732 13
24 5732 20
24 5732 22
24 5733 0
24 5733 1
24 5733 2
24 5733 3
24 5733 4
24 5733 13
24 5742 11
24 5742 16
24 5742 19
24 5742 20
24 5742 21
24 5742 22
24 5742 23
24 5743 3
24 5747 14
24 5747 18
24 5757 0
24 5757 1
24 5757 2
24 5759 15
24 5761 14
24 5761 18
24 5761 20
24 5762 10
24 5762 18
24 5763 0
24 5763 2
24 5763 17
24 5766 16
24 5772 6
24 5774 14
24 5774 21
24 5777 0
24 5778 19
24 5788 15
24 5789 15
24 5793 4
24 5793 6
24 5798 20
24 5798 21
24 5801 13
24 5801 14
24 5801 21
24 5802 9
24 5802 10
24 5803 12
24 5811 18
24 5811 22
24 5815 4
24 5815 6
24 5815 12
24 5815 15
24 5815 17
24 5815 23
24 5816 11
24 5817 0
24 5817 3
24 5817 4
24 5817 14
24 5817 17
24 5817 18
24 5817 23
24 5818 0
24 5818 1
24 5818 2
24 5818 3
24 5818 4
24 5824 0
24 5824 1
24 5824 2
24 5824 20
24 5824 21
24 5824 22
24 5831 1
24 5831 4
24 5831 14
24 5831 15
24 5833 0
24 5833 2
24 5833 3
24 5833 4
24 5833 17
24 5833 18
24 5833 23
24 5836 21
24 5837 0
24 5837 3
24 5838 0
24 5838 1
24 5838 2
24 5842 2
24 5842 16
24 5845 0
24 5845 1
24 5845 2
24 5845 16
24 5845 21
24 5845 23
24 5846 0
24 5846 2
24 5847 20
24 5848 1
24 5848 3
24 5848 6
24 5848 13
24 5848 14
24 5848 16
24 5848 19
24 5848 21
24 5848 22
24 5850 13
24 5850 17
24 5850 18
24 5850 23
24 5854 19
24 5854 23
24 5860 0
24 5860 2
24 5860 9
24 5860 20
24 5860 23
24 5861 0
24 5861 1
24 5861 2
24 5861 3
24 5861 13
24 5861 14
24 5861 18
24 5861 21
24 5862 0
24 5862 1
24 5862 2
24 5862 3
24 5862 6
24 5862 12
24 5862 21
24 5862 22
24 5862 23
24 5868 2
24 5869 13
24 5872 0
24 5872 2
24 5872 3
24 5872 6
24 5872 21
24 5872 23
24 5875 21
24 5876 0
24 5876 2
24 5881 11
24 5894 22
24 5898 12
24 5898 13
24 5900 4
24 5900 11
24 5900 17
24 5900 22
24 5901 4
24 5901 17
24 5901 19
24 5901 23
24 5910 23
24 5912 2
24 5912 21
24 5916 0
24 5916 1
24 5916 2
24 5916 8
24 5916 11
24 5916 17
24 5917 12
24 5917 17
24 5917 20
24 5917 22
24 5917 23
24 5919 0
24 5919 14
24 5919 15
24 5919 20
24 5919 21
24 5919 22
24 5919 23
24 5920 0
24 5920 1
24 5920 2
24 5920 3
24 5920 6
24 5920 10
24 5920 16
24 5920 17
24 5920 22
24 5923 11
24 5928 17
24 5939 10
24 5942 2
24 5944 17
24 5954 14
24 5958 23
24 5960 19
24 5961 14
24 5966 15
24 5969 4
24 5970 2
24 5970 4
24 5970 20
24 5974 11
24 5974 23
24 5981 15
24 5981 20
24 5990 4
24 5990 6
24 5990 12
24 5990 18
24 5990 20
24 5990 21
24 5991 14
24 5995 13
24 5995 14
24 5996 0
24 5996 1
24 5996 2
24 5996 6
24 5996 10
24 5996 13
24 5996 17
24 5996 18
24 5996 19
24 5999 0
24 5999 2
24 5999 10
24 5999 17
24 6001 0
24 6008 15
24 6009 0
24 6009 1
24 6009 2
24 6011 0
24 6011 4
24 6012 11
24 6012 17
24 6012 18
24 6012 23
24 6015 0
24 6015 1
24 6015 2
24 6015 13
24 6015 23
24 6017 0
24 6017 1
24 6017 2
24 6017 3
24 6017 4
24 6017 6
24 6017 18
24 6017 19
24 6024 1
24 6024 15
24 6024 22
24 6026 0
24 6026 2
24 6028 23
24 6029 0
24 6029 2
24 6032 6
24 6032 23
24 6047 18
24 6047 23
24 6051 22
24 6053 9
24 6053 20
24 6058 20
24 6058 23
24 6069 0
24 6069 1
24 6069 2
24 6069 6
24 6069 20
24 6072 20
24 6072 21
24 6072 23
24 6073 0
24 6073 1
24 6073 2
24 6073 20
24 6073 21
24 6074 1
24 6074 3
24 6078 22
24 6078 23
24 6083 12
24 6083 21
24 6084 6
24 6088 20
24 6088 21
24 6094 0
24 6094 1
24 6094 4
24 6097 0
24 6097 14
24 6098 4
24 6103 4
24 6105 17
24 6108 0
24 6108 1
24 6108 2
24 6108 22
24 6108 23
24 6111 0
24 6111 1
24 6111 2
24 6111 12
24 6111 17
24 6111 19
24 6111 20
24 6112 1
24 6112 23
24 6114 11
24 6117 1
24 6117 4
24 6118 3
24 6118 6
24 6118 10
24 6120 2
24 6120 9
24 6120 20
24 6121 14
24 6121 20
24 6121 21
24 6122 0
24 6122 2
24 6122 18
24 6122 19
24 6124 15
24 6125 0
24 6125 1
24 6125 6
24 6126 10
24 6126 11
24 6126 15
24 6127 23
24 6128 6
24 6128 19
24 6129 17
24 6129 22
24 6129 23
24 6130 16
24 6132 22
24 6133 19
24 6136 11
24 6137 20
24 6139 11
24 6144 15
24 6144 23
24 6145 0
24 6145 1
24 6145 2
24 6145 20
24 6145 23
24 6146 0
24 6146 3
24 6146 22
24 6147 0
24 6147 4
24 6147 6
24 6147 12
24 6147 13
24 6147 15
24 6147 16
24 6148 1
24 6148 2
24 6148 3
24 6148 6
24 6148 12
24 6148 13
24 6148 16
24 6149 0
24 6149 1
24 6149 2
24 6149 10
24 6149 11
24 6149 14
24 6149 15
24 6149 17
24 6149 22
24 6149 23
24 6150 0
24 6150 1
24 6150 2
24 6150 3
24 6150 15
24 6150 16
24 6150 17
24 6151 17
24 6151 20
24 6155 12
24 6157 0
24 6157 1
24 6157 2
24 6161 21
24 6163 11
24 6163 19
24 6163 21
24 6165 0
24 6165 1
24 6165 12
24 6165 13
24 6165 15
24 6165 16
24 6171 22
24 6172 0
24 6172 15
24 6172 21
24 6177 6
24 6177 19
24 6179 1
24 6179 6
24 6179 12
24 6179 19
24 6179 20
24 6179 21
24 6180 10
24 6180 18
24 6181 0
24 6182 15
24 6183 4
24 6183 6
24 6183 13
24 6183 14
24 6186 17
24 6186 21
24 6186 23
24 6187 1
24 6187 4
24 6188 15
24 6189 0
24 6189 1
24 6189 2
24 6189 17
24 6189 18
24 6190 0
24 6190 1
24 6190 2
24 6190 13
24 6190 14
24 6190 20
24 6192 1
24 6192 2
24 6192 4
24 6192 6
24 6192 16
24 6194 13
24 6194 17
24 6195 0
24 6195 3
24 6195 18
24 6196 2
24 6196 6
24 6196 8
24 6196 19
24 6200 11
24 6200 23
24 6207 0
24 6207 2
24 6211 16
24 6211 18
24 6213 17
24 6213 20
24 6218 16
24 6220 2
24 6220 19
24 6221 21
24 6222 23
24 6223 19
24 6223 23
24 6226 21
24 6227 11
24 6227 15
24 6227 18
24 6227 21
24 6229 14
24 6231 0
24 6231 2
24 6231 3
24 6231 17
24 6231 21
24 6231 23
24 6233 0
24 6233 2
24 6233 6
24 6235 22
24 6244 15
24 6244 16
24 6244 22
24 6245 23
24 6246 3
24 6246 6
24 6246 14
24 6246 21
24 6247 0
24 6247 2
24 6247 16
24 6247 17
24 6247 18
24 6247 19
24 6247 23
24 6248 6
24 6250 0
24 6250 2
24 6250 14
24 6251 18
24 6251 19
24 6251 21
24 6252 6
24 6253 15
24 6253 20
24 6253 21
24 6253 22
24 6253 23
24 6254 17
24 6254 22
24 6269 12
24 6271 1
24 6271 19
24 6271 20
24 6284 21
24 6290 0
24 6290 3
24 6291 11
24 6291 19
24 6295 15
24 6296 17
24 6296 23
24 6297 15
24 6298 11
24 6302 16
24 6302 19
24 6303 23
24 6307 0
24 6315 17
24 6324 18
24 6324 22
24 6324 23
24 6326 19
24 6326 22
24 6331 13
24 6331 16
24 6331 17
24 6331 21
24 6332 0
24 6332 12
24 6333 0
24 6333 2
24 6333 3
24 6333 4
24 6333 21
24 6333 23
24 6338 13
24 6338 23
24 6345 19
24 6345 23
24 6353 6
24 6357 17
24 6362 6
24 6363 6
24 6371 14
24 6371 21
24 6373 23
24 6375 15
24 6375 19
24 6379 21
24 6379 22
24 6379 23
24 6380 14
24 6381 6
24 6381 21
24 6382 6
24 6382 20
24 6383 15
24 6383 17
24 6383 18
24 6383 19
24 6383 20
24 6384 17
24 6384 19
24 6386 6
24 6386 18
24 6386 19
24 6387 0
24 6387 1
24 6387 2
24 6387 3
24 6387 10
24 6387 14
24 6387 18
24 6387 19
24 6387 21
24 6387 22
24 6388 17
24 6392 14
24 6392 15
24 6395 0
24 6395 1
24 6395 2
24 6395 3
24 6396 0
24 6396 2
24 6396 10
24 6396 11
24 6396 17
24 6397 9
24 6397 18
24 6397 19
24 6397 23
24 6398 10
24 6398 16
24 6398 22
24 6398 23
24 6401 17
24 6401 23
24 6402 0
24 6402 1
24 6402 2
24 6402 3
24 6402 17
24 6402 18
24 6402 23
24 6406 0
24 6406 4
24 6406 9
24 6406 12
24 6406 15
24 6406 17
24 6408 17
24 6408 19
24 6408 22
24 6408 23
24 6409 11
24 6409 17
24 6409 21
24 6409 22
24 6409 23
24 6410 0
24 6411 17
24 6411 22
24 6411 23
24 6412 0
24 6412 2
24 6412 16
24 6417 0
24 6417 1
24 6417 2
24 6417 3
24 6417 10
24 6417 16
24 6417 17
24 6417 19
24 6418 0
24 6418 1
24 6418 2
24 6418 3
24 6418 4
24 6418 15
24 6418 16
24 6419 15
24 6419 16
24 6422 22
24 6427 16
24 6427 21
24 6427 22
24 6428 14
24 6428 20
24 6428 23
24 6429 14
24 6429 15
24 6429 20
24 6429 22
24 6430 23
24 6434 15
24 6434 16
24 6434 22
24 6441 6
24 6441 15
24 6441 16
24 6441 17
24 6441 18
24 6441 19
24 6441 21
24 6441 22
24 6442 19
24 6454 12
24 6457 12
24 6457 19
24 6459 19
24 6466 9
24 6466 16
24 6466 17
24 6466 18
24 6466 20
24 6466 22
24 6468 4
24 6475 23
24 6480 0
24 6480 13
24 6480 15
24 6480 16
24 6480 17
24 6480 18
24 6480 20
24 6480 21
24 6480 23
24 6488 15
24 6488 21
24 6489 0
24 6491 0
24 6491 1
24 6491 2
24 6491 17
24 6491 18
24 6491 23
24 6494 16
24 6494 23
24 6496 18
24 6499 15
24 6500 19
24 6502 15
24 6503 10
24 6503 19
24 6506 18
24 6506 23
24 6514 13
24 6519 0
24 6519 20
24 6519 22
24 6520 0
24 6520 2
24 6520 19
24 6521 0
24 6521 3
24 6521 14
24 6521 15
24 6521 22
24 6523 2
24 6523 6
24 6523 12
24 6528 11
24 6528 15
24 6528 18
24 6528 21
24 6530 0
24 6530 1
24 6530 2
24 6530 3
24 6530 6
24 6530 10
24 6530 11
24 6532 20
24 6532 21
24 6533 0
24 6533 2
24 6533 6
24 6533 12
24 6533 16
24 6533 19
24 6533 23
24 6535 20
24 6535 23
24 6542 14
24 6545 23
24 6547 17
24 6547 18
24 6553 2
24 6553 19
24 6559 0
24 6559 1
24 6559 16
24 6559 17
24 6559 19
24 6559 20
24 6559 23
24 6560 1
24 6562 1
24 6562 12
24 6562 15
24 6564 0
24 6564 1
24 6564 2
24 6564 11
24 6564 21
24 6564 22
24 6565 22
24 6567 0
24 6567 1
24 6567 2
24 6568 0
24 6568 2
24 6568 11
24 6568 14
24 6568 15
24 6568 17
24 6569 1
24 6572 13
24 6572 15
24 6574 1
24 6574 9
24 6577 15
24 6581 19
24 6581 20
24 6587 0
24 6588 2
24 6588 11
24 6591 11
24 6596 21
24 6596 22
24 6596 23
24 6602 22
24 6602 23
24 6603 4
24 6607 0
24 6607 1
24 6607 2
24 6607 4
24 6607 6
24 6607 10
24 6607 12
24 6607 15
24 6607 16
24 6608 20
24 6610 9
24 6615 2
24 6615 14
24 6615 19
24 6615 22
24 6616 0
24 6616 2
24 6616 11
24 6616 15
24 6616 19
24 6616 21
24 6618 0
24 6618 1
24 6618 2
24 6618 18
24 6618 21
24 6619 15
24 6619 18
24 6619 21
24 6619 23
24 6621 0
24 6622 0
24 6623 0
24 6623 1
24 6623 2
24 6623 4
24 6623 12
24 6623 20
24 6624 0
24 6624 4
24 6624 6
24 6624 12
24 6626 4
24 6626 19
24 6626 23
24 6627 6
24 6629 6
24 6629 16
24 6629 20
24 6629 23
24 6631 12
24 6633 20
24 6636 0
24 6636 1
24 6636 21
24 6638 0
24 6638 1
24 6638 2
24 6638 9
24 6642 0
24 6642 2
24 6642 16
24 6644 0
24 6644 2
24 6645 0
24 6645 2
24 6645 16
24 6649 13
24 6649 16
24 6649 17
24 6649 18
24 6649 22
24 6649 23
24 6651 0
24 6651 1
24 6651 2
24 6651 17
24 6651 18
24 6651 21
24 6651 23
24 6653 1
24 6653 2
24 6653 3
24 6653 15
24 6662 1
24 6664 12
24 6666 2
24 6669 1
24 6669 2
24 6669 4
24 6669 10
24 6669 13
24 6669 14
24 6669 16
24 6669 17
24 6669 19
24 6669 23
24 6673 3
24 6673 18
24 6673 19
24 6673 21
24 6673 23
24 6676 0
24 6676 1
24 6676 2
24 6677 0
24 6677 1
24 6677 9
24 6677 16
24 6678 22
24 6681 16
24 6683 17
24 6684 1
24 6684 2
24 6688 0
24 6688 2
24 6688 6
24 6688 9
24 6688 16
24 6688 18
24 6688 19
24 6688 21
24 6689 1
24 6689 4
24 6689 9
24 6689 10
24 6689 16
24 6691 6
24 6694 16
24 6695 3
24 6696 1
24 6696 2
24 6696 10
24 6696 11
24 6696 13
24 6696 17
24 6697 14
24 6697 15
24 6697 17
24 6697 18
24 6699 10
24 6699 11
24 6699 13
24 6699 20
24 6699 22
24 6700 0
24 6700 4
24 6700 12
24 6700 14
24 6700 15
24 6700 17
24 6700 23
24 6701 0
24 6701 11
24 6701 12
24 6702 15
24 6702 18
24 6706 19
24 6706 23
24 6708 2
24 6709 2
24 6709 3
24 6709 13
24 6709 19
24 6710 0
24 6710 1
24 6710 2
24 6710 10
24 6710 14
24 6710 15
24 6710 17
24 6710 18
24 6710 19
24 6710 22
24 6713 16
24 6714 1
24 6714 3
24 6714 18
24 6714 19
24 6715 21
24 6719 0
24 6719 2
24 6719 6
24 6720 0
24 6720 1
24 6720 2
24 6720 15
24 6720 16
24 6720 17
24 6720 23
24 6722 0
24 6722 2
24 6722 12
24 6722 13
24 6723 0
24 6723 2
24 6723 10
24 6723 11
24 6723 15
24 6729 0
24 6729 1
24 6729 2
24 6738 13
24 6738 14
24 6738 17
24 6738 21
24 6739 23
24 6740 17
24 6744 2
24 6745 20
24 6747 14
24 6748 0
24 6748 10
24 6748 14
24 6752 0
24 6752 1
24 6752 2
24 6754 1
24 6765 0
24 6771 12
24 6771 13
24 6771 15
24 6771 21
24 6778 17
24 6778 20
24 6778 23
24 6782 2
24 6786 2
24 6794 18
24 6805 16
24 6805 17
24 6806 15
24 6810 0
24 6810 12
24 6810 21
24 6811 8
24 6811 9
24 6811 17
24 6811 23
24 6812 20
24 6812 21
24 6813 0
24 6813 2
24 6813 6
24 6813 13
24 6813 19
24 6813 20
24 6813 22
24 6813 23
24 6818 4
24 6821 0
24 6822 15
24 6823 2
24 6823 22
24 6823 23
24 6826 2
24 6826 4
24 6826 9
24 6826 10
24 6826 12
24 6826 13
24 6826 15
24 6826 16
24 6826 17
24 6826 19
24 6826 21
24 6826 23
24 6827 9
24 6827 10
24 6827 12
24 6828 0
24 6828 1
24 6828 2
24 6828 10
24 6828 14
24 6828 18
24 6828 19
24 6828 20
24 6829 15
24 6830 10
24 6830 22
24 6833 2
24 6837 1
24 6837 2
24 6837 4
24 6837 10
24 6838 0
24 6838 1
24 6838 2
24 6838 3
24 6838 6
24 6845 9
24 6845 15
24 6845 16
24 6845 17
24 6846 1
24 6852 13
24 6853 0
24 6853 1
24 6853 2
24 6853 17
24 6854 14
24 6854 15
24 6854 17
24 6854 23
24 6858 4
24 6858 11
24 6859 13
24 6861 13
24 6865 11
24 6865 15
24 6865 16
24 6866 14
24 6866 15
24 6866 16
24 6867 0
24 6867 1
24 6867 2
24 6867 3
24 6867 10
24 6867 14
24 6867 16
24 6867 17
24 6867 19
24 6867 20
24 6867 23
24 6868 8
24 6868 23
24 6869 0
24 6869 23
24 6870 13
24 6871 18
24 6871 23
24 6876 16
24 6876 17
24 6877 17
24 6877 23
24 6879 21
24 6879 22
24 6881 0
24 6881 2
24 6883 11
24 6883 13
24 6884 21
24 6885 1
24 6885 15
24 6886 16
24 6886 20
24 6888 0
24 6888 13
24 6888 19
24 6888 23
24 6889 0
24 6889 1
24 6889 4
24 6889 17
24 6889 23
24 6890 0
24 6890 1
24 6890 2
24 6890 16
24 6892 0
24 6892 1
24 6892 2
24 6892 4
24 6892 20
24 6892 21
24 6892 22
24 6892 23
24 6893 0
24 6893 2
24 6893 20
24 6893 22
24 6893 23
24 6896 2
24 6900 2
24 6905 0
24 6905 2
24 6906 6
24 6906 14
24 6908 0
24 6908 2
24 6909 13
24 6909 17
24 6909 22
24 6910 0
24 6911 14
24 6912 0
24 6913 0
24 6913 4
24 6913 10
24 6913 12
24 6913 13
24 6913 14
24 6913 15
24 6914 0
24 6914 4
24 6914 12
24 6914 13
24 6914 14
24 6914 21
24 6914 23
24 6915 0
24 6915 1
24 6915 23
24 6923 4
24 6923 13
24 6924 17
24 6924 20
24 6927 0
24 6927 1
24 6927 2
24 6927 10
24 6927 13
24 6927 18
24 6927 19
24 6927 20
24 6927 23
24 6928 16
24 6930 9
24 6933 0
24 6933 1
24 6933 2
24 6933 16
24 6933 19
24 6934 13
24 6934 16
24 6934 17
24 6934 22
24 6937 16
24 6939 1
24 6939 6
24 6939 15
24 6939 16
24 6939 17
24 6939 19
24 6941 22
24 6944 4
24 6944 12
24 6944 14
24 6944 17
24 6944 20
24 6944 22
24 6945 0
24 6945 2
24 6945 15
24 6945 23
24 6947 2
24 6947 4
24 6947 11
24 6947 14
24 6947 16
24 6947 17
24 6947 19
24 6947 20
24 6947 23
24 6950 0
24 6950 1
24 6950 2
24 6950 3
24 6950 6
24 6950 11
24 6950 12
24 6950 15
24 6950 16
24 6950 20
24 6950 21
24 6950 22
24 6950 23
24 6951 0
24 6951 1
24 6951 2
24 6951 3
24 6951 6
24 6951 11
24 6951 12
24 6951 14
24 6951 16
24 6951 17
24 6951 20
24 6951 22
24 6952 23
24 6958 23
24 6966 16
24 6966 17
24 6966 20
24 6971 19
24 6971 20
24 6971 21
24 6972 22
24 6972 23
24 6978 11
24 6978 18
24 6979 13
24 6980 18
24 6980 23
24 6987 23
24 6990 18
24 6990 23
24 6992 21
24 6998 23
24 7001 13
24 7001 20
24 7001 21
24 7001 22
24 7001 23
24 7016 16
24 7016 23
24 7019 0
24 7019 1
24 7019 2
24 7020 0
24 7020 1
24 7020 2
24 7020 19
24 7021 0
24 7021 2
24 7021 17
24 7021 20
24 7022 0
24 7022 2
24 7022 3
24 7022 20
24 7023 16
24 7023 17
24 7023 21
24 7024 12
24 7025 19
24 7026 21
24 7026 22
24 7031 23
24 7032 15
24 7032 16
24 7032 18
24 7032 19
24 7034 3
24 7034 10
24 7034 11
24 7034 19
24 7034 21
24 7034 22
24 7035 3
24 7035 8
24 7036 1
24 7036 6
24 7037 23
24 7039 12
24 7042 1
24 7042 3
24 7042 10
24 7042 15
24 7042 17
24 7044 11
24 7048 12
24 7049 9
24 7049 10
24 7049 14
24 7049 15
24 7051 2
24 7053 20
24 7059 10
24 7059 14
24 7060 11
24 7060 17
24 7060 22
24 7061 19
24 7061 22
24 7061 23
24 7066 15
24 7067 2
24 7067 11
24 7069 2
24 7072 17
24 7076 16
24 7076 19
24 7077 0
24 7077 1
24 7077 2
24 7077 20
24 7077 21
24 7077 22
24 7083 12
24 7083 19
24 7086 11
24 7086 21
24 7087 16
24 7094 6
24 7100 1
24 7100 2
24 7100 4
24 7100 13
24 7100 17
24 7100 19
24 7100 21
24 7100 23
24 7102 2
24 7102 20
24 7106 14
24 7118 9
24 7118 10
24 7118 15
24 7120 17
24 7120 21
24 7120 22
24 7133 9
24 7140 19
24 7144 0
24 7144 1
24 7144 2
24 7150 1
24 7150 2
24 7155 1
24 7155 7
24 7156 2
24 7156 9
24 7156 13
24 7156 20
24 7157 0
24 7157 12
24 7158 0
24 7158 3
24 7158 12
24 7158 13
24 7158 15
24 7158 16
24 7158 18
24 7158 23
24 7159 9
24 7159 10
24 7159 22
24 7159 23
24 7166 9
24 7166 10
24 7166 14
24 7170 0
24 7178 0
24 7181 20
24 7186 0
24 7186 1
24 7186 2
24 7186 23
24 7187 1
24 7187 17
24 7188 0
24 7188 1
24 7188 2
24 7188 19
24 7188 20
24 7189 0
24 7189 1
24 7190 19
24 7190 23
24 7198 2
24 7199 0
24 7199 1
24 7199 2
24 7199 3
24 7200 0
24 7200 1
24 7200 2
24 7200 3
24 7200 16
24 7200 17
24 7200 19
24 7200 20
24 7200 22
24 7200 23
24 7202 0
24 7202 1
24 7202 2
24 7202 9
24 7202 11
24 7202 12
24 7202 14
24 7202 15
24 7202 17
24 7202 18
24 7202 20
24 7202 22
