hit00 37 5,4,12,3,6,7,2;7,8,15,9,2;7,1,9,5,0;12,24,29,14,19,25,6,0;5,13,16,20,12,0;2,9,13,4,0;3,25,8,7,0;6,8,1,2,0;7,6,25,10,15,1;15,11,14,28,13,5,2,1;25,19,11,15,8;15,10,19,14,9;4,20,24,3,0;5,9,28,18,16,4;29,28,9,11,19,3;8,10,11,9,1;13,18,17,21,30,20,4;18,22,26,21,16;28,23,22,17,16,13;14,11,10,25,3;16,30,24,12,4;17,26,31,35,30,16;18,23,27,26,17;28,32,27,22,18;12,20,30,29,3;19,10,8,6,3;22,27,31,21,17;23,32,31,26,22;14,29,33,32,23,18,13,9;24,30,34,33,28,14,3;21,35,34,29,24,20,16;26,27,32,36,35,21;28,33,36,31,27,23;29,34,36,32,28;30,35,36,33,29;31,36,34,30,21;32,33,34,35,31
hit01 37 5,4,12,3,6,7,2;7,8,15,9,2;7,1,9,5,0;12,24,29,14,19,25,6,0;5,13,16,20,12,0;2,9,13,4,0;3,25,8,7,0;6,8,1,2,0;7,6,25,10,15,1;15,11,14,28,13,5,2,1;25,19,11,15,8;15,10,19,14,9;4,20,24,3,0;5,9,28,18,16,4;29,28,9,11,19,3;8,10,11,9,1;13,18,17,21,30,20,4;18,22,26,21,16;28,23,22,17,16,13;14,11,10,25,3;16,30,24,12,4;17,26,31,35,30,16;18,23,27,26,17;28,32,27,22,18;12,20,30,29,3;19,10,8,6,3;22,27,31,21,17;23,32,31,26,22;14,29,33,32,23,18,13,9;24,30,34,33,28,14,3;21,35,34,29,24,20,16;26,27,32,36,35,21;28,33,36,31,27,23;29,34,36,32,28;30,35,36,33,29;31,36,34,30,21;32,33,34,35,31
hit02 37 4,12,3,6,7,2;7,8,15,9,5,2;7,1,5,4,0;12,24,29,14,19,25,6,0;2,5,13,16,20,12,0;9,13,4,2,1;3,25,8,7,0;6,8,1,2,0;7,6,25,10,15,1;15,11,14,28,13,5,1;25,19,11,15,8;15,10,19,14,9;4,20,24,3,0;5,9,28,18,16,4;29,28,9,11,19,3;8,10,11,9,1;13,18,17,21,30,20,4;18,22,26,21,16;28,23,22,17,16,13;14,11,10,25,3;16,30,24,12,4;17,26,31,35,30,16;18,23,27,26,17;28,32,27,22,18;12,20,30,29,3;19,10,8,6,3;22,27,31,21,17;23,32,31,26,22;14,29,33,32,23,18,13,9;24,30,34,33,28,14,3;21,35,34,29,24,20,16;26,27,32,36,35,21;28,33,36,31,27,23;29,34,36,32,28;30,35,36,33,29;31,36,34,30,21;32,33,34,35,31
hit03 37 4,12,3,6,7,2;7,8,15,9,5,2;7,1,5,4,0;12,24,29,14,19,25,6,0;2,5,13,16,20,12,0;9,13,4,2,1;3,25,8,7,0;6,8,1,2,0;7,6,25,10,15,1;15,11,14,28,13,5,1;25,19,11,15,8;15,10,19,14,9;4,20,24,3,0;5,9,28,18,16,4;29,28,9,11,19,3;8,10,11,9,1;13,18,17,21,30,20,4;18,22,26,21,16;28,23,22,17,16,13;14,11,10,25,3;16,30,24,12,4;17,26,31,35,30,16;18,23,27,26,17;28,32,27,22,18;12,20,30,29,3;19,10,8,6,3;22,27,31,21,17;23,32,31,26,22;14,29,33,32,23,18,13,9;24,30,34,33,28,14,3;21,35,34,29,24,20,16;26,27,32,36,35,21;28,33,36,31,27,23;29,34,36,32,28;30,35,36,33,29;31,36,34,30,21;32,33,34,35,31
hit04 37 15,25,8,9,5;6,10,9,8,2;8,4,11,7,6,1;7,13,12,10,6;8,25,14,11,2;9,24,19,15,0;2,7,3,10,1;11,13,3,6,2;25,4,2,1,9,0;8,1,10,24,5,0;6,3,12,20,24,9,1;4,14,28,13,7,2;13,16,20,10,3;7,11,28,18,16,12,3;25,15,29,28,11,4;5,19,29,14,25,0;13,18,17,21,30,20,12;18,22,26,21,16;28,23,22,17,16,13;24,20,30,29,15,5;12,16,30,19,24,10;17,26,31,35,30,16;18,23,27,26,17;28,32,27,22,18;9,10,20,19,5;15,14,4,8,0;22,27,31,21,17;23,32,31,26,22;14,29,33,32,23,18,13,11;15,19,30,34,33,28,14;21,35,34,29,19,20,16;26,27,32,36,35,21;28,33,36,31,27,23;29,34,36,32,28;30,35,36,33,29;31,36,34,30,21;32,33,34,35,31
hit05 37 15,25,8,9,5;6,10,9,8,2;8,4,11,7,6,1;7,13,12,10,6;8,25,14,11,2;9,24,19,15,0;2,7,3,10,1;11,13,3,6,2;25,4,2,1,9,0;8,1,10,24,5,0;6,3,12,20,24,9,1;4,14,28,13,7,2;13,16,20,10,3;7,11,28,18,16,12,3;25,15,29,28,11,4;5,19,29,14,25,0;13,18,17,21,30,20,12;18,22,26,21,16;28,23,22,17,16,13;24,20,30,29,15,5;12,16,30,19,24,10;17,26,31,35,30,16;18,23,27,26,17;28,32,27,22,18;9,10,20,19,5;15,14,4,8,0;22,27,31,21,17;23,32,31,26,22;14,29,33,32,23,18,13,11;15,19,30,34,33,28,14;21,35,34,29,19,20,16;26,27,32,36,35,21;28,33,36,31,27,23;29,34,36,32,28;30,35,36,33,29;31,36,34,30,21;32,33,34,35,31
hit06 37 15,25,8,9,5;6,10,9,8,2;8,4,11,7,6,1;7,13,12,10,6;8,25,14,11,2;9,24,19,15,0;2,7,3,10,1;11,13,3,6,2;25,4,2,1,9,0;8,1,10,24,5,0;6,3,12,20,24,9,1;4,14,28,13,7,2;13,16,20,10,3;7,11,28,18,16,12,3;25,15,29,28,11,4;5,19,29,14,25,0;13,18,17,21,30,20,12;18,22,26,21,16;28,23,22,17,16,13;24,20,30,29,15,5;12,16,30,19,24,10;17,26,31,35,30,16;18,23,27,26,17;28,32,27,22,18;9,10,20,19,5;15,14,4,8,0;22,27,31,21,17;23,32,31,26,22;14,29,33,32,23,18,13,11;15,19,30,34,33,28,14;21,35,34,29,19,20,16;26,27,32,36,35,21;28,33,36,31,27,23;29,34,36,32,28;30,35,36,33,29;31,36,34,30,21;32,33,34,35,31
hit07 37 15,25,8,9,5;6,10,9,8,2;8,4,11,7,6,1;7,13,12,10,6;8,25,14,11,2;9,24,19,15,0;2,7,3,10,1;11,13,3,6,2;25,4,2,1,9,0;8,1,10,24,5,0;6,3,12,20,24,9,1;4,14,28,13,7,2;13,16,20,10,3;7,11,28,18,16,12,3;25,15,29,28,11,4;5,19,29,14,25,0;13,18,17,21,30,20,12;18,22,26,21,16;28,23,22,17,16,13;24,20,30,29,15,5;12,16,30,19,24,10;17,26,31,35,30,16;18,23,27,26,17;28,32,27,22,18;9,10,20,19,5;15,14,4,8,0;22,27,31,21,17;23,32,31,26,22;14,29,33,32,23,18,13,11;15,19,30,34,33,28,14;21,35,34,29,19,20,16;26,27,32,36,35,21;28,33,36,31,27,23;29,34,36,32,28;30,35,36,33,29;31,36,34,30,21;32,33,34,35,31
hit08 37 30,34,29,20,12;9,13,8,5,11,2;11,15,6,9,1;10,25,19,15,7;19,24,14,9,6;8,12,10,7,11,1;15,19,4,9,2;15,11,5,10,3;13,16,12,5,1;2,6,4,14,13,1;7,5,12,25,3;5,7,15,2,1;20,25,10,5,8,16,30,0;9,14,28,18,16,8,1;24,28,13,9,4;11,7,3,19,6,2;13,18,17,21,30,12,8;18,22,26,21,16;28,23,22,17,16,13;25,24,4,6,15,3;29,24,25,12,0;17,26,31,35,30,16;18,23,27,26,17;28,32,27,22,18;19,25,20,29,28,14,4;10,12,20,24,19,3;22,27,31,21,17;23,32,31,26,22;14,24,29,33,32,23,18,13;34,33,28,24,20,0;12,16,21,35,34,0;26,27,32,36,35,21;28,33,36,31,27,23;29,34,36,32,28;30,35,36,33,29,0;31,36,34,30,21;32,33,34,35,31
hit09 37 30,34,29,20,12;9,13,8,5,11,2;11,15,6,9,1;10,25,19,15,7;19,24,14,9,6;8,12,10,7,11,1;15,19,4,9,2;15,11,5,10,3;13,16,12,5,1;2,6,4,14,13,1;7,5,12,25,3;5,7,15,2,1;20,25,10,5,8,16,30,0;9,14,28,18,16,8,1;24,28,13,9,4;11,7,3,19,6,2;13,18,17,21,30,12,8;18,22,26,21,16;28,23,22,17,16,13;25,24,4,6,15,3;29,24,25,12,0;17,26,31,35,30,16;18,23,27,26,17;28,32,27,22,18;19,25,20,29,28,14,4;10,12,20,24,19,3;22,27,31,21,17;23,32,31,26,22;14,24,29,33,32,23,18,13;34,33,28,24,20,0;12,16,21,35,34,0;26,27,32,36,35,21;28,33,36,31,27,23;29,34,36,32,28;30,35,36,33,29,0;31,36,34,30,21;32,33,34,35,31
hit10 37 30,34,29,20,12;9,13,8,5,11,2;11,15,6,9,1;10,25,19,15,7;19,24,14,9,6;8,12,10,7,11,1;15,19,4,9,2;15,11,5,10,3;13,16,12,5,1;2,6,4,14,13,1;7,5,12,25,3;5,7,15,2,1;20,25,10,5,8,16,30,0;9,14,28,18,16,8,1;24,28,13,9,4;11,7,3,19,6,2;13,18,17,21,30,12,8;18,22,26,21,16;28,23,22,17,16,13;25,24,4,6,15,3;29,24,25,12,0;17,26,31,35,30,16;18,23,27,26,17;28,32,27,22,18;19,25,20,29,28,14,4;10,12,20,24,19,3;22,27,31,21,17;23,32,31,26,22;14,24,29,33,32,23,18,13;34,33,28,24,20,0;12,16,21,35,34,0;26,27,32,36,35,21;28,33,36,31,27,23;29,34,36,32,28;30,35,36,33,29,0;31,36,34,30,21;32,33,34,35,31
hit11 37 30,34,29,20,12;9,13,8,5,11,2;11,15,6,9,1;10,25,19,15,7;19,24,14,9,6;8,12,10,7,11,1;15,19,4,9,2;15,11,5,10,3;13,16,12,5,1;2,6,4,14,13,1;7,5,12,25,3;5,7,15,2,1;20,25,10,5,8,16,30,0;9,14,28,18,16,8,1;24,28,13,9,4;11,7,3,19,6,2;13,18,17,21,30,12,8;18,22,26,21,16;28,23,22,17,16,13;25,24,4,6,15,3;29,24,25,12,0;17,26,31,35,30,16;18,23,27,26,17;28,32,27,22,18;19,25,20,29,28,14,4;10,12,20,24,19,3;22,27,31,21,17;23,32,31,26,22;14,24,29,33,32,23,18,13;34,33,28,24,20,0;12,16,21,35,34,0;26,27,32,36,35,21;28,33,36,31,27,23;29,34,36,32,28;30,35,36,33,29,0;31,36,34,30,21;32,33,34,35,31
hit12 37 30,34,29,20,12;9,13,8,5,11,2;11,15,6,9,1;10,25,19,15,7;19,24,14,9,6;8,12,10,7,11,1;15,19,4,9,2;15,11,5,10,3;13,16,12,5,1;2,6,4,14,13,1;7,5,12,25,3;5,7,15,2,1;20,25,10,5,8,16,30,0;9,14,28,18,16,8,1;24,28,13,9,4;11,7,3,19,6,2;13,18,17,21,30,12,8;18,22,26,21,16;28,23,22,17,16,13;25,24,4,6,15,3;29,24,25,12,0;17,26,31,35,30,16;18,23,27,26,17;28,32,27,22,18;19,25,20,29,28,14,4;10,12,20,24,19,3;22,27,31,21,17;23,32,31,26,22;14,24,29,33,32,23,18,13;34,33,28,24,20,0;12,16,21,35,34,0;26,27,32,36,35,21;28,33,36,31,27,23;29,34,36,32,28;30,35,36,33,29,0;31,36,34,30,21;32,33,34,35,31
hit13 37 12,4,11,7,3,2;14,9,10,8,5;3,19,15,12,0;7,24,20,19,2,0;12,6,25,11,0;8,16,25,14,1;12,9,14,25,4;11,30,29,24,3,0;10,15,16,5,1;14,6,12,10,1;9,12,15,8,1;4,25,30,7,0;2,15,10,9,6,4,0;19,20,28,18,16,15;5,25,6,9,1;19,13,16,8,10,12,2;8,15,13,18,17,21,25,5;18,22,26,21,16;28,23,22,17,16,13;3,20,13,15,2;24,28,13,19,3;17,26,31,35,30,25,16;18,23,27,26,17;28,32,27,22,18;7,29,28,20,3;6,14,5,16,21,30,11,4;22,27,31,21,17;23,32,31,26,22;20,24,29,33,32,23,18,13;30,34,33,28,24,7;11,25,21,35,34,29,7;26,27,32,36,35,21;28,33,36,31,27,23;29,34,36,32,28;30,35,36,33,29;31,36,34,30,21;32,33,34,35,31
hit14 37 12,4,11,7,3,2;14,9,10,8,5;3,19,15,12,0;7,24,20,19,2,0;12,6,25,11,0;8,16,25,14,1;12,9,14,25,4;11,30,29,24,3,0;10,15,16,5,1;14,6,12,10,1;9,12,15,8,1;4,25,30,7,0;2,15,10,9,6,4,0;19,20,28,18,16,15;5,25,6,9,1;19,13,16,8,10,12,2;8,15,13,18,17,21,25,5;18,22,26,21,16;28,23,22,17,16,13;3,20,13,15,2;24,28,13,19,3;17,26,31,35,30,25,16;18,23,27,26,17;28,32,27,22,18;7,29,28,20,3;6,14,5,16,21,30,11,4;22,27,31,21,17;23,32,31,26,22;20,24,29,33,32,23,18,13;30,34,33,28,24,7;11,25,21,35,34,29,7;26,27,32,36,35,21;28,33,36,31,27,23;29,34,36,32,28;30,35,36,33,29;31,36,34,30,21;32,33,34,35,31
hit15 37 12,4,11,7,3,2;14,9,10,8,5;3,19,15,12,0;7,24,20,19,2,0;12,6,25,11,0;8,16,25,14,1;12,9,14,25,4;11,30,29,24,3,0;10,15,16,5,1;14,6,12,10,1;9,12,15,8,1;4,25,30,7,0;2,15,10,9,6,4,0;19,20,28,18,16,15;5,25,6,9,1;19,13,16,8,10,12,2;8,15,13,18,17,21,25,5;18,22,26,21,16;28,23,22,17,16,13;3,20,13,15,2;24,28,13,19,3;17,26,31,35,30,25,16;18,23,27,26,17;28,32,27,22,18;7,29,28,20,3;6,14,5,16,21,30,11,4;22,27,31,21,17;23,32,31,26,22;20,24,29,33,32,23,18,13;30,34,33,28,24,7;11,25,21,35,34,29,7;26,27,32,36,35,21;28,33,36,31,27,23;29,34,36,32,28;30,35,36,33,29;31,36,34,30,21;32,33,34,35,31
hit16 37 12,4,11,7,3,2;14,9,10,8,5;3,19,15,12,0;7,24,20,19,2,0;12,6,25,11,0;8,16,25,14,1;12,9,14,25,4;11,30,29,24,3,0;10,15,16,5,1;14,6,12,10,1;9,12,15,8,1;4,25,30,7,0;2,15,10,9,6,4,0;19,20,28,18,16,15;5,25,6,9,1;19,13,16,8,10,12,2;8,15,13,18,17,21,25,5;18,22,26,21,16;28,23,22,17,16,13;3,20,13,15,2;24,28,13,19,3;17,26,31,35,30,25,16;18,23,27,26,17;28,32,27,22,18;7,29,28,20,3;6,14,5,16,21,30,11,4;22,27,31,21,17;23,32,31,26,22;20,24,29,33,32,23,18,13;30,34,33,28,24,7;11,25,21,35,34,29,7;26,27,32,36,35,21;28,33,36,31,27,23;29,34,36,32,28;30,35,36,33,29;31,36,34,30,21;32,33,34,35,31
hit17 37 20,24,19,25,10;9,11,5,7,2;7,3,6,4,9,1;7,25,19,6,2;6,15,14,9,2;11,13,16,8,7,1;3,19,15,4,2;5,8,25,3,2,1;16,30,12,10,25,7,5;2,4,14,11,1;25,8,12,20,0;9,14,13,5,1;30,29,20,10,8;11,14,28,18,16,5;15,24,28,13,11,9,4;6,19,24,14,4;13,18,17,21,30,8,5;18,22,26,21,16;28,23,22,17,16,13;24,15,6,3,25,0;10,12,29,24,0;17,26,31,35,30,16;18,23,27,26,17;28,32,27,22,18;20,29,28,14,15,19,0;19,3,7,8,10,0;22,27,31,21,17;23,32,31,26,22;14,24,29,33,32,23,18,13;30,34,33,28,24,20,12;16,21,35,34,29,12,8;26,27,32,36,35,21;28,33,36,31,27,23;29,34,36,32,28;30,35,36,33,29;31,36,34,30,21;32,33,34,35,31
hit18 37 20,24,19,25,10;9,11,5,7,2;7,3,6,4,9,1;7,25,19,6,2;6,15,14,9,2;11,13,16,8,7,1;3,19,15,4,2;5,8,25,3,2,1;16,30,12,10,25,7,5;2,4,14,11,1;25,8,12,20,0;9,14,13,5,1;30,29,20,10,8;11,14,28,18,16,5;15,24,28,13,11,9,4;6,19,24,14,4;13,18,17,21,30,8,5;18,22,26,21,16;28,23,22,17,16,13;24,15,6,3,25,0;10,12,29,24,0;17,26,31,35,30,16;18,23,27,26,17;28,32,27,22,18;20,29,28,14,15,19,0;19,3,7,8,10,0;22,27,31,21,17;23,32,31,26,22;14,24,29,33,32,23,18,13;30,34,33,28,24,20,12;16,21,35,34,29,12,8;26,27,32,36,35,21;28,33,36,31,27,23;29,34,36,32,28;30,35,36,33,29;31,36,34,30,21;32,33,34,35,31
hit19 37 13,12,15,7,8,4;10,25,17,14,12,13,5;8,7,6,9,3;9,10,5,4,8,2;8,3,5,13,0;13,4,3,10,1;7,15,16,20,11,9,2;15,6,2,8,0;7,2,3,4,0;6,11,19,25,10,3,2;5,3,9,25,1;20,24,19,9,6;13,1,14,16,15,0;4,5,1,12,0;17,21,16,12,1;12,16,6,7,0;15,12,14,21,20,6;25,18,22,26,21,14,1;25,19,24,28,23,22,17;11,24,18,25,9;16,21,30,24,11,6;17,26,31,35,30,20,16,14;18,23,27,26,17;28,32,27,22,18;20,30,29,28,18,19,11;10,9,19,18,17,1;22,27,31,21,17;23,32,31,26,22;24,29,33,32,23,18;30,34,33,28,24;21,35,34,29,24,20;26,27,32,36,35,21;28,33,36,31,27,23;29,34,36,32,28;30,35,36,33,29;31,36,34,30,21;32,33,34,35,31
hit20 37 13,12,15,7,4;10,25,17,14,12,13,5;8,7,6,9,3;9,10,5,8,2;7,8,5,13,0;13,4,8,3,10,1;7,15,16,20,11,9,2;15,6,2,8,4,0;3,5,4,7,2;6,11,19,25,10,3,2;5,3,9,25,1;20,24,19,9,6;13,1,14,16,15,0;4,5,1,12,0;17,21,16,12,1;12,16,6,7,0;15,12,14,21,20,6;25,18,22,26,21,14,1;25,19,24,28,23,22,17;11,24,18,25,9;16,21,30,24,11,6;17,26,31,35,30,20,16,14;18,23,27,26,17;28,32,27,22,18;20,30,29,28,18,19,11;10,9,19,18,17,1;22,27,31,21,17;23,32,31,26,22;24,29,33,32,23,18;30,34,33,28,24;21,35,34,29,24,20;26,27,32,36,35,21;28,33,36,31,27,23;29,34,36,32,28;30,35,36,33,29;31,36,34,30,21;32,33,34,35,31
hit21 37 13,12,15,7,4;10,25,17,14,12,13,5;8,7,6,9,3;9,10,5,8,2;7,8,5,13,0;13,4,8,3,10,1;7,15,16,20,11,9,2;15,6,2,8,4,0;3,5,4,7,2;6,11,19,25,10,3,2;5,3,9,25,1;20,24,19,9,6;13,1,14,16,15,0;4,5,1,12,0;17,21,16,12,1;12,16,6,7,0;15,12,14,21,20,6;25,18,22,26,21,14,1;25,19,24,28,23,22,17;11,24,18,25,9;16,21,30,24,11,6;17,26,31,35,30,20,16,14;18,23,27,26,17;28,32,27,22,18;20,30,29,28,18,19,11;10,9,19,18,17,1;22,27,31,21,17;23,32,31,26,22;24,29,33,32,23,18;30,34,33,28,24;21,35,34,29,24,20;26,27,32,36,35,21;28,33,36,31,27,23;29,34,36,32,28;30,35,36,33,29;31,36,34,30,21;32,33,34,35,31
hit22 37 13,12,15,7,4;10,25,17,14,12,13,5;8,7,6,9,3;9,10,5,8,2;7,8,5,13,0;13,4,8,3,10,1;7,15,16,20,11,9,2;15,6,2,8,4,0;3,5,4,7,2;6,11,19,25,10,3,2;5,3,9,25,1;20,24,19,9,6;13,1,14,16,15,0;4,5,1,12,0;17,21,16,12,1;12,16,6,7,0;15,12,14,21,20,6;25,18,22,26,21,14,1;25,19,24,28,23,22,17;11,24,18,25,9;16,21,30,24,11,6;17,26,31,35,30,20,16,14;18,23,27,26,17;28,32,27,22,18;20,30,29,28,18,19,11;10,9,19,18,17,1;22,27,31,21,17;23,32,31,26,22;24,29,33,32,23,18;30,34,33,28,24;21,35,34,29,24,20;26,27,32,36,35,21;28,33,36,31,27,23;29,34,36,32,28;30,35,36,33,29;31,36,34,30,21;32,33,34,35,31
hit23 37 6,2,8,7,1;7,19,3,6,0;6,9,15,8,0;19,10,20,9,6,1;15,24,18,16,13;13,16,17,25,12,11;1,3,9,2,0;8,14,19,1,0;2,15,11,12,14,7,0;6,3,20,15,2;19,14,12,25,21,20,3;12,8,15,13,5;25,10,14,8,11,5;16,5,11,15,4;8,12,10,19,7;9,20,24,4,13,11,8,2;18,17,5,13,4;16,18,22,26,21,25,5;24,28,23,22,17,16,4;7,14,10,3,1;10,21,30,24,15,9,3;25,17,26,31,35,30,20,10;18,23,27,26,17;28,32,27,22,18;15,20,30,29,28,18,4;17,21,10,12,5;22,27,31,21,17;23,32,31,26,22;24,29,33,32,23,18;30,34,33,28,24;21,35,34,29,24,20;26,27,32,36,35,21;28,33,36,31,27,23;29,34,36,32,28;30,35,36,33,29;31,36,34,30,21;32,33,34,35,31
hit24 37 6,2,8,7,1;7,19,3,6,0;6,9,15,8,0;19,10,20,9,6,1;15,24,18,16,13;13,16,17,25,12,11;1,3,9,2,0;8,14,19,1,0;2,15,11,12,14,7,0;6,3,20,15,2;19,14,12,25,21,20,3;12,8,15,13,5;25,10,14,8,11,5;16,5,11,15,4;8,12,10,19,7;9,20,24,4,13,11,8,2;18,17,5,13,4;16,18,22,26,21,25,5;24,28,23,22,17,16,4;7,14,10,3,1;10,21,30,24,15,9,3;25,17,26,31,35,30,20,10;18,23,27,26,17;28,32,27,22,18;15,20,30,29,28,18,4;17,21,10,12,5;22,27,31,21,17;23,32,31,26,22;24,29,33,32,23,18;30,34,33,28,24;21,35,34,29,24,20;26,27,32,36,35,21;28,33,36,31,27,23;29,34,36,32,28;30,35,36,33,29;31,36,34,30,21;32,33,34,35,31
hit25 37 6,2,8,7,1;7,19,3,6,0;6,9,15,8,0;19,10,20,9,6,1;15,24,18,16,13;13,16,17,25,12,11;1,3,9,2,0;8,14,19,1,0;2,15,11,12,14,7,0;6,3,20,15,2;19,14,12,25,21,20,3;12,8,15,13,5;25,10,14,8,11,5;16,5,11,15,4;8,12,10,19,7;9,20,24,4,13,11,8,2;18,17,5,13,4;16,18,22,26,21,25,5;24,28,23,22,17,16,4;7,14,10,3,1;10,21,30,24,15,9,3;25,17,26,31,35,30,20,10;18,23,27,26,17;28,32,27,22,18;15,20,30,29,28,18,4;17,21,10,12,5;22,27,31,21,17;23,32,31,26,22;24,29,33,32,23,18;30,34,33,28,24;21,35,34,29,24,20;26,27,32,36,35,21;28,33,36,31,27,23;29,34,36,32,28;30,35,36,33,29;31,36,34,30,21;32,33,34,35,31
hit26 37 6,2,8,7,1;7,19,3,6,0;6,9,15,8,0;19,10,20,9,6,1;15,24,18,16,13;13,16,17,25,12,11;1,3,9,2,0;8,14,19,1,0;2,15,11,12,14,7,0;6,3,20,15,2;19,14,12,25,21,20,3;12,8,15,13,5;25,10,14,8,11,5;16,5,11,15,4;8,12,10,19,7;9,20,24,4,13,11,8,2;18,17,5,13,4;16,18,22,26,21,25,5;24,28,23,22,17,16,4;7,14,10,3,1;10,21,30,24,15,9,3;25,17,26,31,35,30,20,10;18,23,27,26,17;28,32,27,22,18;15,20,30,29,28,18,4;17,21,10,12,5;22,27,31,21,17;23,32,31,26,22;24,29,33,32,23,18;30,34,33,28,24;21,35,34,29,24,20;26,27,32,36,35,21;28,33,36,31,27,23;29,34,36,32,28;30,35,36,33,29;31,36,34,30,21;32,33,34,35,31
hit27 37 3,11,14,13,2,1;2,7,5,9,3,0;13,8,7,1,0;1,9,6,11,0;10,20,14,11,6;7,12,19,15,9,1;9,25,10,4,11,3;2,8,12,5,1;13,18,17,12,7,2;5,15,25,6,3,1;6,25,16,20,4;3,6,4,14,0;7,8,17,21,19,5;14,24,18,8,2,0;11,4,20,24,13,0;19,16,25,9,5;25,15,19,20,10;18,22,26,21,12,8;13,24,28,23,22,17,8;12,21,20,16,15,5;10,16,19,21,30,24,14,4;17,26,31,35,30,20,19,12;18,23,27,26,17;28,32,27,22,18;14,20,30,29,28,18,13;9,15,16,10,6;22,27,31,21,17;23,32,31,26,22;24,29,33,32,23,18;30,34,33,28,24;21,35,34,29,24,20;26,27,32,36,35,21;28,33,36,31,27,23;29,34,36,32,28;30,35,36,33,29;31,36,34,30,21;32,33,34,35,31
hit28 37 3,11,14,13,2,1;2,7,5,9,3,0;13,8,7,1,0;1,9,6,11,0;10,20,14,11,6;7,12,19,15,9,1;9,25,10,4,11,3;2,8,12,5,1;13,18,17,12,7,2;5,15,25,6,3,1;6,25,16,20,4;3,6,4,14,0;7,8,17,21,19,5;14,24,18,8,2,0;11,4,20,24,13,0;19,16,25,9,5;25,15,19,20,10;18,22,26,21,12,8;13,24,28,23,22,17,8;12,21,20,16,15,5;10,16,19,21,30,24,14,4;17,26,31,35,30,20,19,12;18,23,27,26,17;28,32,27,22,18;14,20,30,29,28,18,13;9,15,16,10,6;22,27,31,21,17;23,32,31,26,22;24,29,33,32,23,18;30,34,33,28,24;21,35,34,29,24,20;26,27,32,36,35,21;28,33,36,31,27,23;29,34,36,32,28;30,35,36,33,29;31,36,34,30,21;32,33,34,35,31
hit29 37 3,11,14,13,2,1;2,7,5,9,3,0;13,8,7,1,0;1,9,6,11,0;10,20,14,11,6;7,12,19,15,9,1;9,25,10,4,11,3;2,8,12,5,1;13,18,17,12,7,2;5,15,25,6,3,1;6,25,16,20,4;3,6,4,14,0;7,8,17,21,19,5;14,24,18,8,2,0;11,4,20,24,13,0;19,16,25,9,5;25,15,19,20,10;18,22,26,21,12,8;13,24,28,23,22,17,8;12,21,20,16,15,5;10,16,19,21,30,24,14,4;17,26,31,35,30,20,19,12;18,23,27,26,17;28,32,27,22,18;14,20,30,29,28,18,13;9,15,16,10,6;22,27,31,21,17;23,32,31,26,22;24,29,33,32,23,18;30,34,33,28,24;21,35,34,29,24,20;26,27,32,36,35,21;28,33,36,31,27,23;29,34,36,32,28;30,35,36,33,29;31,36,34,30,21;32,33,34,35,31
hit30 37 11,29,4,14,3;5,7,25,8,2;8,15,14,19,16,5,1;14,12,9,10,11,0;29,28,13,19,14,0;2,16,20,7,1;25,9,12,15,8;5,20,24,10,9,25,1;25,6,15,2,1;12,6,25,7,10,3;9,7,24,11,3;3,10,24,30,29,0;14,15,6,9,3;28,18,16,19,4;4,19,2,15,12,3,0;8,6,12,14,2;19,13,18,17,21,20,5,2;18,22,26,21,16;28,23,22,17,16,13;14,4,13,16,2;16,21,30,24,7,5;17,26,31,35,30,20,16;18,23,27,26,17;28,32,27,22,18;20,30,11,10,7;7,9,6,8,1;22,27,31,21,17;23,32,31,26,22;29,33,32,23,18,13,4;11,30,34,33,28,4,0;24,20,21,35,34,29,11;26,27,32,36,35,21;28,33,36,31,27,23;29,34,36,32,28;30,35,36,33,29;31,36,34,30,21;32,33,34,35,31
hit31 37 11,29,4,14,3;5,7,25,8,2;8,15,14,19,16,5,1;14,12,9,10,11,0;29,28,13,19,14,0;2,16,20,7,1;25,9,12,15,8;5,20,24,10,9,25,1;25,6,15,2,1;12,6,25,7,10,3;9,7,24,11,3;3,10,24,30,29,0;14,15,6,9,3;28,18,16,19,4;4,19,2,15,12,3,0;8,6,12,14,2;19,13,18,17,21,20,5,2;18,22,26,21,16;28,23,22,17,16,13;14,4,13,16,2;16,21,30,24,7,5;17,26,31,35,30,20,16;18,23,27,26,17;28,32,27,22,18;20,30,11,10,7;7,9,6,8,1;22,27,31,21,17;23,32,31,26,22;29,33,32,23,18,13,4;11,30,34,33,28,4,0;24,20,21,35,34,29,11;26,27,32,36,35,21;28,33,36,31,27,23;29,34,36,32,28;30,35,36,33,29;31,36,34,30,21;32,33,34,35,31
hit32 37 3,4,11,20,5,1;5,7,2,3,0;7,10,8,3,1;1,2,8,4,0;3,8,9,11,0;20,25,7,1,0;19,14,12,15,10;5,25,29,24,19,10,2,1;10,9,4,3,2;8,10,15,11,4;7,19,6,15,9,8,2;4,9,15,12,20,0;14,13,20,11,15,6;14,28,18,16,20,12;19,24,28,13,12,6;12,11,9,10,6;18,17,21,20,13;18,22,26,21,16;28,23,22,17,16,13;10,7,24,14,6;11,12,13,16,21,25,5,0;17,26,31,35,30,25,20,16;18,23,27,26,17;28,32,27,22,18;29,28,14,19,7;20,21,30,29,7,5;22,27,31,21,17;23,32,31,26,22;14,24,29,33,32,23,18,13;25,30,34,33,28,24,7;35,34,29,25,21;26,27,32,36,35,21;28,33,36,31,27,23;29,34,36,32,28;30,35,36,33,29;31,36,34,30,21;32,33,34,35,31
hit33 37 3,4,11,20,5,1;5,7,2,3,0;7,10,8,3,1;1,2,8,4,0;3,8,9,11,0;20,25,7,1,0;19,14,12,15,10;5,25,29,24,19,10,2,1;10,9,4,3,2;8,10,15,11,4;7,19,6,15,9,8,2;4,9,15,12,20,0;14,13,20,11,15,6;14,28,18,16,20,12;19,24,28,13,12,6;12,11,9,10,6;18,17,21,20,13;18,22,26,21,16;28,23,22,17,16,13;10,7,24,14,6;11,12,13,16,21,25,5,0;17,26,31,35,30,25,20,16;18,23,27,26,17;28,32,27,22,18;29,28,14,19,7;20,21,30,29,7,5;22,27,31,21,17;23,32,31,26,22;14,24,29,33,32,23,18,13;25,30,34,33,28,24,7;35,34,29,25,21;26,27,32,36,35,21;28,33,36,31,27,23;29,34,36,32,28;30,35,36,33,29;31,36,34,30,21;32,33,34,35,31
hit34 37 3,4,11,20,5,1;5,7,2,3,0;7,10,8,3,1;1,2,8,4,0;3,8,9,11,0;20,25,7,1,0;19,14,12,15,10;5,25,29,24,19,10,2,1;10,9,4,3,2;8,10,15,11,4;7,19,6,15,9,8,2;4,9,15,12,20,0;14,13,20,11,15,6;14,28,18,16,20,12;19,24,28,13,12,6;12,11,9,10,6;18,17,21,20,13;18,22,26,21,16;28,23,22,17,16,13;10,7,24,14,6;11,12,13,16,21,25,5,0;17,26,31,35,30,25,20,16;18,23,27,26,17;28,32,27,22,18;29,28,14,19,7;20,21,30,29,7,5;22,27,31,21,17;23,32,31,26,22;14,24,29,33,32,23,18,13;25,30,34,33,28,24,7;35,34,29,25,21;26,27,32,36,35,21;28,33,36,31,27,23;29,34,36,32,28;30,35,36,33,29;31,36,34,30,21;32,33,34,35,31
hit35 37 3,4,11,20,5,1;5,7,2,3,0;7,10,8,3,1;1,2,8,4,0;3,8,9,11,0;20,25,7,1,0;19,14,12,15,10;5,25,29,24,19,10,2,1;10,9,4,3,2;8,10,15,11,4;7,19,6,15,9,8,2;4,9,15,12,20,0;14,13,20,11,15,6;14,28,18,16,20,12;19,24,28,13,12,6;12,11,9,10,6;18,17,21,20,13;18,22,26,21,16;28,23,22,17,16,13;10,7,24,14,6;11,12,13,16,21,25,5,0;17,26,31,35,30,25,20,16;18,23,27,26,17;28,32,27,22,18;29,28,14,19,7;20,21,30,29,7,5;22,27,31,21,17;23,32,31,26,22;14,24,29,33,32,23,18,13;25,30,34,33,28,24,7;35,34,29,25,21;26,27,32,36,35,21;28,33,36,31,27,23;29,34,36,32,28;30,35,36,33,29;31,36,34,30,21;32,33,34,35,31
hit36 37 3,4,11,20,5,1;5,7,2,3,0;7,10,8,3,1;1,2,8,4,0;3,8,9,11,0;20,25,7,1,0;19,14,12,15,10;5,25,29,24,19,10,2,1;10,9,4,3,2;8,10,15,11,4;7,19,6,15,9,8,2;4,9,15,12,20,0;14,13,20,11,15,6;14,28,18,16,20,12;19,24,28,13,12,6;12,11,9,10,6;18,17,21,20,13;18,22,26,21,16;28,23,22,17,16,13;10,7,24,14,6;11,12,13,16,21,25,5,0;17,26,31,35,30,25,20,16;18,23,27,26,17;28,32,27,22,18;29,28,14,19,7;20,21,30,29,7,5;22,27,31,21,17;23,32,31,26,22;14,24,29,33,32,23,18,13;25,30,34,33,28,24,7;35,34,29,25,21;26,27,32,36,35,21;28,33,36,31,27,23;29,34,36,32,28;30,35,36,33,29;31,36,34,30,21;32,33,34,35,31
hit37 37 15,12,7,19,16,6;20,25,12,10,9;9,10,8,14,4;14,6,16,5,20,4;14,3,20,9,2;16,21,11,20,3;16,3,14,8,15,0;12,25,24,19,0;10,15,6,14,2;10,2,4,20,1;12,15,8,2,9,1;21,30,25,20,5;15,10,1,25,7,0;19,28,18,17,16;8,6,3,4,2;6,8,10,12,0;19,13,17,21,5,3,6,0;18,22,26,21,16,13;28,23,22,17,13;7,24,28,13,16,0;9,4,3,5,11,25,1;16,17,26,31,35,30,11,5;18,23,27,26,17;28,32,27,22,18;25,30,29,28,19,7;20,11,30,24,7,12,1;22,27,31,21,17;23,32,31,26,22;19,24,29,33,32,23,18,13;30,34,33,28,24;21,35,34,29,24,25,11;26,27,32,36,35,21;28,33,36,31,27,23;29,34,36,32,28;30,35,36,33,29;31,36,34,30,21;32,33,34,35,31
hit38 37 6,15,12,7,19,16,3;20,25,12,10,9;9,10,8,14,4;16,5,20,4,14,6,0;14,3,20,9,2;16,21,11,20,3;3,14,8,15,0;12,25,24,19,0;10,15,6,14,2;10,2,4,20,1;12,15,8,2,9,1;21,30,24,25,20,5;15,10,1,25,7,0;19,28,18,17,16;8,6,3,4,2;6,8,10,12,0;19,13,17,21,5,3,0;18,22,26,21,16,13;28,23,22,17,13;7,24,28,13,16,0;9,4,3,5,11,25,1;16,17,26,31,35,30,11,5;18,23,27,26,17;28,32,27,22,18;25,11,30,29,28,19,7;20,11,24,7,12,1;22,27,31,21,17;23,32,31,26,22;19,24,29,33,32,23,18,13;30,34,33,28,24;21,35,34,29,24,11;26,27,32,36,35,21;28,33,36,31,27,23;29,34,36,32,28;30,35,36,33,29;31,36,34,30,21;32,33,34,35,31
hit39 37 15,12,19,16,6;20,25,12,10,9;20,9,8,14,3;14,4,5,11,20,2;14,15,6,5,3;4,6,16,21,11,3;16,5,4,15,0;25,30,24,19,12;9,10,15,14,2;10,8,2,20,1;12,15,8,9,1;5,21,30,25,20,3;15,10,1,25,7,19,0;19,28,18,17,16;8,15,4,3,2;6,4,14,8,10,12,0;19,13,17,21,5,6,0;18,22,26,21,16,13;28,23,22,17,13;12,7,24,28,13,16,0;9,2,3,11,25,1;16,17,26,31,35,30,11,5;18,23,27,26,17;28,32,27,22,18;30,29,28,19,7;20,11,30,7,12,1;22,27,31,21,17;23,32,31,26,22;19,24,29,33,32,23,18,13;30,34,33,28,24;25,11,21,35,34,29,24,7;26,27,32,36,35,21;28,33,36,31,27,23;29,34,36,32,28;30,35,36,33,29;31,36,34,30,21;32,33,34,35,31
hit40 37 15,12,19,16,6;20,25,12,10,9;20,9,8,14,3;14,4,5,11,20,2;14,15,6,5,3;4,6,16,21,11,3;16,5,4,15,0;25,30,24,19,12;9,10,15,14,2;10,8,2,20,1;12,15,8,9,1;5,21,30,25,20,3;15,10,1,25,7,19,0;19,28,18,17,16;8,15,4,3,2;6,4,14,8,10,12,0;19,13,17,21,5,6,0;18,22,26,21,16,13;28,23,22,17,13;12,7,24,28,13,16,0;9,2,3,11,25,1;16,17,26,31,35,30,11,5;18,23,27,26,17;28,32,27,22,18;30,29,28,19,7;20,11,30,7,12,1;22,27,31,21,17;23,32,31,26,22;19,24,29,33,32,23,18,13;30,34,33,28,24;25,11,21,35,34,29,24,7;26,27,32,36,35,21;28,33,36,31,27,23;29,34,36,32,28;30,35,36,33,29;31,36,34,30,21;32,33,34,35,31
hit41 37 5,14,4,9,2,1;2,6,10,5,0;9,7,6,1,0;12,11,8,9,4;14,13,12,3,9,0;1,10,19,14,0;2,7,15,10,1;9,8,15,6,2;11,20,25,15,7,9,3;4,3,8,7,2,0;6,15,25,19,5,1;12,16,30,20,8,3;4,13,16,11,3;14,28,18,16,12,4;5,19,24,28,13,4,0;7,8,25,10,6;12,13,18,17,21,30,11;18,22,26,21,16;28,23,22,17,16,13;10,25,24,14,5;11,30,29,24,25,8;17,26,31,35,30,16;18,23,27,26,17;28,32,27,22,18;19,25,20,29,28,14;20,24,19,10,15,8;22,27,31,21,17;23,32,31,26,22;14,24,29,33,32,23,18,13;30,34,33,28,24,20;16,21,35,34,29,20,11;26,27,32,36,35,21;28,33,36,31,27,23;29,34,36,32,28;30,35,36,33,29;31,36,34,30,21;32,33,34,35,31
hit42 37 5,14,4,9,2,1;2,6,10,5,0;9,7,6,1,0;12,11,8,9,4;14,13,12,3,9,0;1,10,19,14,0;2,7,15,10,1;9,8,15,6,2;11,20,25,15,7,9,3;4,3,8,7,2,0;6,15,25,19,5,1;12,16,30,20,8,3;4,13,16,11,3;14,28,18,16,12,4;5,19,24,28,13,4,0;7,8,25,10,6;12,13,18,17,21,30,11;18,22,26,21,16;28,23,22,17,16,13;10,25,24,14,5;11,30,29,24,25,8;17,26,31,35,30,16;18,23,27,26,17;28,32,27,22,18;19,25,20,29,28,14;20,24,19,10,15,8;22,27,31,21,17;23,32,31,26,22;14,24,29,33,32,23,18,13;30,34,33,28,24,20;16,21,35,34,29,20,11;26,27,32,36,35,21;28,33,36,31,27,23;29,34,36,32,28;30,35,36,33,29;31,36,34,30,21;32,33,34,35,31
hit43 37 5,14,4,9,2,1;2,6,10,5,0;9,7,6,1,0;12,11,8,9,4;14,13,12,3,9,0;1,10,19,14,0;2,7,15,10,1;9,8,15,6,2;11,20,25,15,7,9,3;4,3,8,7,2,0;6,15,25,19,5,1;12,16,30,20,8,3;4,13,16,11,3;14,28,18,16,12,4;5,19,24,28,13,4,0;7,8,25,10,6;12,13,18,17,21,30,11;18,22,26,21,16;28,23,22,17,16,13;10,25,24,14,5;11,30,29,24,25,8;17,26,31,35,30,16;18,23,27,26,17;28,32,27,22,18;19,25,20,29,28,14;20,24,19,10,15,8;22,27,31,21,17;23,32,31,26,22;14,24,29,33,32,23,18,13;30,34,33,28,24,20;16,21,35,34,29,20,11;26,27,32,36,35,21;28,33,36,31,27,23;29,34,36,32,28;30,35,36,33,29;31,36,34,30,21;32,33,34,35,31
hit44 37 5,14,4,9,2,1;2,6,10,5,0;9,7,6,1,0;12,11,8,9,4;14,13,12,3,9,0;1,10,19,14,0;2,7,15,10,1;9,8,15,6,2;11,20,25,15,7,9,3;4,3,8,7,2,0;6,15,25,19,5,1;12,16,30,20,8,3;4,13,16,11,3;14,28,18,16,12,4;5,19,24,28,13,4,0;7,8,25,10,6;12,13,18,17,21,30,11;18,22,26,21,16;28,23,22,17,16,13;10,25,24,14,5;11,30,29,24,25,8;17,26,31,35,30,16;18,23,27,26,17;28,32,27,22,18;19,25,20,29,28,14;20,24,19,10,15,8;22,27,31,21,17;23,32,31,26,22;14,24,29,33,32,23,18,13;30,34,33,28,24,20;16,21,35,34,29,20,11;26,27,32,36,35,21;28,33,36,31,27,23;29,34,36,32,28;30,35,36,33,29;31,36,34,30,21;32,33,34,35,31
hit45 37 5,10,7,2,1;2,11,8,24,19,14,5,0;7,9,11,1,0;15,12,7,10,6;12,13,16,20,9;1,14,6,10,0;10,5,14,15,3;10,3,12,9,2,0;11,25,30,24,1;7,12,4,20,11,2;5,6,3,7,0;2,9,20,25,8,1;15,13,4,9,7,3;12,15,28,18,16,4;19,15,6,5,1;6,14,19,28,13,12,3;13,18,17,21,20,4;18,22,26,21,16;28,23,22,17,16,13;24,29,28,15,14,1;16,21,25,11,9,4;17,26,31,35,30,25,20,16;18,23,27,26,17;28,32,27,22,18;8,30,29,19,1;11,20,21,30,8;22,27,31,21,17;23,32,31,26,22;15,19,29,33,32,23,18,13;24,30,34,33,28,19;25,21,35,34,29,24,8;26,27,32,36,35,21;28,33,36,31,27,23;29,34,36,32,28;30,35,36,33,29;31,36,34,30,21;32,33,34,35,31
hit46 37 5,10,7,2,1;2,11,8,24,19,14,5,0;7,9,11,1,0;12,9,7,10,6;12,13,16,20,9;1,14,6,10,0;10,5,14,15,12,3;10,3,9,2,0;11,25,30,24,1;7,3,12,4,20,11,2;5,6,3,7,0;2,9,20,25,8,1;6,15,13,4,9,3;12,15,28,18,16,4;19,15,6,5,1;14,19,28,13,12,6;13,18,17,21,20,4;18,22,26,21,16;28,23,22,17,16,13;24,29,28,15,14,1;16,21,25,11,9,4;17,26,31,35,30,25,20,16;18,23,27,26,17;28,32,27,22,18;8,30,29,19,1;11,20,21,30,8;22,27,31,21,17;23,32,31,26,22;15,19,29,33,32,23,18,13;24,30,34,33,28,19;25,21,35,34,29,24,8;26,27,32,36,35,21;28,33,36,31,27,23;29,34,36,32,28;30,35,36,33,29;31,36,34,30,21;32,33,34,35,31
hit47 37 5,10,7,2,1;2,11,8,24,19,14,5,0;7,9,11,1,0;15,12,7,10,6;12,13,16,20,9;1,14,6,10,0;10,5,14,15,3;10,3,12,9,2,0;11,25,30,24,1;7,12,4,20,11,2;5,6,3,7,0;2,9,20,25,8,1;15,13,4,9,7,3;12,15,28,18,16,4;19,15,6,5,1;6,14,19,28,13,12,3;13,18,17,21,20,4;18,22,26,21,16;28,23,22,17,16,13;24,29,28,15,14,1;16,21,25,11,9,4;17,26,31,35,30,25,20,16;18,23,27,26,17;28,32,27,22,18;8,30,29,19,1;11,20,21,30,8;22,27,31,21,17;23,32,31,26,22;15,19,29,33,32,23,18,13;24,30,34,33,28,19;25,21,35,34,29,24,8;26,27,32,36,35,21;28,33,36,31,27,23;29,34,36,32,28;30,35,36,33,29;31,36,34,30,21;32,33,34,35,31
hit48 37 5,10,7,2,1;2,11,8,24,19,14,5,0;7,9,11,1,0;15,12,7,10,6;12,13,16,20,9;1,14,6,10,0;10,5,14,15,3;10,3,12,9,2,0;11,25,30,24,1;7,12,4,20,11,2;5,6,3,7,0;2,9,20,25,8,1;15,13,4,9,7,3;12,15,28,18,16,4;19,15,6,5,1;6,14,19,28,13,12,3;13,18,17,21,20,4;18,22,26,21,16;28,23,22,17,16,13;24,29,28,15,14,1;16,21,25,11,9,4;17,26,31,35,30,25,20,16;18,23,27,26,17;28,32,27,22,18;8,30,29,19,1;11,20,21,30,8;22,27,31,21,17;23,32,31,26,22;15,19,29,33,32,23,18,13;24,30,34,33,28,19;25,21,35,34,29,24,8;26,27,32,36,35,21;28,33,36,31,27,23;29,34,36,32,28;30,35,36,33,29;31,36,34,30,21;32,33,34,35,31
hit49 37 5,10,7,2,1;2,11,8,24,19,14,5,0;7,9,11,1,0;15,12,7,10,6;12,13,16,20,9;1,14,6,10,0;10,5,14,15,3;10,3,12,9,2,0;11,25,30,24,1;7,12,4,20,11,2;5,6,3,7,0;2,9,20,25,8,1;15,13,4,9,7,3;12,15,28,18,16,4;19,15,6,5,1;6,14,19,28,13,12,3;13,18,17,21,20,4;18,22,26,21,16;28,23,22,17,16,13;24,29,28,15,14,1;16,21,25,11,9,4;17,26,31,35,30,25,20,16;18,23,27,26,17;28,32,27,22,18;8,30,29,19,1;11,20,21,30,8;22,27,31,21,17;23,32,31,26,22;15,19,29,33,32,23,18,13;24,30,34,33,28,19;25,21,35,34,29,24,8;26,27,32,36,35,21;28,33,36,31,27,23;29,34,36,32,28;30,35,36,33,29;31,36,34,30,21;32,33,34,35,31
hit50 37 13,20,7,3,2;25,15,10,14,9;3,6,19,8,24,13,0;7,15,6,2,0;14,20,13,12,9;12,21,11,19,25,9;3,15,25,19,2;20,10,15,3,0;19,11,30,24,2;14,4,12,5,25,1;15,7,20,14,1;21,30,8,19,5;13,16,17,21,5,9,4;2,24,28,16,12,4,20,0;10,20,4,9,1;25,6,3,7,10,1;13,28,18,17,12;16,18,22,26,21,12;28,23,22,17,16;6,25,5,11,8,2;13,4,14,10,7,0;12,17,26,31,35,30,11,5;18,23,27,26,17;28,32,27,22,18;8,30,29,28,13,2;9,5,19,6,15,1;22,27,31,21,17;23,32,31,26,22;24,29,33,32,23,18,16,13;30,34,33,28,24;11,21,35,34,29,24,8;26,27,32,36,35,21;28,33,36,31,27,23;29,34,36,32,28;30,35,36,33,29;31,36,34,30,21;32,33,34,35,31
hit51 37 13,20,7,3,2;25,15,10,14,9;3,6,19,8,24,13,0;7,15,6,2,0;14,20,13,12,9;12,21,11,19,25,9;3,15,25,19,2;20,10,15,3,0;19,11,30,24,2;14,4,12,5,25,1;15,7,20,14,1;21,30,8,19,5;13,16,17,21,5,9,4;2,24,28,16,12,4,20,0;10,20,4,9,1;25,6,3,7,10,1;13,28,18,17,12;16,18,22,26,21,12;28,23,22,17,16;6,25,5,11,8,2;13,4,14,10,7,0;12,17,26,31,35,30,11,5;18,23,27,26,17;28,32,27,22,18;8,30,29,28,13,2;9,5,19,6,15,1;22,27,31,21,17;23,32,31,26,22;24,29,33,32,23,18,16,13;30,34,33,28,24;11,21,35,34,29,24,8;26,27,32,36,35,21;28,33,36,31,27,23;29,34,36,32,28;30,35,36,33,29;31,36,34,30,21;32,33,34,35,31
hit52 37 13,20,7,3,2;25,15,10,14,9;3,6,19,8,24,13,0;7,15,6,2,0;14,20,13,12,9;12,21,11,19,25,9;3,15,25,19,2;20,10,15,3,0;19,11,30,24,2;14,4,12,5,25,1;15,7,20,14,1;21,30,8,19,5;13,16,17,21,5,9,4;2,24,28,16,12,4,20,0;10,20,4,9,1;25,6,3,7,10,1;13,28,18,17,12;16,18,22,26,21,12;28,23,22,17,16;6,25,5,11,8,2;13,4,14,10,7,0;12,17,26,31,35,30,11,5;18,23,27,26,17;28,32,27,22,18;8,30,29,28,13,2;9,5,19,6,15,1;22,27,31,21,17;23,32,31,26,22;24,29,33,32,23,18,16,13;30,34,33,28,24;11,21,35,34,29,24,8;26,27,32,36,35,21;28,33,36,31,27,23;29,34,36,32,28;30,35,36,33,29;31,36,34,30,21;32,33,34,35,31
hit53 37 13,20,7,3,2;25,15,10,14,9;3,6,19,8,24,13,0;7,15,6,2,0;14,20,13,12,9;12,21,11,19,25,9;3,15,25,19,2;20,10,15,3,0;19,11,30,24,2;14,4,12,5,25,1;15,7,20,14,1;21,30,8,19,5;13,16,17,21,5,9,4;2,24,28,16,12,4,20,0;10,20,4,9,1;25,6,3,7,10,1;13,28,18,17,12;16,18,22,26,21,12;28,23,22,17,16;6,25,5,11,8,2;13,4,14,10,7,0;12,17,26,31,35,30,11,5;18,23,27,26,17;28,32,27,22,18;8,30,29,28,13,2;9,5,19,6,15,1;22,27,31,21,17;23,32,31,26,22;24,29,33,32,23,18,16,13;30,34,33,28,24;11,21,35,34,29,24,8;26,27,32,36,35,21;28,33,36,31,27,23;29,34,36,32,28;30,35,36,33,29;31,36,34,30,21;32,33,34,35,31
hit54 37 13,20,7,3,2;25,15,10,14,9;3,6,19,8,24,13,0;7,15,6,2,0;14,20,13,12,9;12,21,11,19,25,9;3,15,25,19,2;20,10,15,3,0;19,11,30,24,2;14,4,12,5,25,1;15,7,20,14,1;21,30,8,19,5;13,16,17,21,5,9,4;2,24,28,16,12,4,20,0;10,20,4,9,1;25,6,3,7,10,1;13,28,18,17,12;16,18,22,26,21,12;28,23,22,17,16;6,25,5,11,8,2;13,4,14,10,7,0;12,17,26,31,35,30,11,5;18,23,27,26,17;28,32,27,22,18;8,30,29,28,13,2;9,5,19,6,15,1;22,27,31,21,17;23,32,31,26,22;24,29,33,32,23,18,16,13;30,34,33,28,24;11,21,35,34,29,24,8;26,27,32,36,35,21;28,33,36,31,27,23;29,34,36,32,28;30,35,36,33,29;31,36,34,30,21;32,33,34,35,31
hit55 37 9,19,12,11,6;11,12,24,8,7;16,5,10,15,3;15,7,25,16,2;11,7,15,14,6;16,21,20,10,2;11,4,14,9,0;8,25,3,15,4,11,1;24,28,13,25,7,1;6,14,10,20,19,0;5,20,9,14,15,2;12,1,7,4,6,0;19,29,24,1,11,0;28,18,16,25,8;15,10,9,6,4;10,14,4,7,3,2;3,25,13,18,17,21,5,2;18,22,26,21,16;28,23,22,17,16,13;9,20,29,12,0;21,30,29,19,9,10,5;16,17,26,31,35,30,20,5;18,23,27,26,17;28,32,27,22,18;12,29,28,8,1;7,8,13,16,3;22,27,31,21,17;23,32,31,26,22;24,29,33,32,23,18,13,8;19,20,30,34,33,28,24,12;21,35,34,29,20;26,27,32,36,35,21;28,33,36,31,27,23;29,34,36,32,28;30,35,36,33,29;31,36,34,30,21;32,33,34,35,31
hit56 37 9,19,12,11,6;11,12,24,8,7;16,5,10,15,3;15,7,25,16,2;11,7,15,14,6;16,21,20,10,2;11,4,14,9,0;8,25,3,15,4,11,1;24,28,13,25,7,1;6,14,10,20,19,0;5,20,9,14,15,2;12,1,7,4,6,0;19,29,24,1,11,0;28,18,16,25,8;15,10,9,6,4;10,14,4,7,3,2;3,25,13,18,17,21,5,2;18,22,26,21,16;28,23,22,17,16,13;9,20,29,12,0;21,30,29,19,9,10,5;16,17,26,31,35,30,20,5;18,23,27,26,17;28,32,27,22,18;12,29,28,8,1;7,8,13,16,3;22,27,31,21,17;23,32,31,26,22;24,29,33,32,23,18,13,8;19,20,30,34,33,28,24,12;21,35,34,29,20;26,27,32,36,35,21;28,33,36,31,27,23;29,34,36,32,28;30,35,36,33,29;31,36,34,30,21;32,33,34,35,31
hit57 37 9,19,12,11,6;11,12,24,8,7;16,5,10,15,3;15,7,25,16,2;11,7,15,14,6;16,21,20,10,2;11,4,14,9,0;8,25,3,15,4,11,1;24,28,13,25,7,1;6,14,10,20,19,0;5,20,9,14,15,2;12,1,7,4,6,0;19,29,24,1,11,0;28,18,16,25,8;15,10,9,6,4;10,14,4,7,3,2;3,25,13,18,17,21,5,2;18,22,26,21,16;28,23,22,17,16,13;9,20,29,12,0;21,30,29,19,9,10,5;16,17,26,31,35,30,20,5;18,23,27,26,17;28,32,27,22,18;12,29,28,8,1;7,8,13,16,3;22,27,31,21,17;23,32,31,26,22;24,29,33,32,23,18,13,8;19,20,30,34,33,28,24,12;21,35,34,29,20;26,27,32,36,35,21;28,33,36,31,27,23;29,34,36,32,28;30,35,36,33,29;31,36,34,30,21;32,33,34,35,31
hit58 37 9,19,12,11,6;11,12,24,8,7;16,5,10,15,3;15,7,25,16,2;11,7,15,14,6;16,21,20,10,2;11,4,14,9,0;8,25,3,15,4,11,1;24,28,13,25,7,1;6,14,10,20,19,0;5,20,9,14,15,2;12,1,7,4,6,0;19,29,24,1,11,0;28,18,16,25,8;15,10,9,6,4;10,14,4,7,3,2;3,25,13,18,17,21,5,2;18,22,26,21,16;28,23,22,17,16,13;9,20,29,12,0;21,30,29,19,9,10,5;16,17,26,31,35,30,20,5;18,23,27,26,17;28,32,27,22,18;12,29,28,8,1;7,8,13,16,3;22,27,31,21,17;23,32,31,26,22;24,29,33,32,23,18,13,8;19,20,30,34,33,28,24,12;21,35,34,29,20;26,27,32,36,35,21;28,33,36,31,27,23;29,34,36,32,28;30,35,36,33,29;31,36,34,30,21;32,33,34,35,31
hit59 37 9,19,12,11,6;11,12,24,8,7;16,5,10,15,3;15,7,25,16,2;11,7,15,14,6;16,21,20,10,2;11,4,14,9,0;8,25,3,15,4,11,1;24,28,13,25,7,1;6,14,10,20,19,0;5,20,9,14,15,2;12,1,7,4,6,0;19,29,24,1,11,0;28,18,16,25,8;15,10,9,6,4;10,14,4,7,3,2;3,25,13,18,17,21,5,2;18,22,26,21,16;28,23,22,17,16,13;9,20,29,12,0;21,30,29,19,9,10,5;16,17,26,31,35,30,20,5;18,23,27,26,17;28,32,27,22,18;12,29,28,8,1;7,8,13,16,3;22,27,31,21,17;23,32,31,26,22;24,29,33,32,23,18,13,8;19,20,30,34,33,28,24,12;21,35,34,29,20;26,27,32,36,35,21;28,33,36,31,27,23;29,34,36,32,28;30,35,36,33,29;31,36,34,30,21;32,33,34,35,31
hit60 37 6,15,20,24,12,2,1;2,25,8,6,0;12,11,25,1,0;14,11,12,24,7;9,8,25,11,14,5;14,21,30,10,9,4;1,8,9,10,15,0;24,19,16,14,3;25,4,9,6,1;5,10,6,8,4;30,15,6,9,5;12,3,14,4,25,2;24,3,11,2,0;19,28,18,17,16;7,16,21,5,4,11,3;6,10,30,20,0;19,13,17,21,14,7;18,22,26,21,16,13;28,23,22,17,13;24,20,28,13,16,7;15,30,29,28,19,24,0;14,16,17,26,31,35,30,5;18,23,27,26,17;28,32,27,22,18;20,19,7,3,12,0;2,11,4,8,1;22,27,31,21,17;23,32,31,26,22;19,20,29,33,32,23,18,13;30,34,33,28,20;21,35,34,29,20,15,10,5;26,27,32,36,35,21;28,33,36,31,27,23;29,34,36,32,28;30,35,36,33,29;31,36,34,30,21;32,33,34,35,31
A7f1 37 5,4,3,2,1;2,6,10,5,0;3,7,6,1,0;4,8,7,2,0;5,9,13,12,8,3,0;1,10,9,4,0;2,7,15,10,1;3,8,19,15,6,2;4,12,11,25,19,7,3;5,10,15,14,13,4;6,15,9,5,1;12,16,20,25,8;13,16,11,8,4;9,14,24,28,18,16,12,4;15,19,24,13,9;7,19,14,9,10,6;12,13,18,17,21,30,20,11;18,22,26,21,16;28,23,22,17,16,13;8,25,24,14,15,7;16,30,24,25,11;17,26,31,35,30,16;18,23,27,26,17;28,32,27,22,18;14,19,25,20,30,29,28,13;11,20,24,19,8;22,27,31,21,17;23,32,31,26,22;24,29,33,32,23,18,13;30,34,33,28,24;21,35,34,29,24,20,16;26,27,32,36,35,21;28,33,36,31,27,23;29,34,36,32,28;30,35,36,33,29;31,36,34,30,21;32,33,34,35,31
A7f2 37 5,4,3,2,1;2,6,10,5,0;3,7,6,1,0;4,8,7,2,0;5,9,14,13,12,8,3,0;1,10,9,4,0;2,7,15,10,1;3,8,19,15,6,2;4,12,11,25,19,7,3;5,10,15,14,4;6,15,9,5,1;12,16,20,25,8;13,16,11,8,4;14,24,28,18,16,12,4;9,15,19,25,24,13,4;7,19,14,9,10,6;12,13,18,17,21,30,20,11;18,22,26,21,16;28,23,22,17,16,13;8,25,14,15,7;16,30,24,25,11;17,26,31,35,30,16;18,23,27,26,17;28,32,27,22,18;14,25,20,30,29,28,13;11,20,24,14,19,8;22,27,31,21,17;23,32,31,26,22;24,29,33,32,23,18,13;30,34,33,28,24;21,35,34,29,24,20,16;26,27,32,36,35,21;28,33,36,31,27,23;29,34,36,32,28;30,35,36,33,29;31,36,34,30,21;32,33,34,35,31
A7f3 37 5,4,3,2,1;2,6,10,5,0;3,7,6,1,0;4,8,7,2,0;5,9,14,13,12,8,3,0;1,10,9,4,0;2,7,15,10,1;3,8,19,15,6,2;4,12,11,25,19,7,3;5,10,15,14,4;6,15,9,5,1;12,16,20,25,8;13,16,11,8,4;14,24,18,16,12,4;9,15,19,25,24,13,4;7,19,14,9,10,6;12,13,18,17,21,20,11;18,22,26,21,16;24,28,23,22,17,16,13;8,25,14,15,7;16,21,30,24,25,11;17,26,31,35,30,20,16;18,23,27,26,17;28,32,27,22,18;14,25,20,30,29,28,18,13;11,20,24,14,19,8;22,27,31,21,17;23,32,31,26,22;24,29,33,32,23,18;30,34,33,28,24;21,35,34,29,24,20;26,27,32,36,35,21;28,33,36,31,27,23;29,34,36,32,28;30,35,36,33,29;31,36,34,30,21;32,33,34,35,31
A7f4 37 5,4,3,2,1;2,6,10,5,0;3,7,6,1,0;4,8,7,2,0;5,9,14,13,12,8,3,0;1,10,9,4,0;2,7,15,10,1;3,8,15,6,2;4,12,11,25,19,15,7,3;5,10,15,14,4;6,15,9,5,1;12,16,20,25,8;13,16,11,8,4;14,24,28,18,16,12,4;9,15,19,24,13,4;7,8,19,14,9,10,6;12,13,18,17,21,30,20,11;18,22,26,21,16;28,23,22,17,16,13;25,24,14,15,8;16,30,24,25,11;17,26,31,35,30,16;18,23,27,26,17;28,32,27,22,18;14,19,25,20,30,29,28,13;11,20,24,19,8;22,27,31,21,17;23,32,31,26,22;24,29,33,32,23,18,13;30,34,33,28,24;21,35,34,29,24,20,16;26,27,32,36,35,21;28,33,36,31,27,23;29,34,36,32,28;30,35,36,33,29;31,36,34,30,21;32,33,34,35,31
walk-best-A7f1-1 37 5,4,3,2,1;2,6,10,5,0;3,7,6,1,0;4,8,7,2,0;5,9,12,8,3,0;1,10,9,4,0;2,7,19,15,10,1;3,8,25,19,6,2;4,12,11,25,7,3;5,10,15,14,13,12,4;6,15,9,5,1;12,16,20,25,8;9,13,16,11,8,4;14,24,28,18,16,12,9;15,19,24,13,9;19,14,9,10,6;12,13,18,17,21,30,20,11;18,22,26,21,16;28,23,22,17,16,13;7,25,24,14,15,6;16,30,24,25,11;17,26,31,35,30,16;18,23,27,26,17;28,32,27,22,18;14,19,25,20,30,29,28,13;8,11,20,24,19,7;22,27,31,21,17;23,32,31,26,22;24,29,33,32,23,18,13;30,34,33,28,24;21,35,34,29,24,20,16;26,27,32,36,35,21;28,33,36,31,27,23;29,34,36,32,28;30,35,36,33,29;31,36,34,30,21;32,33,34,35,31
walk-best-A7f1-3 37 5,4,3,2,1;2,6,10,5,0;3,7,6,1,0;4,19,7,2,0;5,9,12,8,19,3,0;1,10,9,4,0;2,7,15,10,1;3,19,15,6,2;12,11,25,19,4;5,10,15,14,13,12,4;6,15,9,5,1;12,16,20,25,8;9,13,16,11,8,4;14,24,28,18,16,12,9;15,19,24,13,9;7,19,14,9,10,6;12,13,18,17,21,30,20,11;18,22,26,21,16;28,23,22,17,16,13;4,8,25,24,14,15,7,3;16,30,24,25,11;17,26,31,35,30,16;18,23,27,26,17;28,32,27,22,18;14,19,25,20,30,29,28,13;11,20,24,19,8;22,27,31,21,17;23,32,31,26,22;24,29,33,32,23,18,13;30,34,33,28,24;21,35,34,29,24,20,16;26,27,32,36,35,21;28,33,36,31,27,23;29,34,36,32,28;30,35,36,33,29;31,36,34,30,21;32,33,34,35,31
A7_exc 37 5,4,3,2,1;2,6,10,5,0;3,7,6,1,0;4,8,7,2,0;5,9,14,13,12,8,3,0;1,10,9,4,0;2,7,15,10,1;3,8,19,15,6,2;4,12,11,25,19,7,3;5,10,15,14,4;6,15,9,5,1;12,16,20,25,8;13,16,11,8,4;14,24,18,16,12,4;9,15,19,24,13,4;7,19,14,9,10,6;12,13,18,17,21,30,20,11;18,22,26,21,16;24,28,23,22,17,16,13;8,25,24,14,15,7;16,30,24,25,11;17,26,31,35,30,16;18,23,27,26,17;28,32,27,22,18;14,19,25,20,30,29,28,18,13;11,20,24,19,8;22,27,31,21,17;23,32,31,26,22;24,29,33,32,23,18;30,34,33,28,24;21,35,34,29,24,20,16;26,27,32,36,35,21;28,33,36,31,27,23;29,34,36,32,28;30,35,36,33,29;31,36,34,30,21;32,33,34,35,31
r5_80b930d1_exc 32 5,26,4,19,30,25,2;15,16,14,12,11;25,8,28,5,0;13,9,29,27,30,19,7;26,18,21,7,19,0;2,28,6,26,0;28,24,20,22,26,5;19,4,21,14,16,13,3;25,10,24,28,2;13,15,11,29,3;25,30,17,31,24,8;12,29,9,15,1;14,21,29,11,1;7,16,15,9,3;16,7,21,12,1;11,9,13,16,1;15,13,7,14,1;30,27,23,31,10;26,27,29,21,4;4,7,3,30,0;24,31,23,22,6;18,29,12,14,7,4;20,23,27,26,6;27,22,20,31,17;28,8,10,31,20,6;30,10,8,2,0;5,6,22,27,18,4,0;29,18,26,22,23,17,30,3;8,24,6,5,2;9,11,12,21,18,27,3;19,3,27,17,10,25,0;17,23,20,24,10
