cycles (per hole-space) by order: {12: 12, 14: 60, 16: 180, 17: 286, 18: 1058, 19: 2319, 20: 9708, 21: 31710, 22: 140214, 23: 559372, 24: 2521058}
winding histogram, all cycles orders 12-24: [(-244, 6), (-237, 2), (-206, 4), (-200, 1), (-186, 1), (-184, 6), (-179, 5), (-177, 1), (-174, 1), (-171, 1), (-170, 1), (-169, 1), (-168, 3), (-167, 1), (-166, 6), (-165, 7), (-164, 2), (-163, 2), (-162, 2), (-161, 1), (-160, 2), (-159, 1), (-158, 4), (-157, 3), (-156, 6), (-155, 1), (-154, 2), (-153, 1), (-152, 9), (-151, 4), (-150, 6), (-149, 4), (-148, 2), (-147, 2), (-146, 7), (-145, 3), (-144, 7), (-143, 8), (-142, 8), (-141, 8), (-140, 10), (-139, 4), (-138, 18), (-137, 10), (-136, 17), (-135, 13), (-134, 14), (-133, 15), (-132, 29), (-131, 14), (-130, 23), (-129, 25), (-128, 25), (-127, 30), (-126, 26), (-125, 34), (-124, 44), (-123, 37), (-122, 46), (-121, 33), (-120, 55), (-119, 30), (-118, 56), (-117, 53), (-116, 69), (-115, 57), (-114, 75), (-113, 69), (-112, 96), (-111, 72), (-110, 91), (-109, 87), (-108, 122), (-107, 100), (-106, 149), (-105, 105), (-104, 168), (-103, 117), (-102, 188), (-101, 175), (-100, 215), (-99, 191), (-98, 248), (-97, 202), (-96, 276), (-95, 234), (-94, 275), (-93, 270), (-92, 351), (-91, 340), (-90, 409), (-89, 341), (-88, 492), (-87, 371), (-86, 491), (-85, 432), (-84, 588), (-83, 485), (-82, 630), (-81, 529), (-80, 735), (-79, 616), (-78, 803), (-77, 662), (-76, 882), (-75, 789), (-74, 985), (-73, 895), (-72, 1114), (-71, 956), (-70, 1129), (-69, 1069), (-68, 1355), (-67, 1024), (-66, 1361), (-65, 1238), (-64, 1459), (-63, 1279), (-62, 1620), (-61, 1341), (-60, 1780), (-59, 1555), (-58, 1978), (-57, 1634), (-56, 2070), (-55, 1759), (-54, 2257), (-53, 1907), (-52, 2434), (-51, 2128), (-50, 2618), (-49, 2314), (-48, 2932), (-47, 2453), (-46, 3116), (-45, 2684), (-44, 3262), (-43, 2893), (-42, 3526), (-41, 3021), (-40, 3858), (-39, 3357), (-38, 4118), (-37, 3659), (-36, 4486), (-35, 3849), (-34, 4837), (-33, 4193), (-32, 5384), (-31, 4447), (-30, 5874), (-29, 4850), (-28, 6429), (-27, 5336), (-26, 7205), (-25, 5545), (-24, 8182), (-23, 6361), (-22, 8299), (-21, 7124), (-20, 10513), (-19, 7855), (-18, 11566), (-17, 9035), (-16, 14505), (-15, 10880), (-14, 16476), (-13, 12480), (-12, 22838), (-11, 14185), (-10, 28649), (-9, 19382), (-8, 46712), (-7, 28052), (-6, 65950), (-5, 43158), (-4, 158617), (-3, 91543), (-2, 797835), (-1, 18610), (0, 1650072), (1, 52), (2, 54), (4, 17), (8, 2)]
max winding 8 min -244
positive winding histogram: {1: 52, 2: 54, 4: 17, 8: 2}
cycle length histogram (all): [(4, 1305184), (5, 34410), (6, 631130), (7, 7231), (8, 292625), (9, 24777), (10, 94283), (11, 7302), (12, 90400), (13, 10080), (14, 51963), (15, 7675), (16, 33409), (17, 15328), (18, 32678), (19, 11459), (20, 47489), (21, 8424), (22, 13100), (23, 11920), (24, 24279), (25, 5489), (26, 16082), (27, 9728), (28, 19298), (29, 6183), (30, 9526), (31, 5183), (32, 10667), (33, 4914), (34, 10105), (35, 4404), (36, 10014), (37, 4282), (38, 8577), (39, 4411), (40, 10503), (41, 3934), (42, 6154), (43, 3897), (44, 6266), (45, 3545), (46, 6296), (47, 3661), (48, 6051), (49, 3238), (50, 4466), (51, 3236), (52, 5658), (53, 2947), (54, 5482), (55, 2756), (56, 5900), (57, 2830), (58, 4020), (59, 2523), (60, 4187), (61, 2620), (62, 3626), (63, 2616), (64, 3519), (65, 2259), (66, 3445), (67, 2226), (68, 3371), (69, 2349), (70, 2854), (71, 2129), (72, 3143), (73, 2143), (74, 2789), (75, 2109), (76, 3141), (77, 1976), (78, 2850), (79, 2014), (80, 2867), (81, 1930), (82, 2488), (83, 1866), (84, 2601), (85, 1741), (86, 2295), (87, 1737), (88, 2394), (89, 1652), (90, 2260), (91, 1587), (92, 2140), (93, 1637), (94, 2243), (95, 1551), (96, 2270), (97, 1532), (98, 1823), (99, 1488), (100, 1833), (101, 1393), (102, 1962), (103, 1428), (104, 1916), (105, 1506), (106, 1753), (107, 1354), (108, 1912), (109, 1362), (110, 1617), (111, 1329), (112, 1883), (113, 1272), (114, 1628), (115, 1222), (116, 1597), (117, 1217), (118, 1473), (119, 1177), (120, 1494), (121, 1184), (122, 1513), (123, 1227), (124, 1474), (125, 1154), (126, 1478), (127, 1044), (128, 1553), (129, 1157), (130, 1376), (131, 1177), (132, 1366), (133, 1021), (134, 1306), (135, 1126), (136, 1333), (137, 1024), (138, 1308), (139, 1021), (140, 1251), (141, 1110), (142, 1185), (143, 1036), (144, 1207), (145, 969), (146, 1107), (147, 966), (148, 1189), (149, 957), (150, 1162), (151, 910), (152, 1161), (153, 993), (154, 1081), (155, 906), (156, 1115), (157, 865), (158, 1061), (159, 886), (160, 1096), (161, 871), (162, 1035), (163, 900), (164, 996), (165, 883), (166, 1013), (167, 779), (168, 1076), (169, 810), (170, 930), (171, 781), (172, 950), (173, 746), (174, 941), (175, 747), (176, 951), (177, 778), (178, 875), (179, 738), (180, 916), (181, 677), (182, 869), (183, 705), (184, 888), (185, 719), (186, 849), (187, 683), (188, 917), (189, 687), (190, 820), (191, 670), (192, 815), (193, 656), (194, 786), (195, 666), (196, 784), (197, 664), (198, 804), (199, 668), (200, 787), (201, 724), (202, 782), (203, 638), (204, 748), (205, 619), (206, 784), (207, 720), (208, 730), (209, 574), (210, 715), (211, 536), (212, 683), (213, 607), (214, 703), (215, 581), (216, 701), (217, 591), (218, 698), (219, 550), (220, 643), (221, 547), (222, 650), (223, 538), (224, 684), (225, 510), (226, 695), (227, 510), (228, 630), (229, 543), (230, 609), (231, 525), (232, 610), (233, 525), (234, 610), (235, 507), (236, 610), (237, 477), (238, 592), (239, 497), (240, 607), (241, 505), (242, 563), (243, 483), (244, 506), (245, 468), (246, 564), (247, 497), (248, 561), (249, 478), (250, 536), (251, 466), (252, 602), (253, 447), (254, 541), (255, 433), (256, 532), (257, 415), (258, 529), (259, 444), (260, 504), (261, 382), (262, 515), (263, 394), (264, 449), (265, 373), (266, 492), (267, 413), (268, 487), (269, 419), (270, 487), (271, 409), (272, 479), (273, 404), (274, 495), (275, 351), (276, 462), (277, 376), (278, 476), (279, 371), (280, 450), (281, 407), (282, 428), (283, 372), (284, 406), (285, 371), (286, 438), (287, 363), (288, 436), (289, 312), (290, 377), (291, 339), (292, 448), (293, 341), (294, 409), (295, 319), (296, 382), (297, 330), (298, 400), (299, 301), (300, 367), (301, 296), (302, 398), (303, 326), (304, 370), (305, 321), (306, 396), (307, 308), (308, 366), (309, 280), (310, 350), (311, 288), (312, 343), (313, 325), (314, 329), (315, 280), (316, 336), (317, 305), (318, 321), (319, 304), (320, 331), (321, 258), (322, 334), (323, 271), (324, 331), (325, 261), (326, 317), (327, 253), (328, 301), (329, 267), (330, 312), (331, 259), (332, 320), (333, 257), (334, 295), (335, 230), (336, 306), (337, 210), (338, 303), (339, 220), (340, 294), (341, 231), (342, 257), (343, 238), (344, 269), (345, 214), (346, 258), (347, 202), (348, 265), (349, 212), (350, 216), (351, 209), (352, 241), (353, 202), (354, 245), (355, 169), (356, 247), (357, 179), (358, 229), (359, 172), (360, 276), (361, 152), (362, 216), (363, 189), (364, 257), (365, 193), (366, 214), (367, 189), (368, 235), (369, 173), (370, 201), (371, 158), (372, 216), (373, 159), (374, 188), (375, 149), (376, 195), (377, 124), (378, 188), (379, 177), (380, 210), (381, 137), (382, 215), (383, 159), (384, 204), (385, 134), (386, 168), (387, 115), (388, 177), (389, 132), (390, 167), (391, 134), (392, 166), (393, 127), (394, 173), (395, 128), (396, 168), (397, 131), (398, 148), (399, 118), (400, 141), (401, 114), (402, 147), (403, 105), (404, 130), (405, 105), (406, 110), (407, 105), (408, 118), (409, 86), (410, 109), (411, 87), (412, 123), (413, 80), (414, 112), (415, 99), (416, 112), (417, 97), (418, 100), (419, 92), (420, 105), (421, 81), (422, 85), (423, 72), (424, 99), (425, 70), (426, 84), (427, 79), (428, 106), (429, 65), (430, 97), (431, 75), (432, 93), (433, 66), (434, 90), (435, 50), (436, 80), (437, 59), (438, 90), (439, 54), (440, 70), (441, 57), (442, 78), (443, 56), (444, 77), (445, 56), (446, 66), (447, 48), (448, 73), (449, 41), (450, 59), (451, 55), (452, 71), (453, 45), (454, 62), (455, 42), (456, 65), (457, 40), (458, 60), (459, 49), (460, 56), (461, 30), (462, 51), (463, 40), (464, 51), (465, 46), (466, 49), (467, 38), (468, 57), (469, 33), (470, 35), (471, 28), (472, 58), (473, 28), (474, 41), (475, 27), (476, 39), (477, 29), (478, 29), (479, 18), (480, 44), (481, 24), (482, 48), (483, 35), (484, 38), (485, 20), (486, 42), (487, 20), (488, 20), (489, 28), (490, 33), (491, 17), (492, 34), (493, 21), (494, 30), (495, 11), (496, 41), (497, 25), (498, 25), (499, 25), (500, 27), (501, 13), (502, 31), (503, 22), (504, 29), (505, 14), (506, 28), (507, 10), (508, 25), (509, 15), (510, 21), (511, 14), (512, 22), (513, 14), (514, 21), (515, 11), (516, 21), (517, 12), (518, 22), (519, 16), (520, 10), (521, 18), (522, 16), (523, 6), (524, 18), (525, 8), (526, 11), (527, 7), (528, 11), (529, 13), (530, 9), (531, 11), (532, 21), (533, 10), (534, 17), (535, 13), (536, 18), (537, 4), (538, 16), (539, 10), (540, 17), (541, 7), (542, 8), (543, 14), (544, 11), (545, 9), (546, 8), (547, 6), (548, 10), (549, 9), (550, 10), (551, 4), (552, 12), (553, 4), (554, 8), (555, 16), (556, 6), (557, 6), (558, 11), (559, 6), (560, 9), (561, 6), (562, 10), (563, 5), (564, 11), (565, 7), (566, 5), (567, 7), (568, 6), (569, 2), (570, 5), (571, 7), (572, 5), (573, 9), (574, 3), (575, 7), (576, 6), (578, 3), (579, 2), (580, 5), (581, 4), (582, 7), (583, 1), (584, 5), (585, 2), (586, 2), (587, 2), (588, 4), (589, 5), (590, 4), (591, 1), (592, 2), (593, 3), (596, 3), (597, 3), (598, 4), (599, 3), (601, 1), (602, 6), (603, 2), (604, 1), (605, 1), (606, 3), (607, 2), (608, 5), (610, 2), (612, 4), (613, 1), (614, 2), (616, 3), (619, 1), (620, 4), (621, 1), (622, 2), (623, 1), (624, 2), (625, 2), (626, 1), (627, 4), (629, 2), (631, 2), (633, 1), (634, 1), (635, 3), (636, 3), (637, 2), (640, 3), (641, 3), (642, 1), (643, 2), (644, 1), (645, 1), (650, 1), (653, 1), (654, 1), (656, 7), (657, 3), (659, 3), (660, 2), (666, 1), (667, 1), (669, 1), (672, 1), (673, 1), (674, 1), (679, 2), (681, 1), (683, 2), (684, 1), (692, 1), (693, 1), (698, 2), (705, 2), (706, 5), (707, 1), (712, 1), (722, 1), (723, 1), (726, 1), (746, 1), (784, 1), (893, 1), (900, 1), (956, 6)]
positive (w,L): [((1, 17), 20), ((1, 21), 18), ((1, 25), 3), ((1, 29), 3), ((1, 33), 1), ((1, 37), 1), ((1, 41), 2), ((1, 45), 2), ((1, 61), 1), ((1, 81), 1), ((2, 14), 36), ((2, 18), 10), ((2, 22), 3), ((2, 26), 1), ((2, 30), 1), ((2, 34), 2), ((2, 38), 1), ((4, 20), 11), ((4, 28), 4), ((4, 44), 2), ((8, 64), 1), ((8, 104), 1)]
length mod 10 of positive cycles: Counter({4: 42, 1: 22, 7: 21, 8: 15, 0: 12, 5: 5, 9: 3, 2: 3, 6: 1, 3: 1})
length mod 5 of all cycles: Counter({4: 1512412, 1: 789124, 3: 454380, 0: 283318, 2: 226743})
all cycles (w,L) with w!=0 length mod 10: Counter({6: 715261, 0: 198025, 2: 134159, 4: 126210, 8: 101549, 5: 83070, 9: 76682, 7: 67223, 3: 59656, 1: 54070})

classes (hole-spaces) with positive cycle by order: Counter({24: 87, 22: 17, 23: 13, 17: 2, 20: 2, 21: 2})
npos distribution: Counter({1: 121, 2: 2})
positive cycles by order: Counter({24: 89, 22: 17, 23: 13, 17: 2, 20: 2, 21: 2})
positive windings: Counter({2: 54, 1: 52, 4: 17, 8: 2})
max w+ 8
L mod 10: Counter({4: 42, 1: 22, 7: 21, 8: 15, 0: 12, 5: 5, 9: 3, 2: 3, 6: 1, 3: 1})
(w,L): [((1, 17), 20), ((1, 21), 18), ((1, 25), 3), ((1, 29), 3), ((1, 33), 1), ((1, 37), 1), ((1, 41), 2), ((1, 45), 2), ((1, 61), 1), ((1, 81), 1), ((2, 14), 36), ((2, 18), 10), ((2, 22), 3), ((2, 26), 1), ((2, 30), 1), ((2, 34), 2), ((2, 38), 1), ((4, 20), 11), ((4, 28), 4), ((4, 44), 2), ((8, 64), 1), ((8, 104), 1)]
L/w ratio: [(5.0, 11), (7.0, 40), (8.0, 1), (9.0, 10), (11.0, 5), (13.0, 2), (15.0, 1), (17.0, 22), (19.0, 1), (21.0, 18), (25.0, 3), (29.0, 3), (33.0, 1), (37.0, 1), (41.0, 2), (45.0, 2), (61.0, 1), (81.0, 1)]
has neighbour: 125 / 125
min neighbour winding < 0: 125
dominates |w-|>=w+: Counter({True: 125})
non-dominating: []
(w+, minnb): [((1, -104), 1), ((1, -65), 1), ((1, -59), 1), ((1, -57), 1), ((1, -54), 1), ((1, -51), 2), ((1, -48), 2), ((1, -47), 1), ((1, -46), 1), ((1, -45), 1), ((1, -44), 1), ((1, -43), 1), ((1, -42), 3), ((1, -41), 1), ((1, -40), 1), ((1, -38), 1), ((1, -37), 2), ((1, -35), 1), ((1, -34), 3), ((1, -33), 1), ((1, -32), 1), ((1, -31), 1), ((1, -30), 1), ((1, -29), 1), ((1, -28), 4), ((1, -27), 1), ((1, -26), 1), ((1, -25), 2), ((1, -24), 1), ((1, -22), 3), ((1, -20), 1), ((1, -19), 1), ((1, -18), 1), ((1, -17), 1), ((1, -16), 2), ((1, -15), 1), ((1, -14), 1), ((1, -12), 1), ((2, -57), 3), ((2, -55), 1), ((2, -54), 1), ((2, -50), 2), ((2, -49), 3), ((2, -48), 2), ((2, -45), 1), ((2, -44), 3), ((2, -42), 1), ((2, -41), 1), ((2, -40), 3), ((2, -39), 2), ((2, -38), 2), ((2, -36), 1), ((2, -32), 1), ((2, -31), 2), ((2, -30), 2), ((2, -29), 1), ((2, -28), 1), ((2, -27), 2), ((2, -26), 1), ((2, -25), 1), ((2, -24), 4), ((2, -23), 3), ((2, -22), 2), ((2, -21), 2), ((2, -18), 1), ((2, -16), 1), ((2, -14), 1), ((2, -10), 1), ((2, -8), 1), ((2, -6), 1), ((4, -52), 1), ((4, -48), 1), ((4, -45), 1), ((4, -44), 3), ((4, -42), 1), ((4, -40), 2), ((4, -37), 1), ((4, -30), 1), ((4, -27), 1), ((4, -24), 1), ((4, -17), 1), ((4, -16), 2), ((4, -8), 1), ((8, -42), 1), ((8, -20), 1)]
minnb swap types (counted per positive cycle: set of types):
  any swap of type ('DL', 'otherpair', 'ring2') : 123
  any swap of type ('DL', 'otherpair', 'noring2') : 105
  any swap of type ('nonDL', '-', 'ring2') : 96
  any swap of type ('nonDL', '-', 'noring2') : 87
  any swap of type ('DL', 'alphaAB', 'ring2') : 56
  any swap of type ('DL', 'alphaAB', 'noring2') : 45
  distinct type-sets: 21
   29 (('DL', 'alphaAB', 'noring2'), ('DL', 'alphaAB', 'ring2'), ('DL', 'otherpair', 'noring2'), ('DL', 'otherpair', 'ring2'), ('nonDL', '-', 'noring2'), ('nonDL', '-', 'ring2'))
   22 (('DL', 'otherpair', 'noring2'), ('DL', 'otherpair', 'ring2'), ('nonDL', '-', 'noring2'), ('nonDL', '-', 'ring2'))
   8 (('DL', 'alphaAB', 'noring2'), ('DL', 'otherpair', 'noring2'), ('DL', 'otherpair', 'ring2'), ('nonDL', '-', 'noring2'), ('nonDL', '-', 'ring2'))
   8 (('DL', 'alphaAB', 'ring2'), ('DL', 'otherpair', 'noring2'), ('DL', 'otherpair', 'ring2'), ('nonDL', '-', 'noring2'), ('nonDL', '-', 'ring2'))
   8 (('DL', 'otherpair', 'noring2'), ('DL', 'otherpair', 'ring2'))
   8 (('DL', 'otherpair', 'noring2'), ('DL', 'otherpair', 'ring2'), ('nonDL', '-', 'ring2'))
   7 (('DL', 'otherpair', 'ring2'), ('nonDL', '-', 'noring2'), ('nonDL', '-', 'ring2'))
   6 (('DL', 'alphaAB', 'ring2'), ('DL', 'otherpair', 'noring2'), ('DL', 'otherpair', 'ring2'), ('nonDL', '-', 'ring2'))
cycles with a DL-alphaAB-type swap to min nbr: 68
cycles whose min-nbr swaps ALL ring2: 9  ALL noring2: 0
cycles with a negative neighbour (any): 125
classes: flow neighbour windings sample:
24 6893 0 [[-49, 1], [-14, 1], [-13, 1], [-8, 1], [-7, 1], [-4, 1], [-2, 9], [0, 10], [2, 1]] [(2, 18, [[-49, 1], [-14, 1], [-8, 1], [0, 6]])]
24 6893 22 [[-49, 1], [-14, 1], [-13, 1], [-8, 1], [-7, 1], [-4, 1], [-2, 9], [0, 10], [2, 1]] [(2, 18, [[-49, 1], [-14, 1], [-8, 1], [0, 6]])]
24 6934 18 [[-30, 1], [-21, 1], [-2, 3], [0, 15], [2, 1]] [(2, 14, [[-30, 1], [-21, 1], [0, 3]])]
24 6946 0 [[-22, 1], [-20, 1], [-16, 1], [-6, 1], [-2, 2], [0, 8], [2, 1]] [(2, 18, [[-22, 1], [-20, 1], [-16, 1], [-6, 1], [0, 4]])]
24 6951 2 [[-31, 1], [-10, 1], [-5, 1], [-2, 1], [0, 16], [2, 1]] [(2, 14, [[-31, 1], [-10, 1], [-5, 1], [0, 3]])]
24 6952 6 [[-42, 1], [-3, 1], [-2, 6], [0, 5], [1, 1]] [(1, 17, [[-42, 1], [-3, 1], [0, 3]])]
24 6959 23 [[-27, 1], [-20, 1], [-12, 1], [-9, 1], [-2, 7], [0, 15], [2, 1]] [(2, 22, [[-27, 1], [-12, 1], [-9, 1], [-2, 1], [0, 2]])]
24 7170 2 [[-36, 1], [-28, 1], [-6, 1], [-4, 2], [-2, 2], [0, 9], [2, 1]] [(2, 22, [[-36, 1], [-28, 1], [-4, 1], [0, 3]])]
