t90n_C58_k0_belt9_adj6 31 1,5,4,3,2;0,2,7,6,5;1,0,3,8,7;2,0,4,10,9,8;3,0,5,12,11,10;4,0,1,6,13,12;5,1,7,15,14,13;6,1,2,8,16,15;7,2,3,9,17,16;8,3,10,19,18,17;9,3,4,11,19;10,4,12,21,20,19;11,4,5,13,21;12,5,6,14,22,21;13,6,15,23,22;14,6,7,16,24,23;15,7,8,17,24;16,8,9,18,25,24;17,9,19,26,25;18,9,10,11,20,26;19,11,21,27,26;20,11,12,13,22,27;21,13,14,23,28,27;22,14,15,24,29,28;23,15,16,17,25,29;24,17,18,26,30,29;25,18,19,20,27,30;26,20,21,22,28,30;27,22,23,29,30;28,23,24,25,30;29,25,26,27,28
t55a_C60_k0_belt10_adj0 32 1,5,4,3,2;0,2,8,7,6,5;1,0,3,10,9,8;2,0,4,12,11,10;3,0,5,14,13,12;4,0,1,6,15,14;5,1,7,16,15;6,1,8,18,17,16;7,1,2,9,18;8,2,10,20,19,18;9,2,3,11,20;10,3,12,22,21,20;11,3,4,13,22;12,4,14,24,23,22;13,4,5,15,24;14,5,6,16,25,24;15,6,7,17,26,25;16,7,18,27,26;17,7,8,9,19,27;18,9,20,28,27;19,9,10,11,21,28;20,11,22,29,28;21,11,12,13,23,29;22,13,24,30,29;23,13,14,15,25,30;24,15,16,26,30;25,16,17,27,31,30;26,17,18,19,28,31;27,19,20,21,29,31;28,21,22,23,30,31;29,23,24,25,26,31;30,26,27,28,29
t55b_C70_k0_belt10_adj0 37 1,5,4,3,2;0,2,8,7,6,5;1,0,3,10,9,8;2,0,4,12,11,10;3,0,5,14,13,12;4,0,1,6,15,14;5,1,7,16,15;6,1,8,18,17,16;7,1,2,9,18;8,2,10,20,19,18;9,2,3,11,20;10,3,12,22,21,20;11,3,4,13,22;12,4,14,24,23,22;13,4,5,15,24;14,5,6,16,25,24;15,6,7,17,26,25;16,7,18,28,27,26;17,7,8,9,19,28;18,9,20,30,29,28;19,9,10,11,21,30;20,11,22,32,31,30;21,11,12,13,23,32;22,13,24,34,33,32;23,13,14,15,25,34;24,15,16,26,35,34;25,16,17,27,35;26,17,28,29,36,35;27,17,18,19,29;28,19,30,31,36,27;29,19,20,21,31;30,21,32,33,36,29;31,21,22,23,33;32,23,34,35,36,31;33,23,24,25,35;34,25,26,27,36,33;35,27,29,31,33
t90n_C76_k1_belt9_adj6 40 1,5,4,3,2;0,2,7,6,5;1,0,3,8,7;2,0,4,10,9,8;3,0,5,12,11,10;4,0,1,6,13,12;5,1,7,15,14,13;6,1,2,8,16,15;7,2,3,9,17,16;8,3,10,19,18,17;9,3,4,11,19;10,4,12,21,20,19;11,4,5,13,21;12,5,6,14,22,21;13,6,15,23,22;14,6,7,16,24,23;15,7,8,17,25,24;16,8,9,18,26,25;17,9,19,28,27,26;18,9,10,11,20,28;19,11,21,30,29,28;20,11,12,13,22,30;21,13,14,23,31,30;22,14,15,24,32,31;23,15,16,25,33,32;24,16,17,26,33;25,17,18,27,34,33;26,18,28,35,34;27,18,19,20,29,35;28,20,30,36,35;29,20,21,22,31,36;30,22,23,32,37,36;31,23,24,33,38,37;32,24,25,26,34,38;33,26,27,35,39,38;34,27,28,29,36,39;35,29,30,31,37,39;36,31,32,38,39;37,32,33,34,39;38,34,35,36,37
t90i_C78_k0_belt9_adj0 41 1,6,5,4,3,2;0,2,8,7,6;1,0,3,10,9,8;2,0,4,11,10;3,0,5,13,12,11;4,0,6,14,13;5,0,1,7,15,14;6,1,8,17,16,15;7,1,2,9,18,17;8,2,10,19,18;9,2,3,11,20,19;10,3,4,12,21,20;11,4,13,22,21;12,4,5,14,23,22;13,5,6,15,24,23;14,6,7,16,24;15,7,17,26,25,24;16,7,8,18,27,26;17,8,9,19,28,27;18,9,10,20,29,28;19,10,11,21,30,29;20,11,12,22,31,30;21,12,13,23,32,31;22,13,14,24,33,32;23,14,15,16,25,33;24,16,26,34,33;25,16,17,27,35,34;26,17,18,28,36,35;27,18,19,29,36;28,19,20,30,37,36;29,20,21,31,38,37;30,21,22,32,38;31,22,23,33,39,38;32,23,24,25,34,39;33,25,26,35,40,39;34,26,27,36,40;35,27,28,29,37,40;36,29,30,38,40;37,30,31,32,39,40;38,32,33,34,40;39,34,35,36,37,38
t55a_C80_k1_belt10_adj0 42 1,5,4,3,2;0,2,8,7,6,5;1,0,3,10,9,8;2,0,4,12,11,10;3,0,5,14,13,12;4,0,1,6,15,14;5,1,7,16,15;6,1,8,18,17,16;7,1,2,9,18;8,2,10,20,19,18;9,2,3,11,20;10,3,12,22,21,20;11,3,4,13,22;12,4,14,24,23,22;13,4,5,15,24;14,5,6,16,25,24;15,6,7,17,26,25;16,7,18,28,27,26;17,7,8,9,19,28;18,9,20,30,29,28;19,9,10,11,21,30;20,11,22,32,31,30;21,11,12,13,23,32;22,13,24,34,33,32;23,13,14,15,25,34;24,15,16,26,35,34;25,16,17,27,36,35;26,17,28,37,36;27,17,18,19,29,37;28,19,30,38,37;29,19,20,21,31,38;30,21,32,39,38;31,21,22,23,33,39;32,23,34,40,39;33,23,24,25,35,40;34,25,26,36,40;35,26,27,37,41,40;36,27,28,29,38,41;37,29,30,31,39,41;38,31,32,33,40,41;39,33,34,35,36,41;40,36,37,38,39
t55b_C90_k1_belt10_adj0 47 1,5,4,3,2;0,2,8,7,6,5;1,0,3,10,9,8;2,0,4,12,11,10;3,0,5,14,13,12;4,0,1,6,15,14;5,1,7,16,15;6,1,8,18,17,16;7,1,2,9,18;8,2,10,20,19,18;9,2,3,11,20;10,3,12,22,21,20;11,3,4,13,22;12,4,14,24,23,22;13,4,5,15,24;14,5,6,16,25,24;15,6,7,17,26,25;16,7,18,28,27,26;17,7,8,9,19,28;18,9,20,30,29,28;19,9,10,11,21,30;20,11,22,32,31,30;21,11,12,13,23,32;22,13,24,34,33,32;23,13,14,15,25,34;24,15,16,26,35,34;25,16,17,27,36,35;26,17,28,38,37,36;27,17,18,19,29,38;28,19,30,40,39,38;29,19,20,21,31,40;30,21,32,42,41,40;31,21,22,23,33,42;32,23,34,44,43,42;33,23,24,25,35,44;34,25,26,36,45,44;35,26,27,37,45;36,27,38,39,46,45;37,27,28,29,39;38,29,40,41,46,37;39,29,30,31,41;40,31,42,43,46,39;41,31,32,33,43;42,33,44,45,46,41;43,33,34,35,45;44,35,36,37,46,43;45,37,39,41,43
t90n_C94_k2_belt9_adj6 49 1,5,4,3,2;0,2,7,6,5;1,0,3,8,7;2,0,4,10,9,8;3,0,5,12,11,10;4,0,1,6,13,12;5,1,7,15,14,13;6,1,2,8,16,15;7,2,3,9,17,16;8,3,10,19,18,17;9,3,4,11,19;10,4,12,21,20,19;11,4,5,13,21;12,5,6,14,22,21;13,6,15,23,22;14,6,7,16,24,23;15,7,8,17,25,24;16,8,9,18,26,25;17,9,19,28,27,26;18,9,10,11,20,28;19,11,21,30,29,28;20,11,12,13,22,30;21,13,14,23,31,30;22,14,15,24,32,31;23,15,16,25,33,32;24,16,17,26,34,33;25,17,18,27,35,34;26,18,28,37,36,35;27,18,19,20,29,37;28,20,30,39,38,37;29,20,21,22,31,39;30,22,23,32,40,39;31,23,24,33,41,40;32,24,25,34,42,41;33,25,26,35,42;34,26,27,36,43,42;35,27,37,44,43;36,27,28,29,38,44;37,29,39,45,44;38,29,30,31,40,45;39,31,32,41,46,45;40,32,33,42,47,46;41,33,34,35,43,47;42,35,36,44,48,47;43,36,37,38,45,48;44,38,39,40,46,48;45,40,41,47,48;46,41,42,43,48;47,43,44,45,46
t90i_C96_k1_belt9_adj0 50 1,6,5,4,3,2;0,2,8,7,6;1,0,3,10,9,8;2,0,4,11,10;3,0,5,13,12,11;4,0,6,14,13;5,0,1,7,15,14;6,1,8,17,16,15;7,1,2,9,18,17;8,2,10,19,18;9,2,3,11,20,19;10,3,4,12,21,20;11,4,13,22,21;12,4,5,14,23,22;13,5,6,15,24,23;14,6,7,16,24;15,7,17,26,25,24;16,7,8,18,27,26;17,8,9,19,28,27;18,9,10,20,29,28;19,10,11,21,30,29;20,11,12,22,31,30;21,12,13,23,32,31;22,13,14,24,33,32;23,14,15,16,25,33;24,16,26,35,34,33;25,16,17,27,36,35;26,17,18,28,37,36;27,18,19,29,38,37;28,19,20,30,39,38;29,20,21,31,40,39;30,21,22,32,41,40;31,22,23,33,42,41;32,23,24,25,34,42;33,25,35,43,42;34,25,26,36,44,43;35,26,27,37,45,44;36,27,28,38,45;37,28,29,39,46,45;38,29,30,40,47,46;39,30,31,41,47;40,31,32,42,48,47;41,32,33,34,43,48;42,34,35,44,49,48;43,35,36,45,49;44,36,37,38,46,49;45,38,39,47,49;46,39,40,41,48,49;47,41,42,43,49;48,43,44,45,46,47
t55a_C100_k2_belt10_adj0 52 1,5,4,3,2;0,2,8,7,6,5;1,0,3,10,9,8;2,0,4,12,11,10;3,0,5,14,13,12;4,0,1,6,15,14;5,1,7,16,15;6,1,8,18,17,16;7,1,2,9,18;8,2,10,20,19,18;9,2,3,11,20;10,3,12,22,21,20;11,3,4,13,22;12,4,14,24,23,22;13,4,5,15,24;14,5,6,16,25,24;15,6,7,17,26,25;16,7,18,28,27,26;17,7,8,9,19,28;18,9,20,30,29,28;19,9,10,11,21,30;20,11,22,32,31,30;21,11,12,13,23,32;22,13,24,34,33,32;23,13,14,15,25,34;24,15,16,26,35,34;25,16,17,27,36,35;26,17,28,38,37,36;27,17,18,19,29,38;28,19,30,40,39,38;29,19,20,21,31,40;30,21,32,42,41,40;31,21,22,23,33,42;32,23,34,44,43,42;33,23,24,25,35,44;34,25,26,36,45,44;35,26,27,37,46,45;36,27,38,47,46;37,27,28,29,39,47;38,29,40,48,47;39,29,30,31,41,48;40,31,42,49,48;41,31,32,33,43,49;42,33,44,50,49;43,33,34,35,45,50;44,35,36,46,50;45,36,37,47,51,50;46,37,38,39,48,51;47,39,40,41,49,51;48,41,42,43,50,51;49,43,44,45,46,51;50,46,47,48,49
t55b_C110_k2_belt10_adj0 57 1,5,4,3,2;0,2,8,7,6,5;1,0,3,10,9,8;2,0,4,12,11,10;3,0,5,14,13,12;4,0,1,6,15,14;5,1,7,16,15;6,1,8,18,17,16;7,1,2,9,18;8,2,10,20,19,18;9,2,3,11,20;10,3,12,22,21,20;11,3,4,13,22;12,4,14,24,23,22;13,4,5,15,24;14,5,6,16,25,24;15,6,7,17,26,25;16,7,18,28,27,26;17,7,8,9,19,28;18,9,20,30,29,28;19,9,10,11,21,30;20,11,22,32,31,30;21,11,12,13,23,32;22,13,24,34,33,32;23,13,14,15,25,34;24,15,16,26,35,34;25,16,17,27,36,35;26,17,28,38,37,36;27,17,18,19,29,38;28,19,30,40,39,38;29,19,20,21,31,40;30,21,32,42,41,40;31,21,22,23,33,42;32,23,34,44,43,42;33,23,24,25,35,44;34,25,26,36,45,44;35,26,27,37,46,45;36,27,38,48,47,46;37,27,28,29,39,48;38,29,40,50,49,48;39,29,30,31,41,50;40,31,42,52,51,50;41,31,32,33,43,52;42,33,44,54,53,52;43,33,34,35,45,54;44,35,36,46,55,54;45,36,37,47,55;46,37,48,49,56,55;47,37,38,39,49;48,39,50,51,56,47;49,39,40,41,51;50,41,52,53,56,49;51,41,42,43,53;52,43,54,55,56,51;53,43,44,45,55;54,45,46,47,56,53;55,47,49,51,53
t90n_C112_k3_belt9_adj6 58 1,5,4,3,2;0,2,7,6,5;1,0,3,8,7;2,0,4,10,9,8;3,0,5,12,11,10;4,0,1,6,13,12;5,1,7,15,14,13;6,1,2,8,16,15;7,2,3,9,17,16;8,3,10,19,18,17;9,3,4,11,19;10,4,12,21,20,19;11,4,5,13,21;12,5,6,14,22,21;13,6,15,23,22;14,6,7,16,24,23;15,7,8,17,25,24;16,8,9,18,26,25;17,9,19,28,27,26;18,9,10,11,20,28;19,11,21,30,29,28;20,11,12,13,22,30;21,13,14,23,31,30;22,14,15,24,32,31;23,15,16,25,33,32;24,16,17,26,34,33;25,17,18,27,35,34;26,18,28,37,36,35;27,18,19,20,29,37;28,20,30,39,38,37;29,20,21,22,31,39;30,22,23,32,40,39;31,23,24,33,41,40;32,24,25,34,42,41;33,25,26,35,43,42;34,26,27,36,44,43;35,27,37,46,45,44;36,27,28,29,38,46;37,29,39,48,47,46;38,29,30,31,40,48;39,31,32,41,49,48;40,32,33,42,50,49;41,33,34,43,51,50;42,34,35,44,51;43,35,36,45,52,51;44,36,46,53,52;45,36,37,38,47,53;46,38,48,54,53;47,38,39,40,49,54;48,40,41,50,55,54;49,41,42,51,56,55;50,42,43,44,52,56;51,44,45,53,57,56;52,45,46,47,54,57;53,47,48,49,55,57;54,49,50,56,57;55,50,51,52,57;56,52,53,54,55
t90i_C114_k2_belt9_adj0 59 1,6,5,4,3,2;0,2,8,7,6;1,0,3,10,9,8;2,0,4,11,10;3,0,5,13,12,11;4,0,6,14,13;5,0,1,7,15,14;6,1,8,17,16,15;7,1,2,9,18,17;8,2,10,19,18;9,2,3,11,20,19;10,3,4,12,21,20;11,4,13,22,21;12,4,5,14,23,22;13,5,6,15,24,23;14,6,7,16,24;15,7,17,26,25,24;16,7,8,18,27,26;17,8,9,19,28,27;18,9,10,20,29,28;19,10,11,21,30,29;20,11,12,22,31,30;21,12,13,23,32,31;22,13,14,24,33,32;23,14,15,16,25,33;24,16,26,35,34,33;25,16,17,27,36,35;26,17,18,28,37,36;27,18,19,29,38,37;28,19,20,30,39,38;29,20,21,31,40,39;30,21,22,32,41,40;31,22,23,33,42,41;32,23,24,25,34,42;33,25,35,44,43,42;34,25,26,36,45,44;35,26,27,37,46,45;36,27,28,38,47,46;37,28,29,39,48,47;38,29,30,40,49,48;39,30,31,41,50,49;40,31,32,42,51,50;41,32,33,34,43,51;42,34,44,52,51;43,34,35,45,53,52;44,35,36,46,54,53;45,36,37,47,54;46,37,38,48,55,54;47,38,39,49,56,55;48,39,40,50,56;49,40,41,51,57,56;50,41,42,43,52,57;51,43,44,53,58,57;52,44,45,54,58;53,45,46,47,55,58;54,47,48,56,58;55,48,49,50,57,58;56,50,51,52,58;57,52,53,54,55,56
t55a_C120_k3_belt10_adj0 62 1,5,4,3,2;0,2,8,7,6,5;1,0,3,10,9,8;2,0,4,12,11,10;3,0,5,14,13,12;4,0,1,6,15,14;5,1,7,16,15;6,1,8,18,17,16;7,1,2,9,18;8,2,10,20,19,18;9,2,3,11,20;10,3,12,22,21,20;11,3,4,13,22;12,4,14,24,23,22;13,4,5,15,24;14,5,6,16,25,24;15,6,7,17,26,25;16,7,18,28,27,26;17,7,8,9,19,28;18,9,20,30,29,28;19,9,10,11,21,30;20,11,22,32,31,30;21,11,12,13,23,32;22,13,24,34,33,32;23,13,14,15,25,34;24,15,16,26,35,34;25,16,17,27,36,35;26,17,28,38,37,36;27,17,18,19,29,38;28,19,30,40,39,38;29,19,20,21,31,40;30,21,32,42,41,40;31,21,22,23,33,42;32,23,34,44,43,42;33,23,24,25,35,44;34,25,26,36,45,44;35,26,27,37,46,45;36,27,38,48,47,46;37,27,28,29,39,48;38,29,40,50,49,48;39,29,30,31,41,50;40,31,42,52,51,50;41,31,32,33,43,52;42,33,44,54,53,52;43,33,34,35,45,54;44,35,36,46,55,54;45,36,37,47,56,55;46,37,48,57,56;47,37,38,39,49,57;48,39,50,58,57;49,39,40,41,51,58;50,41,52,59,58;51,41,42,43,53,59;52,43,54,60,59;53,43,44,45,55,60;54,45,46,56,60;55,46,47,57,61,60;56,47,48,49,58,61;57,49,50,51,59,61;58,51,52,53,60,61;59,53,54,55,56,61;60,56,57,58,59
