g61_8_3597 30 1,2,3,4,5;0,22,12,5,2,7,13;0,3,1,29,22;0,2,4,28,25,29,24;0,3,23,5,24;0,13,1,4,23;17,26,20,7,27,19;27,6,17,1,18,20,12,13;20,26,9,14,22,13,17;14,15,16,18,10,8,19,20,17;18,19,20,9,17,11;12,26,22,24,19,10,21,20;11,21,29,1,26,22,7;5,14,8,1,23,7;23,15,9,13,8;14,16,9,24,23;17,15,24,9,19,25,20;6,16,18,7,10,9,27,22,8;22,10,17,26,9,7;27,10,16,9,11,6,22;8,10,6,29,27,9,7,11,22,16;12,22,26,29,11,28,27,25;1,18,28,27,21,11,8,12,17,29,2,19,20;14,4,5,15,24,13;27,16,11,4,15,25,23,3;3,28,24,16,26,21;11,6,8,27,18,28,21,12,25;24,19,7,22,28,6,26,20,17,21;22,27,3,26,25,21,29;12,20,21,2,3,28,22
g61_3_3082 28 1,2,3,4,5;0,5,2,11,15;0,3,1,15,22;0,2,4,23,7,22,19,16;0,3,23,5,13;0,13,1,21,4,17,11;17,8,9,18,24,19;14,23,3,17,16,18,26,13;20,25,6,9,24;22,13,18,8,19,6,26,25;13,12,26,21,11,23,27;1,24,10,5,16,17,15,20;21,18,10,19,25,14,27;10,5,21,9,15,22,4,27,23,7,20;19,7,23,18,22,21,16,12;25,22,13,2,20,1,23,11;26,18,27,19,7,11,14,3;6,18,24,7,5,21,27,11;22,14,17,12,16,9,21,7,6;27,14,12,16,9,6,3,22;8,24,26,15,25,13,11;12,13,14,10,18,5,26,23,17;18,9,15,14,13,3,25,26,2,19;14,7,3,4,21,10,15,24,13;20,17,11,23,8,6;15,8,22,20,12,9;16,27,10,20,21,9,7,22;19,26,16,13,17,12,10
g61_16_1877 30 1,2,3,4,5;0,22,5,2,7;0,3,21,1,12,29,20,22;0,2,4,25,29;0,25,3,5,16;0,13,1,10,4,17,16,9,7;17,23,22,25,15,21,9,24,19,10;21,17,1,18,5,12,22;20,11,19,21,22,15,29;22,24,10,17,5,6;28,13,24,29,20,5,9,15,25,6,27;12,23,8,24,16,17,15;11,21,29,2,7,27,15;26,10,5,21,16,18,19;23,18,28,27,26;22,6,10,17,8,11,12;13,24,18,28,4,5,11,25,20;6,19,29,7,5,9,15,27,11;28,14,20,16,26,7,13;24,20,17,8,6,13;8,24,18,10,21,19,2,22,16;12,13,2,20,7,8,6;1,9,15,27,6,8,26,2,7,20;14,27,25,6,11,29,28;19,20,10,16,9,29,11,6;4,23,6,3,28,29,10,16;13,27,18,22,14;23,22,14,26,29,17,12,10;18,10,14,16,25,23;12,10,24,17,2,27,3,25,23,8
g61_6_3472 30 1,2,3,4,5;0,22,5,2,7;0,3,21,1,12,29,20,22;0,2,4,25,29;0,25,3,5,16;0,13,1,10,4,17,16,9,7;17,8,9,12,18,10;17,15,1,18,19,26,5,12,22;20,6,11,9,27,19,21,22,18,12;24,23,10,8,17,5,6,11;28,13,19,29,20,5,21,9,15,11,25,6,27;12,25,23,8,18,19,10,16,21,9;11,21,29,19,2,13,6,8,26,7,14,15;10,5,21,16,12;28,27,16,12,26;22,20,7,10,24,12;20,13,24,18,28,4,5,11,14,25;25,6,24,29,7,5,9,27,28;28,20,16,11,29,7,8,6;24,10,20,12,11,8,7;8,16,18,10,21,19,15,2,22;12,13,2,20,10,23,8,11;1,15,8,26,2,7,20;27,25,11,9,21,24,29,28;27,19,16,9,29,17,15,23;4,17,11,23,3,28,29,10,16;27,12,7,22,14;24,23,14,26,8,17,10,29;18,10,14,16,25,17,23;12,10,24,18,17,2,3,25,23,27
g61_34_1121 28 1,2,3,4,5;0,5,2,11,15;0,3,1,15,22;0,2,4,23,7,22,19;0,3,23,5,13,27;0,13,1,21,4,17,11;17,8,9,24,19;14,27,23,3,17,18,10,19,26;20,25,6,9,24;22,18,8,19,6,26,25;13,18,24,12,21,7;14,23,1,24,5,17,15,20;21,18,10,13,23,26,22,14;10,5,21,15,22,12,4,27,20;19,24,7,15,21,11,25,16,12,26;25,14,22,13,26,2,20,1,18,23,11;26,27,23,14;6,24,19,7,5,26,21,11;10,20,12,9,21,15,7,23;14,21,17,9,7,6,3,22;8,24,18,15,25,13,11;12,13,14,19,10,18,5,17,27;9,15,27,13,3,25,12,26,2,19;27,7,3,11,16,4,26,18,15,12,24;14,20,10,17,11,23,8,6;15,8,14,22,20,9;16,15,17,23,9,12,7,22,14;7,23,22,16,13,4,21
g61_30_3428 30 1,2,3,4,5;0,22,12,5,2,7,13;0,3,1,29,22;0,2,4,28,25,29,24;0,3,23,5,24;0,13,1,4,23;20,27,8,29,9,10;8,27,25,21,17,1,29,12,13;7,26,6,9,14,22,13,17;14,15,16,18,10,8,19,17,6;18,19,9,17,11,25,6;26,22,24,19,10,16,21,28,20;21,29,1,22,25,20,7;5,14,8,1,23,7,20;23,15,9,13,8;14,16,9,24,23;17,15,24,9,11;25,16,18,7,10,9,8;22,10,19,17,9;18,10,29,9,11,25,22;6,21,29,27,28,25,12,13,11;12,22,20,7,26,29,11,28,27,25;1,18,21,11,8,12,29,2,19;14,4,5,15,24,13;27,16,11,4,15,25,23,3;17,7,3,28,24,19,20,10,12,21;11,8,29,28,21;24,7,28,6,20,21;27,3,26,25,20,11,21,29;12,26,19,20,21,2,6,3,7,28,22
g61_32_3303 31 1,2,3,4,5;0,5,2,7,8,6;0,3,6,11,10,1;0,21,2,4,11;0,3,5,21,12;0,13,12,1,4,7;2,20,23,14,8,21,9,1,10;8,14,25,21,9,16,1,19,26,5,13;7,6,9,14,1,12,15;13,15,16,8,7,17,6,25;18,19,26,2,17,11,6,14;2,3,19,10,21,28,15,20;21,24,5,13,23,8,22,4;5,9,15,12,25,27,7;7,6,25,8,10;22,9,13,19,21,8,11;26,17,9,27,29,7,20;16,18,10,9,27,28;28,10,19,17,29;18,10,29,20,15,11,7;6,21,19,29,26,11,22,16;3,12,22,20,7,15,6,11,4,30;15,21,12,29,20;6,12,24,30,29;27,30,12,25,23;7,14,13,24,26,9;16,29,27,10,20,7,25;24,30,28,26,16,13,17;18,30,27,11,17,29;30,26,19,20,18,16,23,28,22;27,24,29,28,23,21
g61_25_2529 28 1,2,3,4,5;0,5,2,11,15;0,3,1,15,22;0,2,4,23,7,22,19,16;0,3,23,5,13;0,13,1,21,4,17,11;17,8,9,24,19;14,23,3,17,16,10,26;20,25,6,9,24;22,13,18,8,19,6,26,25;22,13,12,16,26,23,7;14,1,24,5,17,15,20;21,24,10,19,13,26,25,27,15;10,5,21,9,12,4,27,23,20;7,18,22,21,11,27,16,26;25,22,2,20,1,18,11,12;26,18,10,27,19,7,14,25,3;6,24,19,7,5,26,21,11;22,14,16,9,21,15;27,21,17,12,16,9,6,3,22;8,24,15,25,13,11;12,13,14,19,18,5,26,23,17;10,18,9,15,14,3,25,26,2,19;27,7,3,4,21,10,13;20,12,17,11,8,6;15,8,22,20,12,16,9;16,27,10,21,17,9,12,7,22,14;19,23,14,26,16,13,12
g61_13_2279 28 1,2,3,4,5;0,5,2,11,15;0,3,1,15,22;0,2,4,23,7,14,22,19;0,3,23,5,13;0,13,1,21,4,17,11;17,8,9,24,19;14,23,3,10,12;20,25,6,9,24;22,13,12,8,19,6,25;22,13,12,16,11,7,27,14;14,23,1,18,24,10,5,17,15,20;9,10,17,23,26,20,7,14,27;10,5,21,9,22,4,27,23;19,24,7,15,11,3,16,12,10,26;25,14,16,22,2,20,1,23,11;15,18,10,27,23,14,20;6,19,24,12,5,21,11;27,16,11,23;27,14,17,9,6,3,22;8,24,15,25,12,11,16;13,5,26,23,17;10,9,15,13,3,25,26,2,19;27,7,3,11,16,4,21,26,18,15,12,13;14,20,17,11,8,6;15,8,22,20,9;27,21,23,12,22,14;19,23,18,26,16,13,12,10
g61_5_2447 30 1,2,3,4,5;0,22,5,2,7;0,3,21,1,12,29,20,22;0,2,4,25,29;0,25,3,5,16;0,13,1,10,4,17,16,9,7;23,8,25,21,9,10;17,1,19,26,5,12,22;20,6,9,19,22,15,12;22,10,8,17,5,6,11;28,13,24,29,20,5,21,9,15,25,6,27;25,22,23,18,16,21,9,15;21,29,2,8,26,7,27,15;26,10,5,16,15,22,18;23,18,28,27,26;22,13,10,24,17,8,11,12;20,13,24,18,28,4,5,11,25;25,24,19,29,7,20,5,9,15,27;28,14,20,16,26,11,13;24,20,17,8,7,22;8,16,24,18,10,21,19,17,2,22;12,2,20,10,24,6,11;1,9,15,11,13,8,2,19,7,20;14,27,25,6,11,29,28;19,20,10,16,17,21,15;4,17,11,23,6,3,28,29,10,16;13,27,18,12,7,14;23,14,26,17,12,10,29;18,10,14,16,25,23;12,10,17,2,3,25,23,27
g61_33_3452 28 1,2,3,4,5;0,5,2,11,15;0,3,1,15,22;0,2,4,23,7,22,18,19;0,3,23,5,13;0,13,1,10,21,4,17,11;26,8,9,24,19,10;25,3,16,18,10,19,12;20,26,6,11,9,19,24;22,16,18,8,19,6,25;13,18,19,12,5,21,7,6;14,8,1,24,5,17,15,20;18,10,19,7,27;10,5,15,4,27,23,20;15,18,21,11,16,26;25,14,22,13,2,20,1,11;9,27,23,19,7,14;25,18,24,5,21,27,11;10,14,17,12,9,7,23,3;27,10,21,12,16,9,8,7,6,3,22;8,24,15,25,13,11;14,19,10,5,26,17,25;9,24,15,3,2,19;27,3,16,4,18,24,13;22,20,17,11,23,8,6;17,15,7,27,20,21,9;6,8,21,14;19,23,16,25,13,17,12
g61_1_2317 28 1,2,3,4,5;0,5,2,11,15;0,3,1,15,22;0,2,4,23,7,22,19;0,3,23,5,13,27;0,13,1,21,4,17,11;17,8,9,24,19;14,27,23,3,18,10,19,26,12;20,25,6,9,24;22,18,8,19,6,26,25;13,24,12,26,21,11,7,25,27;12,14,23,1,24,10,27,5,17,15,20;11,21,16,18,10,26,22,7,14;10,5,21,16,14,4,27,20;7,15,18,21,11,13,25,16,12,26;25,14,22,2,20,1,18,11;17,12,13,18,19,14;6,16,18,24,19,5,21,11;14,27,17,12,16,9,15,7;21,17,16,9,7,6,3,22;8,24,15,25,13,11;12,13,14,19,10,5,23,17;9,15,27,3,25,12,26,2,19;27,7,3,11,4,21,24;20,10,17,11,23,8,6;15,8,14,22,20,10,9;10,9,12,7,22,14;7,23,18,22,11,13,4,10
g61_26_1094 28 1,2,3,4,5;0,5,2,11,15;0,3,1,15,22;0,2,4,23,7,22,18,19;0,3,23,5,13;0,13,1,10,21,4,17,11;17,26,8,9,18,24,19;14,3,17,16,18,19,26,12;20,25,6,9,24;22,13,18,8,19,6,25;13,18,5,26,21;23,1,24,5,17,15,20;21,18,23,26,22,7,14,27;10,5,9,15,4,27,23,20;19,24,7,18,27,25,16,12;25,22,13,2,20,1,23,11;21,26,18,27,23,19,7,22,14;6,18,24,19,7,5,26,21,11;10,27,14,17,12,16,9,7,23,6,3;27,14,17,16,9,7,6,3,22;8,24,15,25,13,11;12,16,10,5,26,17;9,15,3,25,16,12,26,2,19;27,3,11,16,4,26,18,15,12,13;14,20,17,11,8,6;15,8,14,22,20,9;16,6,10,21,17,23,12,7,22;19,23,18,14,16,13,12
g61_28_3436 30 1,2,3,4,5;0,22,5,2,7;0,3,21,1,12,29,20,22;0,2,4,25,29;0,25,3,5,16;0,13,1,10,4,17,16,9,7;17,25,15,9,12,18,19,10;17,1,19,26,5,22;20,11,9,19,12,29;22,24,10,8,17,5,6,11;28,13,20,5,21,9,15,11,25,6,27;23,8,18,24,19,10,16,21,9,15;21,29,2,13,6,8,26,15;10,5,21,16,22,12,18;23,18,28,27,26;6,10,24,17,11,12;13,24,18,28,4,5,11,25;6,24,19,7,20,5,21,9,15,28;28,14,16,26,11,6,13;20,17,11,8,7,6,22;8,24,10,21,19,17,2,25,22;12,13,2,20,10,24,17,11;1,9,27,13,2,19,7,20;14,27,25,11,29,28;20,16,9,17,21,11,15;4,23,6,3,28,29,20,10,16;27,18,12,7,14;23,22,14,26,10,29;18,10,14,16,25,17,23;12,2,3,25,23,8,27
g61_0_516 28 1,2,3,4,5;0,5,2,11,15;0,3,1,15,22;0,2,4,23,7,22,18,19;0,3,23,5,13;0,13,1,10,21,4,17,11;17,8,9,24,19,10;14,3,17,18,19,26;20,25,6,9,24;22,18,8,6,26,25;13,24,12,5,26,21,6,27;23,1,24,5,17,15,20;21,18,10,19,17,27;10,5,15,4,27,23,20;7,15,21,25,16,26;25,14,22,13,2,20,1,23,11;21,26,18,27,23,19,14;6,18,24,19,7,12,5,26,21,27,11;27,17,12,16,9,7,23,3;27,12,17,16,7,6,3,22;8,24,15,25,13,11;12,16,14,10,5,26,17;9,15,3,25,26,2,19;27,25,3,11,16,4,26,18,15,13;20,10,17,11,8,6;15,23,8,14,22,20,9;16,27,10,21,17,23,9,7,22,14;19,23,18,26,16,13,17,12,10
g61_30_2449 30 1,2,3,4,5;0,22,12,5,2,7,13;0,3,1,29,22;0,2,4,28,25,29,24;0,3,23,5,24;0,13,1,4,23;20,27,8,25,16,9,18,10;8,25,28,21,1,18,12,13;20,7,26,6,9,14,19,22,13,17;14,15,16,18,10,8,19,17,6;18,19,29,9,17,11,6,27;12,22,24,10,21,28,17,20;11,21,1,26,22,7,27;5,14,8,1,23,7,20;23,15,9,13,8;14,16,9,24,23;17,15,24,9,27,19,6;25,16,20,10,26,9,11,8;10,19,26,9,7,6;18,10,20,16,9,8,25,22;8,6,21,19,17,27,28,25,13,11;12,22,20,7,26,29,11,28,27,25;1,27,21,11,25,8,12,29,2,19;14,4,5,15,24,13;16,11,4,15,25,23,3;17,7,6,3,28,22,24,19,20,26,21;8,29,27,18,21,17,12,25;22,6,26,16,20,21,12,10;7,3,25,20,11,21,29;10,26,21,2,3,28,22
g61_17_557 30 1,2,3,4,5;0,22,5,2,7;0,3,21,1,12,29,20,22;0,2,4,25,29;0,25,3,5,16;0,13,1,10,4,17,16,9,7;8,22,16,21,9,19,10;17,1,18,19,5,22;6,11,9,19,21,15,12;22,12,10,8,20,17,5,6,11;28,13,24,29,20,5,9,15,11,25,6;25,8,19,10,9,17;21,29,9,19,2,13,8,27;26,10,5,21,16,22,12,19;23,18,28,27,26;22,20,10,17,8;13,24,18,28,4,5,6,25,20;25,19,29,7,20,5,21,9,15,11;28,14,20,16,26,7;24,17,12,11,8,7,6,22,13;24,18,10,21,17,15,23,9,2,25,22,16;12,13,2,20,17,8,6;1,9,15,27,13,6,26,2,19,7,20;14,27,25,20,29,28;19,20,10,16;4,17,11,23,3,28,29,20,10,16;13,27,18,22,14;23,22,14,26,29,12;18,10,14,16,25,23;12,10,17,2,27,3,25,23
g61_14_2912 28 1,2,3,4,5;0,5,2,11,15;0,3,1,15,22;0,2,4,23,7,22,19,16;0,3,23,5,13;0,13,1,21,4,17,11;17,8,9,18,24,19;14,23,3,17,16,10,12,13;20,25,6,9,24;22,13,18,8,6;22,13,12,21,11,7,27;12,23,1,24,10,5,16,17,15,20;11,24,10,13,26,7,14,15;10,5,21,9,15,12,4,27,23,7;19,7,23,18,22,27,16,12;25,22,13,26,2,20,1,23,11,12;21,24,18,27,19,7,11,14,3;6,18,24,19,7,5,26,21,27,11;27,14,17,16,9,21,23,6;27,14,21,17,16,6,3,22;8,24,26,15,25,11;16,13,19,10,18,5,26,17;10,9,15,14,3,25,26,2,19;14,7,25,3,11,4,18,15,13;20,12,16,17,11,8,6;15,23,8,22,20;15,20,21,17,12,22;19,18,14,16,13,17,10
g61_6_450 30 1,2,3,4,5;0,22,5,2,7;0,3,21,1,12,29,20,22;0,2,4,25,29;0,25,3,5,16;0,13,1,10,4,17,16,9,7;23,8,22,15,21,12,18,10;21,17,15,1,5,22;20,6,11,9,19,12;22,10,8,17,5,11;28,13,24,19,20,5,9,15,11,6,27;8,18,24,19,10,9,17;21,29,2,13,6,8,27,15;26,10,5,21,16,12,18,19;23,18,28,27,26;22,7,6,10,24,12;13,24,18,28,4,5,25;25,24,29,7,20,5,21,9,11,28;28,14,16,26,11,6,13;10,20,11,8,22,13;8,24,10,21,19,17,2,25,22;12,13,2,20,7,24,17,6;1,9,27,15,6,26,2,19,7,20;14,27,25,6,29,28;20,10,16,29,17,21,11,15;4,17,23,3,28,29,20,16;13,27,18,22,14;23,22,14,26,12,10,29;18,10,14,16,25,17,23;12,24,17,2,3,25,23,27
g61_21_2743 31 1,2,3,4,5;0,5,2,7,8,6;0,3,6,11,10,1;0,21,2,4,11;0,3,5,21,12;0,13,12,1,4,7;2,20,23,27,8,15,21,9,12,1,10;8,25,11,9,1,19,5,13,22;7,6,11,14,1;15,10,7,17,6,25;13,18,19,26,2,9,17,11,6,14;2,3,7,8,19,10,21,28,20;21,24,5,13,23,6,22,25,4;10,5,15,14,12,25,27,7;15,13,25,8,17,16,10;25,14,22,9,13,21,6;26,17,27,29,14,20;16,18,10,9,27,14,28;28,10,19,17,29;27,18,10,29,20,11,7;6,21,19,29,26,11,22,16;3,12,22,20,15,6,11,4,30;23,15,27,21,12,29,7,20;22,6,12,24,30,29;27,30,12,26,25,23;15,7,14,13,24,12,26,9;16,24,27,10,20,25;24,30,19,22,28,6,26,16,13,17;18,30,27,11,17,29;30,19,20,18,16,23,28,22;27,24,29,28,23,21
g61_1_2785 28 1,2,3,4,5;0,5,2,11,15;0,3,1,15,22;0,2,4,23,7,22,19;0,3,23,5,13,27;0,13,1,21,4,17,11;17,8,9,24,19;14,27,23,3,10,19,26,13;20,25,6,9,24;22,13,18,8,19,6,26,25;13,24,12,21,15,7,27;12,14,23,1,24,27,5,17,15,20;11,21,16,18,10,13,23,26,22,14;10,5,21,9,16,14,12,4,27,7,20;19,24,7,15,21,11,13,16,12,26;25,14,22,26,2,20,10,1,18,11;26,12,13,18,27,23,19,14;6,18,24,19,5,21,11;22,20,17,12,16,9,15,23;14,21,17,16,9,7,6,3,22;8,24,18,15,25,13,11;12,13,14,19,10,5,26,17;18,9,15,27,3,25,12,26,2,19;27,7,25,3,11,16,4,18,12,24;14,20,10,17,11,23,8,6;15,23,8,22,20,9;16,15,21,9,12,7,22,14;7,23,22,16,11,13,4,10
g61_1_1020 28 1,2,3,4,5;0,5,2,11,15;0,3,1,15,22;0,2,4,23,7,22,19;0,3,23,5,13,27;0,13,1,21,4,17,11;17,8,9,24,19;14,27,23,3,17,18,10,19,26,12,13;20,25,6,9,24;22,18,8,19,6,25;13,24,12,16,21,11,7,25,27;12,1,24,10,27,5,17,15,20;11,21,16,18,10,23,26,7;10,5,21,14,22,4,27,7,20;19,24,7,15,18,13,27,25,26;25,14,22,2,20,1,18,23,11;26,12,18,10,27,23;6,18,24,19,7,5,26,21,11;14,17,12,16,9,21,15,7,23;14,21,17,9,7,6,3,22;8,24,15,25,13,11;12,13,19,10,18,5,26,23,17;9,15,27,13,3,25,26,2,19;27,7,3,16,4,21,18,15,12;14,20,10,17,11,8,6;15,8,14,22,20,10,9;16,21,17,12,7,22,14;7,23,22,14,16,11,13,4,10
g61_1_1707 28 1,2,3,4,5;0,5,2,11,15;0,3,1,15,22;0,2,4,23,7,22,19;0,3,23,5,13,27;0,13,1,21,4,17,11;17,8,9,24,19;14,27,23,3,17,18,10,19,26,12;20,25,6,9,24;22,8,19,6,25;13,18,24,19,16,26,15,7,25;1,24,27,5,17,15,20;13,26,7,14;10,5,21,15,14,22,12,4,27;7,15,18,13,25,16,12,26;25,14,22,13,26,2,20,10,1,23,11;17,18,10,27,14;6,16,18,24,19,7,5,26,21,11;22,10,14,27,20,17,16,21,7,23;10,17,9,7,6,3,22;8,24,18,15,25,11;13,18,5,26,17;18,9,15,27,13,3,25,2,19;27,7,25,3,4,26,18,15,24;20,10,17,11,23,8,6;15,23,8,14,22,20,10,9;15,10,21,17,23,12,7,14;7,23,18,22,16,11,13,4
g61_0_2199 28 1,2,3,4,5;0,5,2,11,15;0,3,1,15,22;0,2,4,23,7,22,18,19;0,3,23,5,13;0,13,1,10,21,4,17,11;26,8,15,9,24,10;14,3,17,16,18,10,19,12,13;25,6,9,22,10,24,17;22,12,8,19,6,26,25;13,18,19,5,26,21,7,8,6,27;14,1,24,5,17,15,20;21,9,18,17,26,7,27;10,5,15,4,23,7;24,7,18,11,27,25,16,26;25,22,13,2,6,1,23,11;21,26,27,23,19,7,22,14,20;24,7,12,5,26,21,11,8;10,27,14,12,7,23,3;10,21,20,16,9,7,3,22;24,19,26,27,11,16;12,16,19,10,5,23,17;9,15,3,25,8,16,2,19;27,3,16,4,21,18,15,13;14,20,17,11,8,6;15,8,14,22,9;16,6,27,10,20,17,9,12,14;23,18,14,26,16,20,12,10
g61_25_2937 28 1,2,3,4,5;0,5,2,11,15;0,3,1,15,22;0,2,4,23,7,22,19,16;0,3,23,5,13;0,13,1,21,4,17,11;17,8,9,24,19;14,23,3,17,16,18,10,26,12,13;20,25,6,9,24;22,18,8,19,6,26,25;12,16,26,21,23,7;14,1,24,5,16,17,15,20;24,10,19,13,26,25,7,14,27;5,21,14,12,4,27,23,7;7,23,18,11,13,27,16,12;25,16,22,26,2,20,1,18,23,11;21,26,15,18,10,27,19,7,11,14,25,3;6,18,24,19,7,5,26,21,11;14,17,16,9,15,7,23;27,17,12,16,9,6,3,22;8,24,26,15,25,11;16,13,10,5,26,17;9,15,3,25,26,2,19;14,27,7,25,3,4,10,18,15,13;20,12,17,11,8,6;15,23,8,22,20,12,16,9;16,27,15,10,20,21,17,9,12,7,22;19,23,14,26,16,13,12
g61_13_3910 28 1,2,3,4,5;0,5,2,11,15;0,3,1,15,22;0,2,4,23,7,14,22,19;0,3,23,5,13;0,13,1,21,4,17,11;17,8,9,24,19;14,23,3,17,16,18,26,12,13;20,25,6,9,24;22,12,8,19,6,25;22,12,16,21,11,23;26,14,23,1,18,24,10,5,17,15,20;9,10,17,23,26,22,20,7,14,27;26,5,21,15,4,18,23,7;19,7,18,21,11,3,25,16,12,26;25,16,22,13,2,20,1,23,11;21,26,17,15,10,23,7,22,14,20;6,16,19,24,7,12,5,21,11;22,14,21,11,7,13;27,14,17,9,6,3,22;8,24,15,25,12,11,16;16,13,14,10,18,5,26,17;10,18,9,15,3,25,16,12,26,2,19;27,7,3,11,16,4,10,15,12,24,13;20,17,11,23,8,6;15,8,14,22,20,9;13,11,16,27,21,12,7,22,14;19,23,26,12
g61_28_1040 30 1,2,3,4,5;0,22,5,2,7;0,3,21,1,12,29,20,22;0,2,4,25,29;0,25,3,5,16;0,13,1,10,4,17,16,9,7;23,8,22,25,16,21,12,24;17,15,1,18,19,26,5,12,22;20,6,9,21,15,12,29;24,10,8,20,17,5,11;28,13,19,24,29,20,5,21,9,11,25,27;22,23,18,24,10,9,15;21,29,19,2,6,8,26,7,27;26,10,5,21,16,22,18,19;23,18,28,27,26;22,7,17,8,11;20,13,18,28,4,5,6,25;25,24,19,7,5,9,15,28;28,14,16,26,11,7,13;10,20,17,12,7,13;8,16,24,10,21,19,23,9,2,22;12,13,2,20,10,8,6;1,27,15,11,13,6,2,7,20;14,27,25,6,11,20,29,28;20,10,9,17,11,6;4,17,23,6,3,28,29,10,16;13,27,18,12,7,14;23,22,14,26,12,10,29;18,10,14,16,25,17,23;12,10,2,3,25,23,8,27
g61_1_2458 28 1,2,3,4,5;0,5,2,11,15;0,3,1,15,22;0,2,4,23,7,22,19;0,3,23,5,13,27;0,13,1,21,4,17,11;17,8,9,24,19;14,27,23,3,10,19,26,12;20,25,6,9,24;22,18,8,19,6,26,25;13,24,12,16,21,7,25;1,24,27,5,17,15,20;16,18,10,13,23,26,7,14;10,5,21,14,12,4,27,20;19,24,7,15,21,13,25,16,12,26;25,14,22,26,2,20,1,11;26,17,12,18,10,27,23,19,14;6,16,18,24,19,5,21,11;27,17,12,16,9,23;14,21,17,16,9,7,6,3,22;8,24,15,25,13,11;13,14,19,10,5,17;9,15,3,25,26,2,19;27,7,25,3,16,4,26,18,12,24;14,20,10,17,11,23,8,6;15,23,8,14,22,20,10,9;16,15,23,9,12,7,22,14;7,23,18,16,11,13,4
g61_36_600 28 1,2,3,4,5;0,5,2,11,15;0,3,1,15,22;0,2,4,23,7,22,19,16;0,3,23,5,13;0,13,1,21,4,17,11;17,8,9,18,24;14,23,3,17,16,10,26;20,25,6,9,24;22,8,19,6,26,25;22,13,26,11,23,7,27;12,1,24,10,5,17,15,20;11,24,19,13,26,25,14,27;10,5,21,15,12,4,23,20;19,7,23,18,21,12;25,16,22,13,2,20,1,23,11;21,15,24,18,27,19,7,25,3;6,24,19,7,5,26,21,27,11;22,14,16,21,23,6;27,14,21,17,12,16,9,3,22;8,24,15,25,13,11;16,13,14,19,18,5,26,17;10,18,9,15,3,25,26,2,19;14,27,7,25,3,4,10,18,15,13;20,12,16,17,11,8,6;15,23,8,22,20,12,16,9;27,10,21,17,9,12,7,22;19,23,26,16,17,12,10
g61_14_1144 28 1,2,3,4,5;0,5,2,11,15;0,3,1,15,22;0,2,4,23,7,22,19,16;0,3,23,5,13;0,13,1,21,4,17,11;17,8,9,18,24;14,23,3,16,18,26,12,13;20,25,6,9,24;22,13,18,8,6,26,25;22,13,12,21,11,23;12,1,24,10,5,16,17,15,20;11,21,24,18,10,19,25,7,14,27;10,5,21,9,15,4,23,7;19,7,23,18,22,27,12;25,16,22,13,26,2,20,1,11;26,15,24,18,19,7,11,3;6,18,24,19,5,26,21,27,11;22,14,17,12,16,9,21,7,6;27,14,21,12,17,16,3,22;8,24,26,15,25,11;12,13,19,10,18,5,26,17;18,10,9,15,14,3,25,26,2,19;14,27,7,3,4,26,10,24,13;20,12,16,17,11,23,8,6;15,8,22,20,12,9;16,15,20,21,17,23,9,7,22;19,23,14,17,12
