p22#196 22 1,2,3,4,5,6;0,6,7,8,2;0,1,8,9,10,3;0,2,10,11,4;0,3,11,12,5;0,4,12,13,14,6;0,5,14,7,1;1,6,14,15,8;1,7,15,16,9,2;2,8,16,17,10;2,9,17,18,11,3;3,10,18,12,4;4,11,18,19,13,5;5,12,19,20,14;5,13,20,15,7,6;7,14,20,21,16,8;8,15,21,17,9;9,16,21,18,10;10,17,21,19,12,11;12,18,21,20,13;13,19,21,15,14;15,20,19,18,17,16
p23#598 23 1,2,3,4,5,6;0,6,7,8,2;0,1,8,9,3;0,2,9,10,11,4;0,3,11,12,5;0,4,12,13,6;0,5,13,14,7,1;1,6,14,15,8;1,7,15,16,17,9,2;2,8,17,10,3;3,9,17,18,19,11;3,10,19,12,4;4,11,19,20,21,13,5;5,12,21,14,6;6,13,21,22,15,7;7,14,22,16,8;8,15,22,18,17;8,16,18,10,9;10,17,16,22,20,19;10,18,20,12,11;12,19,18,22,21;12,20,22,14,13;14,21,20,18,16,15
p24#428 24 1,2,3,4,5;0,5,6,7,8,2;0,1,8,9,10,3;0,2,10,11,12,4;0,3,12,13,5;0,4,13,14,6,1;1,5,14,15,7;1,6,15,16,17,8;1,7,17,9,2;2,8,17,18,19,10;2,9,19,11,3;3,10,19,20,12;3,11,20,21,13,4;4,12,21,22,14,5;5,13,22,15,6;6,14,22,16,7;7,15,22,23,18,17;7,16,18,9,8;9,17,16,23,20,19;9,18,20,11,10;11,19,18,23,21,12;12,20,23,22,13;13,21,23,16,15,14;16,22,21,20,18
p24#581 24 1,2,3,4,5,6,7;0,7,8,9,2;0,1,9,10,3;0,2,10,11,4;0,3,11,12,5;0,4,12,13,6;0,5,13,14,15,7;0,6,15,8,1;1,7,15,16,9;1,8,16,17,18,10,2;2,9,18,11,3;3,10,18,19,20,12,4;4,11,20,13,5;5,12,20,21,14,6;6,13,21,22,15;6,14,22,16,8,7;8,15,22,23,17,9;9,16,23,19,18;9,17,19,11,10;11,18,17,23,20;11,19,23,21,13,12;13,20,23,22,14;14,21,23,16,15;16,22,21,20,19,17
p24#1803 24 1,2,3,4,5;0,5,6,7,8,9,2;0,1,9,10,3;0,2,10,11,12,4;0,3,12,13,14,5;0,4,14,6,1;1,5,14,15,7;1,6,15,16,8;1,7,16,17,9;1,8,17,10,2;2,9,17,18,11,3;3,10,18,19,12;3,11,19,13,4;4,12,19,20,14;4,13,20,21,15,6,5;6,14,21,16,7;7,15,21,22,23,17,8;8,16,23,18,10,9;10,17,23,19,11;11,18,23,22,20,13,12;13,19,22,21,14;14,20,22,16,15;16,21,20,19,23;16,22,19,18,17
p24#2550 24 1,2,3,4,5;0,5,6,7,2;0,1,7,8,9,3;0,2,9,10,11,4;0,3,11,12,13,5;0,4,13,6,1;1,5,13,14,15,7;1,6,15,16,8,2;2,7,16,17,9;2,8,17,18,10,3;3,9,18,19,11;3,10,19,12,4;4,11,19,20,21,13;4,12,21,14,6,5;6,13,21,22,15;6,14,22,23,16,7;7,15,23,17,8;8,16,23,18,9;9,17,23,20,19,10;10,18,20,12,11;12,19,18,23,22,21;12,20,22,14,13;14,21,20,23,15;15,22,20,18,17,16
p25#2111 25 1,2,3,4,5,6,7;0,7,8,9,2;0,1,9,10,3;0,2,10,11,4;0,3,11,12,13,5;0,4,13,14,6;0,5,14,15,7;0,6,15,8,1;1,7,15,16,17,18,9;1,8,18,10,2;2,9,18,19,20,11,3;3,10,20,12,4;4,11,20,21,22,23,13;4,12,23,14,5;5,13,23,24,16,15,6;6,14,16,8,7;8,15,14,24,17;8,16,24,22,21,19,18;8,17,19,10,9;10,18,17,21,20;10,19,21,12,11;12,20,19,17,22;12,21,17,24,23;12,22,24,14,13;14,23,22,17,16
p25#6000 25 1,2,3,4,5;0,5,6,7,8,9,2;0,1,9,10,3;0,2,10,11,12,13,4;0,3,13,14,5;0,4,14,6,1;1,5,14,15,7;1,6,15,16,8;1,7,16,17,9;1,8,17,18,10,2;2,9,18,11,3;3,10,18,19,12;3,11,19,20,13;3,12,20,14,4;4,13,20,21,22,15,6,5;6,14,22,16,7;7,15,22,23,24,17,8;8,16,24,18,9;9,17,24,19,11,10;11,18,24,23,21,20,12;12,19,21,14,13;14,20,19,23,22;14,21,23,16,15;16,22,21,19,24;16,23,19,18,17
p26#4918 26 1,2,3,4,5;0,5,6,7,8,2;0,1,8,9,10,3;0,2,10,11,4;0,3,11,12,5;0,4,12,13,6,1;1,5,13,14,7;1,6,14,15,16,8;1,7,16,17,9,2;2,8,17,18,10;2,9,18,19,11,3;3,10,19,20,12,4;4,11,20,21,13,5;5,12,21,14,6;6,13,21,22,15,7;7,14,22,23,16;7,15,23,24,17,8;8,16,24,18,9;9,17,24,19,10;10,18,24,25,20,11;11,19,25,21,12;12,20,25,22,14,13;14,21,25,23,15;15,22,25,24,16;16,23,25,19,18,17;19,24,23,22,21,20
p26#5298 26 1,2,3,4,5,6;0,6,7,8,9,2;0,1,9,10,3;0,2,10,11,4;0,3,11,12,13,5;0,4,13,14,6;0,5,14,7,1;1,6,14,15,8;1,7,15,16,17,9;1,8,17,10,2;2,9,17,18,19,20,11,3;3,10,20,12,4;4,11,20,21,22,13;4,12,22,14,5;5,13,22,23,24,15,7,6;7,14,24,16,8;8,15,24,25,18,17;8,16,18,10,9;10,17,16,25,19;10,18,25,21,20;10,19,21,12,11;12,20,19,25,23,22;12,21,23,14,13;14,22,21,25,24;14,23,25,16,15;16,24,23,21,19,18
p26#5349 26 1,2,3,4,5;0,5,6,7,8,2;0,1,8,9,10,3;0,2,10,11,4;0,3,11,12,5;0,4,12,13,6,1;1,5,13,14,15,7;1,6,15,16,8;1,7,16,17,9,2;2,8,17,18,10;2,9,18,19,11,3;3,10,19,20,12,4;4,11,20,21,13,5;5,12,21,14,6;6,13,21,22,23,15;6,14,23,16,7;7,15,23,17,8;8,16,23,24,18,9;9,17,24,25,19,10;10,18,25,20,11;11,19,25,21,12;12,20,25,22,14,13;14,21,25,24,23;14,22,24,17,16,15;17,23,22,25,18;18,24,22,21,20,19
p26#6120 26 1,2,3,4,5,6,7,8;0,8,9,10,2;0,1,10,11,3;0,2,11,12,4;0,3,12,13,5;0,4,13,14,6;0,5,14,15,7;0,6,15,16,8;0,7,16,9,1;1,8,16,17,10;1,9,17,18,19,11,2;2,10,19,12,3;3,11,19,20,21,13,4;4,12,21,14,5;5,13,21,22,23,24,15,6;6,14,24,16,7;7,15,24,25,17,9,8;9,16,25,18,10;10,17,25,23,22,20,19;10,18,20,12,11;12,19,18,22,21;12,20,22,14,13;14,21,20,18,23;14,22,18,25,24;14,23,25,16,15;16,24,23,18,17
p26#19167 26 1,2,3,4,5;0,5,6,7,8,2;0,1,8,9,3;0,2,9,10,11,4;0,3,11,12,13,5;0,4,13,14,6,1;1,5,14,15,7;1,6,15,16,8;1,7,16,17,9,2;2,8,17,18,10,3;3,9,18,19,11;3,10,19,12,4;4,11,19,20,21,13;4,12,21,14,5;5,13,21,22,23,15,6;6,14,23,16,7;7,15,23,24,25,17,8;8,16,25,18,9;9,17,25,20,19,10;10,18,20,12,11;12,19,18,25,24,22,21;12,20,22,14,13;14,21,20,24,23;14,22,24,16,15;16,23,22,20,25;16,24,20,18,17
p26#20634 26 1,2,3,4,5;0,5,6,7,8,2;0,1,8,9,10,3;0,2,10,11,4;0,3,11,12,5;0,4,12,13,6,1;1,5,13,14,7;1,6,14,15,16,8;1,7,16,17,9,2;2,8,17,18,19,10;2,9,19,20,11,3;3,10,20,21,12,4;4,11,21,22,13,5;5,12,22,14,6;6,13,22,15,7;7,14,22,23,24,16;7,15,24,17,8;8,16,24,18,9;9,17,24,23,25,19;9,18,25,20,10;10,19,25,21,11;11,20,25,23,22,12;12,21,23,15,14,13;15,22,21,25,18,24;15,23,18,17,16;18,23,21,20,19
p26#22346 26 1,2,3,4,5;0,5,6,7,8,9,10,2;0,1,10,11,3;0,2,11,12,4;0,3,12,13,14,15,5;0,4,15,6,1;1,5,15,16,7;1,6,16,17,8;1,7,17,18,9;1,8,18,19,10;1,9,19,11,2;2,10,19,20,21,12,3;3,11,21,22,13,4;4,12,22,23,14;4,13,23,16,15;4,14,16,6,5;6,15,14,23,24,17,7;7,16,24,18,8;8,17,24,25,20,19,9;9,18,20,11,10;11,19,18,25,21;11,20,25,22,12;12,21,25,24,23,13;13,22,24,16,14;16,23,22,25,18,17;18,24,22,21,20
p26#24637 26 1,2,3,4,5,6;0,6,7,8,9,2;0,1,9,10,3;0,2,10,11,4;0,3,11,12,13,5;0,4,13,14,15,6;0,5,15,7,1;1,6,15,16,8;1,7,16,17,18,19,9;1,8,19,10,2;2,9,19,20,21,11,3;3,10,21,12,4;4,11,21,22,23,13;4,12,23,14,5;5,13,23,24,16,15;5,14,16,7,6;7,15,14,24,17,8;8,16,24,25,18;8,17,25,22,20,19;8,18,20,10,9;10,19,18,22,21;10,20,22,12,11;12,21,20,18,25,23;12,22,25,24,14,13;14,23,25,17,16;17,24,23,22,18
p26#30399 26 1,2,3,4,5,6;0,6,7,8,9,2;0,1,9,10,3;0,2,10,11,4;0,3,11,12,13,5;0,4,13,14,6;0,5,14,7,1;1,6,14,15,16,8;1,7,16,17,18,9;1,8,18,19,10,2;2,9,19,11,3;3,10,19,20,12,4;4,11,20,21,13;4,12,21,22,14,5;5,13,22,15,7,6;7,14,22,23,16;7,15,23,17,8;8,16,23,24,25,18;8,17,25,19,9;9,18,25,20,11,10;11,19,25,24,21,12;12,20,24,22,13;13,21,24,23,15,14;15,22,24,17,16;17,23,22,21,20,25;17,24,20,19,18
p26#34638 26 1,2,3,4,5,6,7;0,7,8,9,2;0,1,9,10,3;0,2,10,11,4;0,3,11,12,13,5;0,4,13,14,6;0,5,14,15,7;0,6,15,8,1;1,7,15,16,9;1,8,16,17,18,10,2;2,9,18,11,3;3,10,18,19,20,12,4;4,11,20,21,13;4,12,21,22,23,14,5;5,13,23,15,6;6,14,23,24,16,8,7;8,15,24,25,17,9;9,16,25,19,18;9,17,19,11,10;11,18,17,25,20;11,19,25,21,12;12,20,25,22,13;13,21,25,24,23;13,22,24,15,14;15,23,22,25,16;16,24,22,21,20,19,17
p26#78654 26 1,2,3,4,5,6,7;0,7,8,9,10,2;0,1,10,11,3;0,2,11,12,4;0,3,12,13,5;0,4,13,14,6;0,5,14,15,7;0,6,15,8,1;1,7,15,16,9;1,8,16,17,18,10;1,9,18,11,2;2,10,18,19,20,12,3;3,11,20,21,13,4;4,12,21,22,14,5;5,13,22,23,15,6;6,14,23,24,16,8,7;8,15,24,17,9;9,16,24,25,19,18;9,17,19,11,10;11,18,17,25,20;11,19,25,21,12;12,20,25,22,13;13,21,25,23,14;14,22,25,24,15;15,23,25,17,16;17,24,23,22,21,20,19
