p27#4710 27 1,2,3,4,5,6;0,6,7,8,9,2;0,1,9,10,3;0,2,10,11,4;0,3,11,12,13,14,5;0,4,14,15,6;0,5,15,16,7,1;1,6,16,17,8;1,7,17,18,19,9;1,8,19,10,2;2,9,19,20,21,11,3;3,10,21,12,4;4,11,21,22,13;4,12,22,23,24,14;4,13,24,15,5;5,14,24,16,6;6,15,24,25,17,7;7,16,25,18,8;8,17,25,26,20,19;8,18,20,10,9;10,19,18,26,22,21;10,20,22,12,11;12,21,20,26,23,13;13,22,26,25,24;13,23,25,16,15,14;16,24,23,26,18,17;18,25,23,22,20
p27#8454 27 1,2,3,4,5;0,5,6,7,8,2;0,1,8,9,10,3;0,2,10,11,12,4;0,3,12,13,14,5;0,4,14,6,1;1,5,14,15,16,7;1,6,16,17,18,8;1,7,18,9,2;2,8,18,19,20,21,10;2,9,21,11,3;3,10,21,22,23,12;3,11,23,13,4;4,12,23,24,14;4,13,24,15,6,5;6,14,24,25,16;6,15,25,17,7;7,16,25,26,19,18;7,17,19,9,8;9,18,17,26,20;9,19,26,22,21;9,20,22,11,10;11,21,20,26,24,23;11,22,24,13,12;13,23,22,26,25,15,14;15,24,26,17,16;17,25,24,22,20,19
p27#8475 27 1,2,3,4,5,6;0,6,7,8,2;0,1,8,9,10,3;0,2,10,11,4;0,3,11,12,5;0,4,12,13,14,6;0,5,14,15,7,1;1,6,15,16,8;1,7,16,17,9,2;2,8,17,18,19,10;2,9,19,11,3;3,10,19,20,21,12,4;4,11,21,22,13,5;5,12,22,23,14;5,13,23,15,6;6,14,23,24,16,7;7,15,24,25,17,8;8,16,25,18,9;9,17,25,26,20,19;9,18,20,11,10;11,19,18,26,21;11,20,26,22,12;12,21,26,24,23,13;13,22,24,15,14;15,23,22,26,25,16;16,24,26,18,17;18,25,24,22,21,20
p27#16214 27 1,2,3,4,5,6;0,6,7,8,9,2;0,1,9,10,3;0,2,10,11,4;0,3,11,12,13,5;0,4,13,14,6;0,5,14,7,1;1,6,14,15,8;1,7,15,16,17,9;1,8,17,10,2;2,9,17,18,19,11,3;3,10,19,12,4;4,11,19,20,21,13;4,12,21,14,5;5,13,21,22,23,15,7,6;7,14,23,16,8;8,15,23,24,25,17;8,16,25,18,10,9;10,17,25,26,19;10,18,26,20,12,11;12,19,26,24,22,21;12,20,22,14,13;14,21,20,24,23;14,22,24,16,15;16,23,22,20,26,25;16,24,26,18,17;18,25,24,20,19
p27#18110 27 1,2,3,4,5,6;0,6,7,8,2;0,1,8,9,10,3;0,2,10,11,4;0,3,11,12,5;0,4,12,13,14,6;0,5,14,7,1;1,6,14,15,16,17,8;1,7,17,18,9,2;2,8,18,19,10;2,9,19,20,11,3;3,10,20,21,22,12,4;4,11,22,13,5;5,12,22,23,15,14;5,13,15,7,6;7,14,13,23,16;7,15,23,24,17;7,16,24,25,18,8;8,17,25,19,9;9,18,25,20,10;10,19,25,26,21,11;11,20,26,23,22;11,21,23,13,12;13,22,21,26,24,16,15;16,23,26,25,17;17,24,26,20,19,18;20,25,24,23,21
p27#18319 27 1,2,3,4,5,6,7;0,7,8,9,10,2;0,1,10,11,3;0,2,11,12,13,4;0,3,13,14,5;0,4,14,15,6;0,5,15,16,17,7;0,6,17,8,1;1,7,17,18,9;1,8,18,19,20,10;1,9,20,11,2;2,10,20,12,3;3,11,20,21,22,13;3,12,22,14,4;4,13,22,23,24,15,5;5,14,24,16,6;6,15,24,25,26,18,17;6,16,18,8,7;8,17,16,26,19,9;9,18,26,21,20;9,19,21,12,11,10;12,20,19,26,25,23,22;12,21,23,14,13;14,22,21,25,24;14,23,25,16,15;16,24,23,21,26;16,25,21,19,18
p27#27746 27 1,2,3,4,5,6;0,6,7,8,2;0,1,8,9,3;0,2,9,10,11,4;0,3,11,12,13,5;0,4,13,14,6;0,5,14,15,7,1;1,6,15,16,17,8;1,7,17,9,2;2,8,17,18,10,3;3,9,18,19,11;3,10,19,20,12,4;4,11,20,21,22,13;4,12,22,14,5;5,13,22,23,15,6;6,14,23,16,7;7,15,23,24,25,17;7,16,25,18,9,8;9,17,25,19,10;10,18,25,26,20,11;11,19,26,21,12;12,20,26,24,22;12,21,24,23,14,13;14,22,24,16,15;16,23,22,21,26,25;16,24,26,19,18,17;19,25,24,21,20
p27#47487 27 1,2,3,4,5,6;0,6,7,8,2;0,1,8,9,10,3;0,2,10,11,4;0,3,11,12,13,5;0,4,13,14,6;0,5,14,15,7,1;1,6,15,16,8;1,7,16,17,18,9,2;2,8,18,19,10;2,9,19,20,11,3;3,10,20,21,12,4;4,11,21,22,23,13;4,12,23,14,5;5,13,23,15,6;6,14,23,24,16,7;7,15,24,17,8;8,16,24,25,18;8,17,25,19,9;9,18,25,26,20,10;10,19,26,21,11;11,20,26,22,12;12,21,26,25,24,23;12,22,24,15,14,13;15,23,22,25,17,16;17,24,22,26,19,18;19,25,22,21,20
p27#47915 27 1,2,3,4,5,6;0,6,7,8,9,2;0,1,9,10,3;0,2,10,11,12,4;0,3,12,13,14,5;0,4,14,15,6;0,5,15,16,7,1;1,6,16,17,8;1,7,17,18,19,9;1,8,19,10,2;2,9,19,20,11,3;3,10,20,21,12;3,11,21,13,4;4,12,21,22,23,14;4,13,23,15,5;5,14,23,24,16,6;6,15,24,17,7;7,16,24,18,8;8,17,24,25,26,19;8,18,26,20,10,9;10,19,26,22,21,11;11,20,22,13,12;13,21,20,26,25,23;13,22,25,24,15,14;15,23,25,18,17,16;18,24,23,22,26;18,25,22,20,19
p27#47922 27 1,2,3,4,5,6;0,6,7,8,9,2;0,1,9,10,3;0,2,10,11,12,4;0,3,12,13,5;0,4,13,14,6;0,5,14,15,7,1;1,6,15,16,8;1,7,16,17,18,19,9;1,8,19,10,2;2,9,19,11,3;3,10,19,20,21,12;3,11,21,13,4;4,12,21,22,23,14,5;5,13,23,24,15,6;6,14,24,16,7;7,15,24,17,8;8,16,24,25,26,18;8,17,26,20,19;8,18,20,11,10,9;11,19,18,26,21;11,20,26,22,13,12;13,21,26,25,23;13,22,25,24,14;14,23,25,17,16,15;17,24,23,22,26;17,25,22,21,20,18
p27#66300 27 1,2,3,4,5;0,5,6,7,8,9,10,2;0,1,10,11,3;0,2,11,12,13,14,4;0,3,14,15,16,5;0,4,16,6,1;1,5,16,17,7;1,6,17,18,8;1,7,18,19,9;1,8,19,20,10;1,9,20,11,2;2,10,20,12,3;3,11,20,21,13;3,12,21,22,14;3,13,22,15,4;4,14,22,23,16;4,15,23,24,17,6,5;6,16,24,18,7;7,17,24,25,26,19,8;8,18,26,20,9;9,19,26,21,12,11,10;12,20,26,22,13;13,21,26,25,23,15,14;15,22,25,24,16;16,23,25,18,17;18,24,23,22,26;18,25,22,21,20,19
p27#66703 27 1,2,3,4,5;0,5,6,7,8,9,2;0,1,9,10,3;0,2,10,11,12,13,4;0,3,13,14,15,5;0,4,15,6,1;1,5,15,16,7;1,6,16,17,8;1,7,17,18,9;1,8,18,19,10,2;2,9,19,11,3;3,10,19,20,12;3,11,20,21,13;3,12,21,14,4;4,13,21,22,15;4,14,22,23,16,6,5;6,15,23,17,7;7,16,23,24,25,18,8;8,17,25,19,9;9,18,25,26,20,11,10;11,19,26,21,12;12,20,26,24,22,14,13;14,21,24,23,15;15,22,24,17,16;17,23,22,21,26,25;17,24,26,19,18;19,25,24,21,20
p27#66705 27 1,2,3,4,5;0,5,6,7,8,9,2;0,1,9,10,11,3;0,2,11,12,4;0,3,12,13,14,15,5;0,4,15,6,1;1,5,15,16,7;1,6,16,17,8;1,7,17,18,9;1,8,18,10,2;2,9,18,19,11;2,10,19,20,21,12,3;3,11,21,13,4;4,12,21,22,14;4,13,22,23,15;4,14,23,16,6,5;6,15,23,24,17,7;7,16,24,25,18,8;8,17,25,26,19,10,9;10,18,26,20,11;11,19,26,22,21;11,20,22,13,12;13,21,20,26,25,24,23,14;14,22,24,16,15;16,23,22,25,17;17,24,22,26,18;18,25,22,20,19
p27#67093 27 1,2,3,4,5;0,5,6,7,8,2;0,1,8,9,3;0,2,9,10,4;0,3,10,11,12,5;0,4,12,13,6,1;1,5,13,14,7;1,6,14,15,16,8;1,7,16,17,9,2;2,8,17,18,10,3;3,9,18,19,11,4;4,10,19,20,12;4,11,20,13,5;5,12,20,21,22,14,6;6,13,22,23,15,7;7,14,23,24,16;7,15,24,17,8;8,16,24,25,18,9;9,17,25,19,10;10,18,25,26,21,20,11;11,19,21,13,12;13,20,19,26,22;13,21,26,23,14;14,22,26,25,24,15;15,23,25,17,16;17,24,23,26,19,18;19,25,23,22,21
p27#74743 27 1,2,3,4,5;0,5,6,7,8,9,2;0,1,9,10,3;0,2,10,11,12,13,4;0,3,13,14,5;0,4,14,15,6,1;1,5,15,16,7;1,6,16,17,8;1,7,17,18,9;1,8,18,10,2;2,9,18,11,3;3,10,18,19,12;3,11,19,20,21,13;3,12,21,14,4;4,13,21,22,15,5;5,14,22,23,16,6;6,15,23,24,17,7;7,16,24,25,18,8;8,17,25,19,11,10,9;11,18,25,20,12;12,19,25,24,26,21;12,20,26,22,14,13;14,21,26,23,15;15,22,26,24,16;16,23,26,20,25,17;17,24,20,19,18;20,24,23,22,21
p27#74917 27 1,2,3,4,5;0,5,6,7,8,2;0,1,8,9,10,3;0,2,10,11,12,4;0,3,12,13,5;0,4,13,14,6,1;1,5,14,15,7;1,6,15,16,17,8;1,7,17,18,9,2;2,8,18,19,10;2,9,19,11,3;3,10,19,20,21,12;3,11,21,22,13,4;4,12,22,23,14,5;5,13,23,15,6;6,14,23,24,16,7;7,15,24,25,17;7,16,25,18,8;8,17,25,20,19,9;9,18,20,11,10;11,19,18,25,24,26,21;11,20,26,22,12;12,21,26,23,13;13,22,26,24,15,14;15,23,26,20,25,16;16,24,20,18,17;20,24,23,22,21
p27#75634 27 1,2,3,4,5;0,5,6,7,8,9,2;0,1,9,10,3;0,2,10,11,4;0,3,11,12,13,14,5;0,4,14,6,1;1,5,14,15,7;1,6,15,16,17,8;1,7,17,18,9;1,8,18,10,2;2,9,18,19,20,11,3;3,10,20,12,4;4,11,20,21,22,13;4,12,22,23,14;4,13,23,15,6,5;6,14,23,24,16,7;7,15,24,25,17;7,16,25,26,19,18,8;8,17,19,10,9;10,18,17,26,20;10,19,26,21,12,11;12,20,26,25,24,22;12,21,24,23,13;13,22,24,15,14;15,23,22,21,25,16;16,24,21,26,17;17,25,21,20,19
p27#75636 27 1,2,3,4,5;0,5,6,7,8,9,2;0,1,9,10,3;0,2,10,11,4;0,3,11,12,13,14,5;0,4,14,6,1;1,5,14,15,7;1,6,15,16,17,8;1,7,17,18,9;1,8,18,10,2;2,9,18,19,20,11,3;3,10,20,21,12,4;4,11,21,22,13;4,12,22,23,15,14;4,13,15,6,5;6,14,13,23,16,7;7,15,23,24,17;7,16,24,25,19,18,8;8,17,19,10,9;10,18,17,25,20;10,19,25,26,21,11;11,20,26,22,12;12,21,26,23,13;13,22,26,24,16,15;16,23,26,25,17;17,24,26,20,19;20,25,24,23,22,21
p27#75643 27 1,2,3,4,5,6;0,6,7,8,2;0,1,8,9,3;0,2,9,10,11,4;0,3,11,12,5;0,4,12,13,6;0,5,13,14,15,7,1;1,6,15,16,17,8;1,7,17,9,2;2,8,17,18,10,3;3,9,18,19,20,11;3,10,20,12,4;4,11,20,21,22,13,5;5,12,22,14,6;6,13,22,23,15;6,14,23,16,7;7,15,23,24,25,17;7,16,25,18,9,8;9,17,25,19,10;10,18,25,24,26,21,20;10,19,21,12,11;12,20,19,26,22;12,21,26,23,14,13;14,22,26,24,16,15;16,23,26,19,25;16,24,19,18,17;19,24,23,22,21
p27#75650 27 1,2,3,4,5;0,5,6,7,8,9,10,2;0,1,10,11,3;0,2,11,12,13,14,4;0,3,14,15,5;0,4,15,6,1;1,5,15,16,7;1,6,16,17,8;1,7,17,18,9;1,8,18,19,10;1,9,19,11,2;2,10,19,20,12,3;3,11,20,21,13;3,12,21,22,14;3,13,22,15,4;4,14,22,23,16,6,5;6,15,23,24,17,7;7,16,24,25,18,8;8,17,25,26,19,9;9,18,26,20,11,10;11,19,26,21,12;12,20,26,25,24,23,22,13;13,21,23,15,14;15,22,21,24,16;16,23,21,25,17;17,24,21,26,18;18,25,21,20,19
p27#79271 27 1,2,3,4,5,6;0,6,7,8,9,10,2;0,1,10,11,3;0,2,11,12,4;0,3,12,13,14,5;0,4,14,15,16,6;0,5,16,7,1;1,6,16,17,8;1,7,17,18,19,9;1,8,19,20,10;1,9,20,11,2;2,10,20,21,22,12,3;3,11,22,13,4;4,12,22,23,24,14;4,13,24,15,5;5,14,24,25,17,16;5,15,17,7,6;7,16,15,25,18,8;8,17,25,26,19;8,18,26,23,21,20,9;9,19,21,11,10;11,20,19,23,22;11,21,23,13,12;13,22,21,19,26,24;13,23,26,25,15,14;15,24,26,18,17;18,25,24,23,19
p27#80047 27 1,2,3,4,5;0,5,6,7,8,9,2;0,1,9,10,3;0,2,10,11,12,4;0,3,12,13,14,5;0,4,14,6,1;1,5,14,15,7;1,6,15,16,17,18,8;1,7,18,19,9;1,8,19,10,2;2,9,19,20,11,3;3,10,20,21,12;3,11,21,13,4;4,12,21,22,14;4,13,22,23,15,6,5;6,14,23,16,7;7,15,23,24,17;7,16,24,25,18;7,17,25,19,8;8,18,25,26,20,10,9;10,19,26,21,11;11,20,26,24,22,13,12;13,21,24,23,14;14,22,24,16,15;16,23,22,21,26,25,17;17,24,26,19,18;19,25,24,21,20
p27#87204 27 1,2,3,4,5,6;0,6,7,8,9,2;0,1,9,10,3;0,2,10,11,4;0,3,11,12,13,5;0,4,13,14,6;0,5,14,7,1;1,6,14,15,16,8;1,7,16,17,9;1,8,17,18,10,2;2,9,18,19,11,3;3,10,19,20,12,4;4,11,20,21,13;4,12,21,22,14,5;5,13,22,15,7,6;7,14,22,23,16;7,15,23,24,17,8;8,16,24,25,18,9;9,17,25,19,10;10,18,25,20,11;11,19,25,26,21,12;12,20,26,23,22,13;13,21,23,15,14;15,22,21,26,24,16;16,23,26,25,17;17,24,26,20,19,18;20,25,24,23,21
p27#129338 27 1,2,3,4,5,6;0,6,7,8,2;0,1,8,9,3;0,2,9,10,11,4;0,3,11,12,5;0,4,12,13,6;0,5,13,14,7,1;1,6,14,15,16,8;1,7,16,17,9,2;2,8,17,18,10,3;3,9,18,19,11;3,10,19,20,12,4;4,11,20,21,13,5;5,12,21,22,14,6;6,13,22,15,7;7,14,22,23,24,16;7,15,24,17,8;8,16,24,25,18,9;9,17,25,19,10;10,18,25,26,20,11;11,19,26,21,12;12,20,26,23,22,13;13,21,23,15,14;15,22,21,26,25,24;15,23,25,17,16;17,24,23,26,19,18;19,25,23,21,20
