--- wp19-P1.json
    sha256 ab6923ca1455146b251558b8eb613eaa558a002407beccb967385c1a1b9cc188; graphs 2070
--- wp19-P2.json
    sha256 e3036b12420f7d4eac9c5770106c2f7be5e469d72439f16ee0ec0d6b7b2c1f54; graphs 843
--- wp19-P3.json
    sha256 30efe4e37251e62c6666a6756df754380be57af3cfe2412d9ff988e3dc2f0c2a; graphs 7290

graphs read: 10203

pair-weighted joint (ell, kappa) by order (unambiguous pairs only for the last four):
order  pairs  starts  (0, 0)  (1, 1)  (2, 2)  (3, 3)  (3, 4)  (3, 5)  (4, 4)  (4, 5)
   21  13570   1267855  302998  768672  192567  3456  72  0  90  0
   22  47390   5859495  1416003  3550335  878445  14193  297  0  212  0
   23 155593  25133655  6043978  15267776  3780009  40599  546  0  735  0
   24 564852 119769407  28658029  72669018  18225028  211806  2494  4  2936  0
total 781405 152030412 36421008  92255801  23076049  270054  3409  4  3973  0
order 22: 3 ambiguous pairs (k5>0 and l4>0): l3-k3=0, l4=10, k4=7, k5=3, n(4,5) in [3, 3]
order 23: 3 ambiguous pairs (k5>0 and l4>0): l3-k3=6, l4=6, k4=9, k5=3, n(4,5) in [0, 3]
order 24: 17 ambiguous pairs (k5>0 and l4>0): l3-k3=34, l4=58, k4=60, k5=32, n(4,5) in [6, 32]

ambiguous pairs:
   (23, 390, 15, 0, (3, 2, 2, 2, 1), (0, 1))
   (23, 390, 15, 2, (4, 2, 1, 4, 1), (0, 1))
   (23, 390, 15, 4, (4, 2, 2, 3, 1), (0, 1))
   (22, 93, 17, 1, (2, 3, 2, 2, 1), (1, 1))
   (22, 93, 17, 2, (3, 3, 3, 2, 1), (1, 1))
   (22, 93, 17, 4, (2, 4, 2, 3, 1), (1, 1))
   (24, 829, 21, 0, (3, 3, 2, 3, 1), (0, 1))
   (24, 829, 21, 2, (2, 3, 2, 2, 1), (1, 1))
   (24, 829, 21, 3, (3, 2, 2, 2, 1), (0, 1))
   (24, 1334, 19, 0, (4, 2, 2, 3, 1), (0, 1))
   (24, 1334, 19, 2, (4, 2, 1, 4, 1), (0, 1))
   (24, 1334, 19, 4, (3, 2, 2, 2, 1), (0, 1))
   (24, 1437, 10, 0, (3, 2, 2, 2, 1), (0, 1))
   (24, 1437, 10, 1, (3, 2, 2, 2, 1), (0, 1))
   (24, 1437, 10, 3, (4, 2, 2, 3, 1), (0, 1))
   (24, 1483, 10, 1, (3, 4, 3, 3, 1), (1, 1))
   (24, 1483, 10, 2, (4, 2, 3, 2, 1), (0, 1))
   (24, 1483, 10, 4, (3, 4, 2, 4, 1), (0, 1))
   (24, 7228, 17, 2, (8, 4, 0, 8, 4), (0, 4))
   (24, 7228, 17, 4, (8, 4, 4, 4, 4), (0, 4))
   (24, 7273, 20, 0, (4, 8, 4, 4, 4), (4, 4))
   (24, 7273, 20, 2, (6, 8, 2, 8, 4), (0, 4))
   (24, 7273, 20, 4, (10, 4, 6, 4, 4), (0, 4))

pairs with kappa = 5 present (24): (order, graph, v, fan, (l3, l4, k3, k4, k5))
   (23, 390, 15, 0, (3, 2, 2, 2, 1))
   (23, 390, 15, 2, (4, 2, 1, 4, 1))
   (23, 390, 15, 4, (4, 2, 2, 3, 1))
   (22, 93, 17, 1, (2, 3, 2, 2, 1))
   (22, 93, 17, 2, (3, 3, 3, 2, 1))
   (22, 93, 17, 4, (2, 4, 2, 3, 1))
   (24, 829, 21, 0, (3, 3, 2, 3, 1))
   (24, 829, 21, 2, (2, 3, 2, 2, 1))
   (24, 829, 21, 3, (3, 2, 2, 2, 1))
   (24, 1334, 19, 0, (4, 2, 2, 3, 1))
   (24, 1334, 19, 2, (4, 2, 1, 4, 1))
   (24, 1334, 19, 4, (3, 2, 2, 2, 1))
   (24, 1437, 10, 0, (3, 2, 2, 2, 1))
   (24, 1437, 10, 1, (3, 2, 2, 2, 1))
   (24, 1437, 10, 3, (4, 2, 2, 3, 1))
   (24, 1483, 10, 1, (3, 4, 3, 3, 1))
   (24, 1483, 10, 2, (4, 2, 3, 2, 1))
   (24, 1483, 10, 4, (3, 4, 2, 4, 1))
   (24, 7228, 17, 0, (12, 0, 4, 4, 4))
   (24, 7228, 17, 2, (8, 4, 0, 8, 4))
   (24, 7228, 17, 4, (8, 4, 4, 4, 4))
   (24, 7273, 20, 0, (4, 8, 4, 4, 4))
   (24, 7273, 20, 2, (6, 8, 2, 8, 4))
   (24, 7273, 20, 4, (10, 4, 6, 4, 4))

max kappa observed: 5;  nofill total: 0;  capped total: 0
