best-c-A7f3-w2-it412 37 1,5,6,3,7,2;0,2,9,19,5;0,7,4,9,1;0,6,11,12,7;2,7,12,10,9;0,1,19,8,6;0,5,8,25,11,3;0,3,12,4,2;5,19,15,25,6;1,2,4,10,15,19;4,12,14,15,9;3,6,25,16,12;3,11,16,13,14,10,4,7;12,16,18,24,14;10,12,13,24,25,15;8,19,9,10,14,25;11,25,20,21,17,18,13,12;16,21,26,22,18;13,16,17,22,23,28,24;1,9,15,8,5;16,25,24,30,21;16,20,30,35,31,26,17;17,26,27,23,18;18,22,27,32,28;13,18,28,29,30,20,25,14;6,8,15,14,24,20,16,11;17,21,31,27,22;22,26,31,32,23;18,23,32,33,29,24;24,28,33,34,30;20,24,29,34,35,21;21,35,36,32,27,26;23,27,31,36,33,28;28,32,36,34,29;29,33,36,35,30;21,30,34,36,31;31,35,34,33,32
best-c-A7f3-w2-it413 37 1,5,6,3,7,2;0,2,9,19,5;0,7,4,9,1;0,6,11,12,7;2,7,12,10,9;0,1,19,8,6;0,5,8,25,11,3;0,3,12,4,2;5,19,15,25,6;1,2,4,10,15,19;4,12,14,15,9;3,6,25,16,12;3,11,16,13,14,10,4,7;12,16,18,24,14;10,12,13,24,25,15;8,19,9,10,14,25;11,25,20,21,17,18,13,12;16,21,26,22,18;13,16,17,22,23,28,24;1,9,15,8,5;16,25,24,30,21;16,20,30,35,31,26,17;17,26,27,23,18;18,22,27,32,28;13,18,28,29,30,20,25,14;6,8,15,14,24,20,16,11;17,21,31,27,22;22,26,31,32,23;18,23,32,33,29,24;24,28,33,34,30;20,24,29,34,35,21;21,35,36,32,27,26;23,27,31,36,33,28;28,32,36,34,29;29,33,36,35,30;21,30,34,36,31;31,35,34,33,32
best-c-A7f3-w2-it414 37 1,5,6,3,7,2;0,2,9,19,5;0,7,4,9,1;0,6,11,12,7;2,7,12,10,9;0,1,19,8,6;0,5,8,25,11,3;0,3,12,4,2;5,19,15,25,6;1,2,4,10,15,19;4,12,14,15,9;3,6,25,16,12;3,11,16,13,14,10,4,7;12,16,18,24,14;10,12,13,24,25,15;8,19,9,10,14,25;11,25,20,21,17,18,13,12;16,21,26,22,18;13,16,17,22,23,28,24;1,9,15,8,5;16,25,24,30,21;16,20,30,35,31,26,17;17,26,27,23,18;18,22,27,32,28;13,18,28,29,30,20,25,14;6,8,15,14,24,20,16,11;17,21,31,27,22;22,26,31,32,23;18,23,32,33,29,24;24,28,33,34,30;20,24,29,34,35,21;21,35,36,32,27,26;23,27,31,36,33,28;28,32,36,34,29;29,33,36,35,30;21,30,34,36,31;31,35,34,33,32
best-c-A7f3-w2-it416 37 1,5,6,3,7,2;0,2,9,19,5;0,7,4,9,1;0,6,11,12,7;2,7,12,10,9;0,1,19,8,6;0,5,8,25,11,3;0,3,12,4,2;5,19,15,25,6;1,2,4,10,15,19;4,12,14,15,9;3,6,25,16,12;3,11,16,13,14,10,4,7;12,16,18,24,14;10,12,13,24,25,15;8,19,9,10,14,25;11,25,20,21,17,18,13,12;16,21,26,22,18;13,16,17,22,23,28,24;1,9,15,8,5;16,25,24,30,21;16,20,30,35,31,26,17;17,26,27,23,18;18,22,27,32,28;13,18,28,29,30,20,25,14;6,8,15,14,24,20,16,11;17,21,31,27,22;22,26,31,32,23;18,23,32,33,29,24;24,28,33,34,30;20,24,29,34,35,21;21,35,36,32,27,26;23,27,31,36,33,28;28,32,36,34,29;29,33,36,35,30;21,30,34,36,31;31,35,34,33,32
best-c-A7f3-w2-it417 37 1,5,6,3,7,2;0,2,9,19,5;0,7,4,9,1;0,6,11,12,7;2,7,12,10,9;0,1,19,8,6;0,5,8,25,11,3;0,3,12,4,2;5,19,15,25,6;1,2,4,10,15,19;4,12,14,15,9;3,6,25,16,12;3,11,16,13,14,10,4,7;12,16,18,24,14;10,12,13,24,25,15;8,19,9,10,14,25;11,25,20,21,17,18,13,12;16,21,26,22,18;13,16,17,22,23,28,24;1,9,15,8,5;16,25,24,30,21;16,20,30,35,31,26,17;17,26,27,23,18;18,22,27,32,28;13,18,28,29,30,20,25,14;6,8,15,14,24,20,16,11;17,21,31,27,22;22,26,31,32,23;18,23,32,33,29,24;24,28,33,34,30;20,24,29,34,35,21;21,35,36,32,27,26;23,27,31,36,33,28;28,32,36,34,29;29,33,36,35,30;21,30,34,36,31;31,35,34,33,32
best-c-A7f4-w0-it367 37 1,6,7,2,3;0,3,5,10,6;0,7,19,8,3;0,2,8,11,4,5,1;3,11,12,14,9,5;1,3,4,9,10;0,1,10,15,7;0,6,15,19,2;2,19,25,11,3;4,14,19,15,10,5;1,5,9,15,6;3,8,25,12,4;4,11,25,20,16,14;14,16,18,28,24;4,12,16,13,24,19,9;6,10,9,19,7;12,20,30,21,17,18,13,14;16,21,26,22,18;13,16,17,22,23,28;2,7,15,9,14,24,25,8;12,25,24,30,16;16,30,35,31,26,17;17,26,27,23,18;18,22,27,32,28;13,28,29,30,20,25,19,14;8,19,24,20,12,11;17,21,31,27,22;22,26,31,32,23;13,18,23,32,33,29,24;24,28,33,34,30;16,20,24,29,34,35,21;21,35,36,32,27,26;23,27,31,36,33,28;28,32,36,34,29;29,33,36,35,30;21,30,34,36,31;31,35,34,33,32
best-c-A7f4-w0-it370 37 1,6,7,2,3;0,3,5,10,6;0,7,19,8,3;0,2,8,11,4,5,1;3,11,12,14,9,5;1,3,4,9,10;0,1,10,15,7;0,6,15,19,2;2,19,25,11,3;4,14,19,15,10,5;1,5,9,15,6;3,8,25,12,4;4,11,25,20,16,14;14,16,18,28,24;4,12,16,13,24,19,9;6,10,9,19,7;12,20,30,21,17,18,13,14;16,21,26,22,18;13,16,17,22,23,28;2,7,15,9,14,24,25,8;12,25,24,30,16;16,30,35,31,26,17;17,26,27,23,18;18,22,27,32,28;13,28,29,30,20,25,19,14;8,19,24,20,12,11;17,21,31,27,22;22,26,31,32,23;13,18,23,32,33,29,24;24,28,33,34,30;16,20,24,29,34,35,21;21,35,36,32,27,26;23,27,31,36,33,28;28,32,36,34,29;29,33,36,35,30;21,30,34,36,31;31,35,34,33,32
best-c-A7f4-w0-it371 37 1,6,7,2,3;0,3,5,10,6;0,7,19,8,3;0,2,8,11,4,5,1;3,11,12,14,9,5;1,3,4,9,10;0,1,10,15,7;0,6,15,19,2;2,19,25,11,3;4,14,19,15,10,5;1,5,9,15,6;3,8,25,12,4;4,11,25,20,16,14;14,16,18,28,24;4,12,16,13,24,19,9;6,10,9,19,7;12,20,30,21,17,18,13,14;16,21,26,22,18;13,16,17,22,23,28;2,7,15,9,14,24,25,8;12,25,24,30,16;16,30,35,31,26,17;17,26,27,23,18;18,22,27,32,28;13,28,29,30,20,25,19,14;8,19,24,20,12,11;17,21,31,27,22;22,26,31,32,23;13,18,23,32,33,29,24;24,28,33,34,30;16,20,24,29,34,35,21;21,35,36,32,27,26;23,27,31,36,33,28;28,32,36,34,29;29,33,36,35,30;21,30,34,36,31;31,35,34,33,32
best-c-A7f4-w0-it372 37 1,6,7,2,3;0,3,5,10,6;0,7,19,8,3;0,2,8,11,4,5,1;3,11,12,14,9,5;1,3,4,9,10;0,1,10,15,7;0,6,15,19,2;2,19,25,11,3;4,14,19,15,10,5;1,5,9,15,6;3,8,25,12,4;4,11,25,20,16,14;14,16,18,28,24;4,12,16,13,24,19,9;6,10,9,19,7;12,20,30,21,17,18,13,14;16,21,26,22,18;13,16,17,22,23,28;2,7,15,9,14,24,25,8;12,25,24,30,16;16,30,35,31,26,17;17,26,27,23,18;18,22,27,32,28;13,28,29,30,20,25,19,14;8,19,24,20,12,11;17,21,31,27,22;22,26,31,32,23;13,18,23,32,33,29,24;24,28,33,34,30;16,20,24,29,34,35,21;21,35,36,32,27,26;23,27,31,36,33,28;28,32,36,34,29;29,33,36,35,30;21,30,34,36,31;31,35,34,33,32
best-c-walk-best-A7f1-1-w0-it520 37 4,5,8,25,11;2,19,7,6,15;1,15,14,12,19;5,10,15,6,8;0,11,9,10,5;0,4,10,3,8;1,7,8,3,15;1,19,24,20,25,8,6;0,5,3,6,7,25;4,11,14,15,10;3,5,4,9,15;0,25,14,9,4;2,14,20,16,19;16,18,28,24,19;2,15,9,11,25,20,12;1,6,3,10,9,14,2;12,20,21,17,18,13,19;16,21,26,22,18;13,16,17,22,23,28;1,2,12,16,13,24,7;7,24,21,16,12,14,25;16,20,24,30,35,31,26,17;17,26,27,23,18;18,22,27,32,28;7,19,13,28,29,30,21,20;0,8,7,20,14,11;17,21,31,27,22;22,26,31,32,23;13,18,23,32,33,29,24;24,28,33,34,30;21,24,29,34,35;21,35,36,32,27,26;23,27,31,36,33,28;28,32,36,34,29;29,33,36,35,30;21,30,34,36,31;31,35,34,33,32
best-c-walk-best-A7f1-1-w0-it521 37 4,5,8,25,11;2,19,7,6,15;1,15,14,12,19;5,10,15,6,8;0,11,9,10,5;0,4,10,3,8;1,7,8,3,15;1,19,24,20,25,8,6;0,5,3,6,7,25;4,11,14,15,10;3,5,4,9,15;0,25,14,9,4;2,14,20,16,19;16,18,28,24,19;2,15,9,11,25,20,12;1,6,3,10,9,14,2;12,20,21,17,18,13,19;16,21,26,22,18;13,16,17,22,23,28;1,2,12,16,13,24,7;7,24,21,16,12,14,25;16,20,24,30,35,31,26,17;17,26,27,23,18;18,22,27,32,28;7,19,13,28,29,30,21,20;0,8,7,20,14,11;17,21,31,27,22;22,26,31,32,23;13,18,23,32,33,29,24;24,28,33,34,30;21,24,29,34,35;21,35,36,32,27,26;23,27,31,36,33,28;28,32,36,34,29;29,33,36,35,30;21,30,34,36,31;31,35,34,33,32
best-c-walk-best-A7f1-1-w0-it525 37 4,5,8,25,11;2,19,7,6,15;1,15,14,12,19;5,10,15,6,8;0,11,9,10,5;0,4,10,3,8;1,7,8,3,15;1,19,24,20,25,8,6;0,5,3,6,7,25;4,11,14,15,10;3,5,4,9,15;0,25,14,9,4;2,14,20,16,19;16,18,28,24,19;2,15,9,11,25,20,12;1,6,3,10,9,14,2;12,20,21,17,18,13,19;16,21,26,22,18;13,16,17,22,23,28;1,2,12,16,13,24,7;7,24,21,16,12,14,25;16,20,24,30,35,31,26,17;17,26,27,23,18;18,22,27,32,28;7,19,13,28,29,30,21,20;0,8,7,20,14,11;17,21,31,27,22;22,26,31,32,23;13,18,23,32,33,29,24;24,28,33,34,30;21,24,29,34,35;21,35,36,32,27,26;23,27,31,36,33,28;28,32,36,34,29;29,33,36,35,30;21,30,34,36,31;31,35,34,33,32
