sphere5_s7102_0 34 24,29,12,16,31;26,33,21,30,29;20,28,13,33,18;7,15,25,5,14;9,11,6,13,28;23,32,14,3,25;11,23,32,13,4;3,15,33,22,14;24,28,20,27,31;11,19,26,29,24,28,4;17,18,21,30,12;9,19,23,6,4;29,30,10,17,16,0;22,32,6,4,28,2,33;22,32,5,3,7;3,7,33,19,25;12,17,27,31,0;10,18,27,16,12;21,33,2,20,27,17,10;9,11,23,25,15,33,26;2,28,8,27,18;18,33,1,30,10;14,32,13,33,7;5,32,6,11,19,25;0,29,9,28,8,31;3,15,19,23,5;1,33,19,9,29;18,20,8,31,16,17;2,20,8,24,9,4,13;0,24,9,26,1,30,12;12,29,1,21,10;0,24,8,27,16;14,22,13,6,23,5;1,26,19,15,7,22,13,2,18,21
sphere5_s7102_1 34 27,33,8,15,18;12,30,16,4,15,11,9,23;21,25,3,7,19;2,25,32,9,7;16,29,18,15,1;23,24,6,17,20,9;17,22,31,10,24,5;2,3,9,20,19;0,15,11,10,24,23,12,13,33;3,32,11,1,23,5,20,7;11,31,6,24,8;10,31,32,9,1,15,8;1,30,13,8,23;14,33,8,12,30;13,33,28,26,30;0,18,4,1,11,8;4,29,26,30,1;6,22,21,19,20,5;27,29,4,15,0;2,21,17,20,7;5,17,19,7,9;2,25,22,17,19;6,17,21,25,31;5,24,8,12,1,9;5,23,8,10,6;2,21,22,31,32,3;28,29,16,30,14;28,29,18,0,33;27,29,26,14,33;27,28,26,16,4,18;1,12,13,14,26,16;25,32,11,10,6,22;25,31,11,9,3;13,14,28,27,0,8
sphere5_s7102_2 34 14,22,8,15,7,20;21,33,23,32,6;16,19,18,31,24;10,29,26,25,27,9,4;3,10,16,19,5,32,6,9;23,32,4,19,18;9,21,1,32,4;15,30,27,25,20,0;0,22,17,28,15;6,21,30,27,3,4;3,29,13,24,16,4;17,28,21,33,31;17,22,14,26,29,13,31;10,29,12,31,24;0,22,12,26,20;7,30,21,28,8,0;2,19,4,10,24;11,28,8,22,12,31;23,31,2,19,5;2,16,4,5,18;7,25,26,14,0;6,9,30,15,28,11,33,1;0,14,12,17,8;18,31,33,1,32,5;2,31,13,10,16;7,20,26,3,27;14,20,25,3,29,12;7,30,9,3,25;11,17,8,15,21;3,10,13,12,26;7,15,21,9,27;18,23,33,11,17,12,13,24,2;5,23,1,6,4;11,31,23,1,21
sphere5_s7102_3 40 6,24,9,36,26;20,22,14,7,27;15,30,16,28,29,12;18,20,8,13,33;11,35,23,13,30;7,19,32,10,14;0,24,32,19,37,38,17,26;1,14,5,19,27;13,23,27,20,3;34,36,0,24,30,15;24,33,18,22,14,5,32;4,35,39,21,30;31,34,15,2,29;8,23,4,30,33,3;10,22,1,7,5;9,34,12,2,30;21,30,2,28,17;16,28,26,6,38,39,21;10,22,20,3,33;23,27,7,5,32,6,37;3,18,22,1,27,8;16,30,11,39,17;10,18,20,1,14;8,13,4,35,37,19,27;10,33,30,9,0,6,32;31,36,26,28,29;0,6,17,28,25,36;19,23,8,20,1,7;16,17,26,25,29,2;12,31,25,28,2;2,15,9,24,33,13,4,11,21,16;12,34,36,25,29;6,24,10,5,19;10,24,30,13,3,18;12,31,36,9,15;4,11,39,38,37,23;9,34,31,25,26,0;35,38,6,19,23;35,37,6,17,39;17,38,35,11,21
sphere5_s7102_4 32 6,20,26,30,7;12,15,10,4,8,28;14,21,23,4,10;15,25,19,7,17,12;1,8,24,23,2,10;24,30,31,22,11;0,20,27,29,7;18,24,30,0,6,29,19,3,17;1,4,24,18,28;16,20,27,13,22;1,15,25,14,2,4;21,22,5,24,23;1,15,3,17,28;14,19,29,27,9,22,21;2,21,13,19,25,10;3,25,10,1,12;9,20,26,31,22;3,12,28,18,7;7,24,8,28,17;3,25,14,13,29,7;9,16,26,0,6,27;2,14,13,22,11,23;16,31,5,11,21,13,9;2,21,11,24,4;7,18,8,4,23,11,5,30;3,15,10,14,19;16,20,0,30,31;9,20,6,29,13;8,18,17,12,1;13,19,7,6,27;0,7,24,5,31,26;16,22,5,30,26
sphere5_s7102_5 36 19,20,13,12,32;10,17,23,26,3,35;5,11,16,33,6;28,35,1,26,22,4,31;12,31,3,22,15;2,11,7,27,6;29,33,2,5,27;8,24,11,5,27;7,24,30,29,27;10,13,20,24,16,21;9,13,17,1,35,18,21;2,5,7,24,20,21,16;31,32,0,13,25,15,4;9,10,17,25,12,0,20;23,26,22,15,25;14,22,4,12,25;30,33,2,11,21,9,24;1,10,13,25,23;20,21,10,35,28,34,19;0,20,18,34,32;9,13,0,19,18,21,11,24;18,20,11,16,9,10;14,15,4,3,26;14,26,1,17,25;7,8,30,16,9,20,11;13,17,23,14,15,12;14,23,1,3,22;6,29,8,7,5;18,34,31,3,35;6,33,30,8,27;16,33,29,8,24;12,32,34,28,3,4;12,31,34,19,0;16,30,29,6,2;18,28,31,32,19;1,10,18,28,3
sphere5_s7102_6 35 12,15,22,29,4,2,32;14,16,17,3,33;4,5,30,32,0;7,17,1,33,30,5,10;2,5,10,29,0;2,4,10,3,30;21,27,34,28,8;10,29,22,17,3;11,23,20,21,6,28;18,19,31,13,25;7,29,4,5,3;8,23,13,25,24,28;20,32,0,15,21;23,32,30,31,9,25,11;19,27,16,1,33,26;0,12,21,27,22;22,27,14,1,17;3,7,22,16,1;9,19,34,24,25;14,27,34,18,9,31,26;12,32,23,8,21;12,15,27,6,8,20;16,27,15,0,29,7,17;13,32,20,8,11;11,28,34,18,25;18,24,11,13,9;14,19,31,30,33;14,19,34,6,21,15,22,16;11,24,34,6,8;7,10,4,0,22;13,32,2,5,3,33,26,31;9,19,26,30,13;12,20,23,13,30,2,0;3,30,26,14,1;19,27,6,28,24,18
sphere5_s7102_7 32 1,23,19,13,30,31;7,28,2,23,0,31;14,28,1,23,4;13,30,12,18,29;19,23,2,14,16,5,15;16,20,22,15,4;9,27,25,21,10;1,28,21,11,18,12,31;10,21,14,24,26;10,22,17,27,6;9,22,26,8,21,6;18,29,25,21,7;7,18,3,30,31;3,30,0,19,27,29;2,28,21,8,24,16,4;4,19,17,22,5;14,24,20,5,4;9,27,19,15,22;11,29,3,12,7;4,23,0,13,27,17,15;22,26,24,16,5;11,25,6,10,8,14,28,7;9,10,26,20,5,15,17;4,19,0,1,2;8,26,20,16,14;11,21,6,27,29;20,22,10,8,24;6,9,17,19,13,29,25;2,14,21,7,1;11,18,3,13,27,25;3,13,0,31,12;0,30,12,7,1
sphere5_s7102_8 31 11,23,3,15,29;12,21,3,24,13;7,16,4,15,5;1,24,20,26,23,0,15,28,22,21;6,29,15,2,16;15,28,30,7,2;4,29,10,14,16;14,30,5,2,16;10,12,13,25,11;20,27,18,25,24;12,19,14,6,29,11,8;17,23,0,29,10,8,25,18;19,21,1,13,8,10;8,25,24,1,12;7,30,19,10,6,16;5,28,3,0,29,4,2;2,7,14,6,4;23,26,27,18,11;9,27,17,11,25;12,21,22,30,14,10;9,27,26,3,24;12,19,22,3,1;3,21,19,30,28;17,26,3,0,11;1,3,20,9,25,13;8,13,24,9,18,11;17,23,3,20,27;17,26,20,9,18;5,15,3,22,30;4,6,10,11,0,15;7,14,19,22,28,5
sphere5_s7102_9 40 12,26,4,35,2;11,17,14,8,25;31,34,39,18,28,23,35,0,12;16,29,6,32,30;9,22,26,0,35;21,27,26,22,36,37,6,29,19,38;15,37,5,29,3,32;21,38,8,25,24,13;10,38,7,25,1,14;4,22,36,33,23,35;14,16,19,38,8;1,17,18,24,25;0,26,27,31,2;34,39,24,7,21;10,16,30,17,1,8;6,37,20,17,32;19,29,3,30,14,10;1,11,18,28,33,20,15,32,30,14;24,39,2,28,17,11;5,29,16,10,38;33,36,37,15,17;5,27,31,34,13,7,38;4,9,36,5,26;9,33,28,2,35;18,39,13,7,25,11;7,24,11,1,8;0,12,27,5,22,4;5,21,31,12,26;2,18,17,33,23;5,19,16,3,6;14,17,32,3,16;2,34,21,27,12;6,15,17,30,3;20,36,9,23,28,17;2,31,21,13,39;4,9,23,2,0;20,33,9,22,5,37;6,15,20,36,5;7,21,5,19,10,8;18,24,13,34,2
sphere5_s7102_10 38 10,28,8,17,36,34;27,28,13,11,14;11,26,32,17,8,13;4,12,5,19,25;7,24,25,3,12;19,29,33,37,6,12,3;5,12,16,22,37;16,23,24,4,12;0,17,2,13,28;34,36,23,24,25;25,34,0,28,19;2,26,14,1,13;3,4,7,16,6,5;1,28,8,2,11;21,26,11,1,27,35;31,35,21,30,20;7,23,22,6,12;32,36,0,8,2;27,31,20,29,19,28;5,29,18,28,10,25,3;30,33,29,18,31,15;26,32,30,15,35,14;6,37,36,23,16;7,16,22,36,9,24;4,7,23,9,25;10,34,9,24,4,3,19;2,11,14,21,32;14,35,31,18,28,1;0,10,19,18,27,1,13,8;5,19,18,20,33;32,33,20,15,21;15,35,27,18,20;21,26,2,17,36,33,30;30,32,36,37,5,29,20;10,25,9,36,0;14,21,15,31,27;33,37,22,23,9,34,0,17,32;33,36,22,6,5
sphere5_s7102_11 31 2,4,18,8,3,6;15,23,19,16,2;9,29,21,27,15,1,16,4,0,6;10,26,6,0,8;18,30,16,2,0;17,23,22,25,28;0,2,9,26,3;20,21,11,25,22,19;13,18,0,3,10;2,29,14,12,26,6;3,26,12,13,8;7,21,27,28,25;9,14,13,10,26;14,18,8,10,12;13,18,30,24,29,9,12;1,23,17,27,2;4,30,24,19,1,2;5,23,15,27,28;4,30,14,13,8,0;7,22,23,1,16,24,20;7,21,29,24,19;7,20,29,2,27,11;7,19,23,5,25;1,15,17,5,22,19;14,30,16,19,20,29;5,22,7,11,28;3,10,12,9,6;2,21,11,28,17,15;11,27,17,5,25;2,9,14,24,20,21;4,18,14,24,16
sphere5_s7102_12 34 8,22,17,31,23;28,32,16,24,33;19,31,10,25,26;11,16,32,26,25,13;14,21,18,9,7;12,15,7,14,27;9,32,28,12,15;9,15,5,14,4;11,29,30,23,0,22;7,15,6,32,29,11,18,4;13,20,17,31,2,25;3,16,18,9,29,8,22,20,13;5,15,6,28,33,27;11,20,10,25,3;4,21,27,5,7;5,12,6,9,7;3,11,18,24,1,32;10,20,22,0,31;4,21,24,16,11,9;26,30,23,31,2;11,13,10,17,22;4,14,27,24,18;0,8,11,20,17;8,30,19,31,0;21,27,33,1,16,18;3,13,10,2,26;19,30,32,3,25,2;21,24,33,12,5,14;12,33,1,32,6;8,11,9,32,30;19,26,32,29,8,23;2,19,23,0,17,10;1,28,6,9,29,30,26,3,16;12,28,1,24,27
sphere5_s7102_13 33 4,25,6,31,8,24,17,20;18,32,6,25,28,30;5,19,10,22,13,21;18,27,26,12,11,20,9,29;0,25,28,5,19,20;2,19,4,28,21;0,31,32,1,25;12,26,16,24,23;0,31,27,16,24;3,29,14,15,20;19,20,15,22,2;17,23,12,3,20;7,26,3,11,23;2,22,14,29,21;13,22,15,9,29;9,20,10,22,14;8,24,7,26,27;11,23,24,0,20;1,32,27,3,29,30;2,5,4,20,10;3,11,17,0,4,19,10,15,9;28,30,29,13,2,5;2,13,14,15,10;11,17,24,7,12;8,16,7,23,17,0;1,28,4,0,6;7,12,3,27,16;3,18,32,31,8,16,26;1,30,21,5,4,25;18,30,21,13,14,9,3;1,28,21,29,18;0,6,32,27,8;1,18,27,31,6
sphere5_s7102_14 35 27,33,8,22,5,6,16;11,31,2,19,30;24,31,1,19,10;29,34,17,20,7,4;7,15,25,29,3;6,19,10,23,22,0;5,19,30,16,0;4,15,16,27,20,3;18,26,22,0,33;13,20,17,12,18;5,19,2,24,23;21,25,30,1,31;9,18,26,32,34,17;20,27,33,18,9;21,31,24,23,28;4,7,16,30,25;6,30,15,7,27,0;9,20,3,34,12;8,26,12,9,13,33;5,6,30,1,2,10;13,27,7,3,17,9;14,31,11,25,29,34,32,28;8,26,23,5,0;14,24,10,5,22,26,28;14,23,10,2,31;11,21,29,4,15,30;8,18,12,32,28,23,22;13,20,7,16,0,33;26,32,21,14,23;21,34,3,4,25;6,16,15,25,11,1,19;14,21,11,1,2,24;26,28,21,34,12;0,27,13,18,8;21,29,3,17,12,32
sphere5_s7102_15 38 8,20,24,13,26,28,29,14;2,24,20,19,16;7,33,24,1,16;12,32,36,34,25;5,27,14,18,22,12;4,27,37,32,12;31,36,34,21,19;2,33,15,11,35,25,21,16;14,31,19,20,0;22,23,28,30,17;17,35,11,26,30;7,15,26,10,35;3,32,5,4,22,25;15,33,24,0,26;8,31,27,4,18,29,0;13,33,7,11,26;19,21,7,2,1;10,35,25,22,9,30;23,29,14,4,22;8,20,1,16,21,6,31;0,8,19,1,24;25,34,6,19,16,7;9,23,18,4,12,25,17;9,22,18,29,28;2,33,13,0,20,1;21,34,3,12,22,17,35,7;28,30,10,11,15,13,0;4,5,37,31,14;26,30,9,23,29,0;18,23,28,0,14;26,28,9,17,10;6,36,37,27,14,8,19;3,12,5,37,36;13,15,7,2,24;21,25,3,36,6;10,17,25,7,11;6,31,37,32,3,34;31,36,32,5,27
sphere5_s7102_16 32 12,15,29,25,27;5,31,30,9,4;11,26,3,22,7,4;16,20,22,2,26;14,21,15,13,11,2,7,5,1,9,8;7,28,31,1,4;30,31,18,10,23,19;5,28,24,29,25,22,2,4;4,14,23,19,9;19,30,1,4,8;14,23,6,18,21;2,26,17,13,4;13,17,16,27,0,15;12,17,11,4,15;10,23,8,4,21;0,12,13,4,21,29;20,27,12,17,26,3;12,13,11,26,16;24,28,31,6,10,21;9,30,6,23,8;16,27,25,22,3;4,14,10,18,24,29,15;2,7,25,20,3;10,14,8,19,6;18,28,7,29,21;7,29,0,27,20,22;2,11,17,16,3;0,25,20,16,12;5,7,24,18,31;7,25,0,15,21,24;6,31,1,9,19;1,5,28,18,6,30
sphere5_s7102_17 34 13,20,25,10,18,17,5,23,24;17,29,31,26,5;6,14,30,28,11,8;8,22,21,18,32;19,32,23,5,26,9;4,23,0,17,1,26;2,14,13,27,8;16,21,10,25,30,28;3,22,11,2,6,27,32;4,26,31,33,19;0,25,7,21,18;2,28,16,22,8;15,32,18,17,29;0,20,14,6,27,24;2,6,13,20,30;12,32,19,33,29;7,21,22,11,28;12,29,1,5,0,18;10,21,3,32,12,17,0;4,32,15,33,9;0,13,14,30,25;7,16,22,3,18,10;3,8,11,16,21;0,24,32,4,5;0,23,32,27,13;0,20,30,7,10;4,9,31,1,5;24,32,8,6,13;2,11,16,7,30;12,17,1,31,33,15;2,14,20,25,7,28;29,33,9,26,1;4,19,15,12,18,3,8,27,24,23;29,31,9,19,15
sphere5_s7102_18 38 2,22,20,16,9;25,28,30,3,31,12,32,23;9,29,24,22,0;31,37,7,30,1;17,35,7,5,19;7,37,18,19,4;15,20,35,32,23,33;5,37,3,30,27,16,20,35,4;10,24,22,15,33;2,29,11,16,0;26,33,8,24,29;9,29,26,14,34,16;13,17,35,32,1,31;12,17,21,36,31;25,28,34,11,26;6,20,22,8,33;0,9,11,34,27,7,20;12,13,21,19,4,35;19,21,36,37,5;18,21,17,4,5;6,15,22,0,16,7,35;18,19,17,13,36;0,2,24,8,15,20;1,32,6,33,25;2,29,10,8,22;1,28,14,26,33,23;10,33,25,14,11,29;28,30,7,16,34;1,25,14,34,27,30;2,9,11,26,10,24;27,28,1,3,7;3,37,36,13,12,1;12,35,6,23,1;10,26,25,23,6,15,8;27,28,14,11,16;4,17,12,32,6,20,7;18,21,13,31,37;5,7,3,31,36,18
sphere5_s7102_19 37 4,31,27,6,28;27,31,29,32,30;5,34,17,13,35,21,12;4,28,7,20,35,13;13,31,0,28,3;7,28,34,2,12,10,23;0,28,33,30,27;5,28,3,20,24,23;16,29,26,22,9,25;8,25,33,28,22;15,19,23,5,12;35,36,19,24,20;15,21,2,5,10;4,31,14,17,2,35,3;17,22,26,31,13;10,19,36,21,12;8,29,32,18,25;14,22,34,2,13;30,32,16,25,33;11,36,15,10,23,24;11,35,3,7,24;12,15,36,35,2;28,34,17,14,26,8,9;5,7,24,19,10;7,23,19,11,20;8,9,33,18,16;8,22,14,31,29;1,31,0,6,30;5,7,3,4,0,6,33,9,22,34;8,16,32,1,31,26;18,32,1,27,6,33;1,27,0,4,13,14,26,29;18,30,1,29,16;9,25,18,30,6,28;22,28,5,2,17;11,36,21,2,13,3,20;11,35,21,15,19
sphere5_s7102_20 33 24,30,20,26,8;10,15,11,5,9;3,27,5,9,18;20,27,2,18,28;6,16,22,8,21;1,9,2,27,12,11;4,16,19,23,11,21;16,31,13,29,19;4,22,24,0,26,21;1,10,17,18,2,5;14,32,13,15,1,9,17;6,21,26,12,5,1,15,23;5,11,26,20,27;15,29,7,31,32,10;10,32,24,30,17;1,10,13,29,23,11;22,25,31,7,19,6,4;14,30,28,18,9,10;3,28,17,9,2;6,16,7,29,23;3,27,12,26,0,30,28;6,11,26,8,4;16,25,24,8,4;11,15,29,19,6;0,30,14,32,25,22,8;31,32,24,22,16;11,21,8,0,20,12;3,20,12,5,2;3,20,30,17,18;13,15,23,19,7;14,17,28,20,0,24;25,32,13,7,16;10,14,24,25,31,13
sphere5_s7102_21 33 9,28,16,12,25,14;16,22,2,10,32,5,12;10,26,3,13,22,1;18,24,13,2,26;5,12,13,23,21;4,12,1,32,21;13,24,29,20,23;12,25,31,17,22,13;11,32,21,20,29,18;19,28,0,14,15;2,26,11,32,1;18,26,10,32,8;4,5,1,16,0,25,7,13;6,24,3,2,22,7,12,4,23;0,9,15,31,25;9,19,27,31,14;1,22,17,30,28,0,12;7,22,16,30,27,31;24,29,8,11,26,3;9,28,30,27,15;6,23,21,8,29;4,5,32,8,20,23;1,16,17,7,13,2;4,21,20,6,13;18,29,6,13,3;7,12,0,14,31;11,18,3,2,10;19,30,17,31,15;9,19,30,16,0;18,24,6,20,8;19,28,16,17,27;7,25,14,15,27,17;8,11,10,1,5,21
sphere5_s7102_22 33 15,16,23,3,6,28;2,14,30,7,17;13,14,1,17,27,16,32;6,9,29,23,0;14,30,22,26,12;15,28,11,31,20;10,28,0,3,9;18,24,30,1,17;22,26,25,10,11,31,21;3,6,10,19,29;6,28,11,8,25,13,19,9;8,31,5,28,10;4,26,25,13,14;2,14,12,25,10,19,32;4,30,1,2,13,12;16,27,20,5,28,0;15,27,2,32,23,0;20,27,2,1,7,18,31;7,24,21,31,17;13,32,29,9,10;17,27,15,5,31;18,31,8,22,24;8,26,4,30,24,21;29,32,16,0,3;7,18,21,22,30;12,13,10,8,26;8,22,4,12,25;17,20,15,16,2;6,10,11,5,15,0;23,32,19,9,3;4,14,1,7,24,22;17,18,21,8,11,5,20;13,19,29,23,16,2
sphere5_s7102_23 33 15,28,19,8,6;22,29,4,11,21;15,17,23,11,4,26,6;9,22,29,5,18,30;1,11,2,26,5,29;3,18,24,26,4,29;24,26,2,15,0,8;31,32,25,13,20,12;12,31,24,6,0,19;3,22,21,23,17,10,14,25,30;14,16,15,17,9;1,4,2,23,21;8,31,7,20,19;20,28,27,25,7;10,16,27,25,9;2,17,10,16,28,0,6;10,14,27,28,15;2,15,10,9,23;3,5,24,32,30;12,20,28,0,8;12,19,28,13,7;9,22,1,11,23;3,9,21,1,29;9,17,2,11,21;6,26,5,18,32,31,8;9,14,27,13,7,32,30;6,24,5,4,2;14,25,13,28,16;0,15,16,27,13,20,19;1,22,3,5,4;3,9,25,32,18;8,12,7,32,24;25,30,18,24,31,7
sphere5_s7102_24 38 25,31,33,35,14,13,23;7,22,8,20,37;17,21,6,10,36;18,34,27,19,35,15;5,36,17,16,13;13,14,19,24,36,4;9,21,2,10,29,8,20;1,22,23,30,37;22,29,6,20,1;6,21,30,37,20;6,29,11,24,36,2;27,29,10,24,19;26,28,25,23,34;5,14,0,23,30,16,4;5,13,0,35,19;18,32,33,35,3;21,30,13,4,17;2,21,16,4,36;3,34,26,32,15;11,27,3,35,14,5,24;6,9,37,1,8;6,9,30,16,17,2;1,7,23,29,8;7,22,29,34,12,25,0,13,30;5,19,11,10,36;0,31,28,12,23;12,28,32,18,34;11,29,34,3,19;12,26,32,31,25;11,27,34,23,22,8,6,10;16,21,9,37,7,23,13;0,25,28,32,33;26,28,31,33,15,18;15,35,0,31,32;27,29,23,12,26,18,3;3,15,33,0,14,19;4,5,24,10,2,17;1,7,30,9,20
sphere5_s7102_25 37 12,24,31,16,1;4,35,12,0,16;8,21,33,23,34,9,36,17,28;18,25,24,15,14,19;1,35,22,11,16;13,20,33,21,7;27,29,19,30,13;8,21,5,13,30;2,21,7,30,28;19,34,2,36,14;16,31,15,14,36,11;17,22,4,16,10,36;0,24,26,35,1;20,27,6,30,7,5;9,19,3,15,10,36;10,14,3,24,31;10,31,0,1,4,11;2,28,22,11,36;3,25,32,22,28,30,19;9,34,29,6,30,18,3,14;13,27,23,33,5;2,8,7,5,33;18,28,17,11,4,35,32;20,27,29,34,2,33;0,12,26,25,3,15,31;3,18,32,26,24;12,35,32,25,24;13,20,23,29,6;8,30,18,22,17,2;23,34,19,6,27;18,19,6,13,7,8,28;10,16,0,24,15;18,22,35,26,25;5,21,2,23,20;9,19,29,23,2;12,26,32,22,4,1;10,14,9,2,17,11
sphere5_s7102_26 40 2,13,26,30,27,31;9,34,13,15,21;13,20,24,16,31,0;6,10,39,30,27;19,23,20,24,7;12,33,38,29,25;3,10,36,22,35,27;4,24,17,9,18,19;13,34,29,25,26;1,34,17,7,18,21;3,6,36,32,39;32,39,30,33,38,14;5,33,30,26,25;2,20,37,15,1,34,8,26,0;11,38,22,36,32;1,13,37,28,21;17,24,2,31,34;16,24,7,9,34;7,19,28,21,9;4,23,28,18,7;2,13,37,23,4,24;9,18,28,15,1;6,35,38,14,36;4,19,28,37,20;4,7,17,16,2,20;8,26,12,5,29;0,30,12,25,8,13;31,34,35,6,3,30,0;15,21,18,19,23,37;8,34,35,38,5,25;11,39,3,27,0,26,12,33;27,34,16,2,0;11,39,10,36,14;5,12,30,11,38;27,31,16,17,9,1,13,8,29,35;27,34,29,38,22,6;6,10,32,14,22;13,15,28,23,20;11,33,5,29,35,22,14;11,32,10,3,30
sphere5_s7102_27 40 1,15,8,21,14;0,15,20,6,35,14;30,31,25,29,19,13,11;10,26,38,7,33;32,39,20,9,23,17;8,29,25,9,36;1,35,28,27,12,20;28,34,38,3,33,11;5,29,21,0,15,36;25,31,23,4,20,36,5;24,33,3,26,22;7,33,30,2,13,35,28;27,37,16,20,6;2,19,14,35,11;19,21,0,1,35,13;0,1,20,36,8;12,37,22,39,20;18,23,4,32,33;17,23,31,30,33;21,29,2,13,14;9,36,15,1,6,12,16,39,4;19,29,8,0,14;24,39,16,37,26,10;17,18,31,9,4;10,33,32,39,22;9,31,2,29,5;3,10,22,37,38;12,37,34,28,6;7,34,27,6,35,11;5,8,21,19,2,25;2,31,18,33,11;9,25,2,30,18,23;4,39,24,33,17;10,24,32,17,18,30,11,7,3;7,28,27,37,38;1,6,28,11,13,14;5,9,20,15,8;12,27,34,38,26,22,16;34,37,26,3,7;22,24,32,4,20,16
sphere5_s7102_28 34 7,21,5,33,8;14,28,6,27,31,4;19,25,33,8,18;30,32,16,23,15;19,31,1,14,26;21,29,25,33,0;15,30,17,27,1,28,20;0,21,13,18,8;0,7,18,2,33;20,23,16,22,10;9,22,26,14,28,20;13,18,19,31,12;27,31,11,13,21,24;11,18,7,21,12;1,28,10,26,4;6,30,3,23,20;9,22,32,3,23;6,27,24,29,19,32,30;11,13,7,8,2,19;11,31,4,26,32,17,29,25,2,18;9,23,15,6,28,10;12,24,29,5,0,7,13;9,10,26,32,16;9,20,15,3,16;12,21,29,17,27;19,29,5,33,2;19,32,22,10,14,4;12,31,1,6,17,24;1,14,10,20,6;19,25,5,21,24,17;3,32,17,6,15;11,19,4,1,27,12;3,30,17,19,26,22,16;0,5,25,2,8
sphere5_s7102_29 35 14,22,3,34,1;10,15,14,0,34,6,27;24,31,6,17,20;0,34,5,28,22;7,10,30,23,18,29;8,28,3,34,32;17,34,1,27,31,2;10,15,12,21,19,29,4;5,28,21,19,32;11,13,16,33,32;1,15,7,4,30,27;9,13,29,19,32;7,21,22,14,15;9,11,29,25,16;0,22,12,15,1;1,10,7,12,14;20,25,13,9,33;6,34,33,20,2;25,29,4,23,26;11,29,7,21,8,32;16,25,26,24,2,17,33;22,28,8,19,7,12;0,14,12,21,28,3;4,18,26,24,30;2,31,30,23,26,20;18,29,13,16,20,26;20,24,23,18,25;10,30,31,6,1;21,22,3,5,8;18,25,13,11,19,7,4;10,27,31,24,23,4;2,24,30,27,6;33,34,5,8,19,11,9;32,34,17,20,16,9;6,17,33,32,5,3,0,1
sphere5_s7102_30 37 29,31,32,13,8,17,30,10,26,5;3,27,26,2,25;15,35,25,1,26,10,14,9;1,27,11,6,23,25;11,33,5,19,6;19,29,0,26,33,4;4,11,3,23,19;12,16,25,23,19,29,31;18,28,17,0,13;2,15,13,18,24,14;0,26,2,14,34,30;4,33,27,3,6;20,32,31,7,16;0,8,18,9,15,20,32;10,34,24,9,2;2,35,20,13,9;25,35,20,12,7;0,8,28,21,30;8,28,36,24,9,13;5,29,7,23,6,4;12,32,13,15,35,16;22,30,17,28,36;24,34,30,21,36;3,25,7,19,6;22,34,14,9,18,36;16,35,2,1,3,23,7;0,10,2,1,27,33,5;1,3,11,33,26;8,18,36,21,17;0,31,7,19,5;21,22,34,10,0,17;12,32,0,29,7;12,20,13,0,31;4,11,27,26,5;10,14,24,22,30;2,15,20,16,25;18,28,21,22,24
sphere5_s7102_31 39 18,26,4,22,27;18,32,31,25,12,26;5,34,9,33,38;11,21,29,7,13;22,36,12,26,0;11,34,2,38,13;25,31,35,10,28;23,29,3,13,38,33;15,16,14,28,20;2,33,23,37,34;21,28,6,35,19;15,30,22,19,21,3,13,5,34,17;1,25,24,36,4,26;5,38,7,3,11;24,36,16,8,28;11,30,16,8,20,17;30,36,14,8,15;11,34,37,29,20,15;1,32,27,0,26;22,35,10,21,11;8,15,17,29,28;10,28,29,3,11,19;27,35,19,11,30,36,4,0;7,29,37,9,33;25,28,14,36,12;24,28,6,31,1,12;0,18,1,12,4;22,35,32,18,0;10,21,29,20,8,14,24,25,6;7,23,37,17,20,28,21,3;16,36,22,11,15;32,35,6,25,1;1,18,27,35,31;2,9,23,7,38;5,11,17,37,9,2;31,32,27,22,19,10,6;16,30,22,4,12,24,14;17,34,9,23,29;2,5,13,7,33
sphere5_s7102_32 36 16,33,34,32,20;13,31,9,8,19;11,26,25,6,35,4;24,31,13,12,35;2,35,27,23,11;15,34,6,35,24;17,25,2,35,5,34,32;22,30,13,12,10;1,19,21,26,14,29,15,9;1,31,24,15,8;7,22,23,27,12;2,26,21,18,23,4;10,27,35,3,13,7;3,31,1,19,30,7,12;8,26,25,17,20,16,29;5,34,33,29,8,9,24;0,33,29,14,20;6,25,14,20,32;19,21,11,23,28;18,21,8,1,13,30,28;17,32,0,16,14;18,19,8,26,11;7,30,28,23,10;22,28,18,11,4,27,10;3,31,9,15,5,35;6,17,14,26,2;2,11,21,8,14,25;10,12,35,4,23;22,23,18,19,30;15,33,16,14,8;7,22,28,19,13;3,24,9,1,13;0,34,6,17,20;0,16,29,15,34;5,15,33,0,32,6;2,4,27,12,3,24,5,6
sphere5_s7102_33 34 5,33,26,25,11;15,17,28,20,4,26,16;24,29,27,25,16,8;24,31,6,22,12,32,19;1,20,32,33,26;12,32,33,0,11;13,31,3,22,10;11,12,22,10,30,18,25;15,23,24,2,16;27,29,31,13,30,18;6,13,30,7,22;7,12,5,0,25;7,11,5,32,3,22;6,31,9,30,10;19,21,28,17,23;1,17,23,8,16;2,25,26,1,15,8;1,15,23,14,28;25,27,9,30,7;14,21,32,3,24,23;21,28,1,4,32;20,28,14,19,32;7,10,6,3,12;14,17,15,8,24,19;3,31,29,2,8,23,19;18,27,2,16,26,0,11,7;1,4,33,0,25,16;9,29,2,25,18;20,21,14,17,1;9,27,2,24,31;9,18,7,10,13;6,13,9,29,24,3;3,19,21,20,4,33,5,12;0,5,32,4,26
sphere5_s7102_34 31 6,11,2,8,7;19,27,23,18,10;9,29,11,0,8,22;4,15,24,20,12;9,22,30,15,3,12;10,13,28,21,19;0,11,24,14,7;14,17,8,0,6;0,7,17,30,22,2;4,22,2,29,12;1,18,14,13,5,19;0,6,24,20,29,2;3,4,9,29,20;5,10,14,16,28;24,26,18,10,13,16,17,7,6;24,28,16,17,30,4,3;13,28,15,17,14;7,14,16,15,30,8;1,10,14,26,23;1,27,21,5,10;12,29,11,24,3;25,27,19,5,28;4,9,2,8,30;18,26,25,27,1;14,26,28,15,3,20,11,6;21,27,23,26,28;14,24,28,25,23,18;1,19,21,25,23;15,24,26,25,21,5,13,16;2,9,12,20,11;4,22,8,17,15
sphere5_s7102_35 35 8,31,32,18,10;27,33,7,25,11,17;19,21,5,15,6,12,18;29,30,13,11,25,9;24,28,27,17,34;21,22,34,24,26,15,2;14,15,2,12,23;9,32,20,33,1,25;0,31,29,30,16,10;7,32,31,29,3,25;16,19,18,0,8;17,34,13,3,25,1;18,20,23,6,2;11,34,22,30,3;6,15,26,28,23;6,14,26,5,2;10,19,21,22,30,8;11,34,4,27,1;12,20,32,0,10,19,2;2,21,16,10,18;28,33,7,32,18,12,23;2,19,16,22,5;5,21,16,30,13,34;14,28,20,12,6;4,28,26,5,34;7,9,3,11,1;24,28,14,15,5;1,33,28,4,17;20,33,27,4,24,26,14,23;3,30,8,31,9;3,29,8,16,22,13;0,8,29,9,32;7,9,31,0,18,20;20,28,27,1,7;11,17,4,24,5,22,13
sphere5_s7102_36 38 9,19,8,6,26,20;31,35,24,37,19,21;22,29,9,33,18;17,34,24,14,5;17,28,36,7,34;12,14,3,17,28;8,27,23,10,26,0;19,37,34,4,36;6,27,36,19,0;2,29,21,19,0,20,33;13,26,6,23,11;15,32,23,10,13,18,22,25;5,14,32,16,36,28;10,26,20,33,18,11;5,12,32,15,35,24,3;11,32,14,35,25;23,32,12,36,27;4,28,5,3,34;2,22,11,13,33;0,9,21,1,37,7,36,8;0,9,33,13,26;1,19,9,29,30,31;2,29,30,25,11,18;6,27,16,32,11,10;34,37,1,35,14,3;11,15,35,31,30,22;10,13,20,0,6;6,8,36,16,23;4,17,5,12,36;2,22,30,21,9;22,25,31,21,29;1,35,25,30,21;11,15,14,12,16,23;2,18,13,20,9;24,37,7,4,17,3;1,31,25,15,14,24;8,19,7,4,28,12,16,27;1,19,7,34,24
sphere5_s7102_37 40 19,27,33,14,2,23,34;3,9,11,12,18,36;0,14,37,16,23;16,36,1,9,32,37;5,35,6,39,18,34;4,35,30,19,34;20,39,4,35,29,31,26;24,25,28,26,31;18,39,20,28,25,12;1,3,32,22,11;13,30,19,27,17;15,21,13,17,33,22,9,1,12;11,15,25,8,18,1;21,30,10,17,11;22,32,37,2,0,33;11,21,38,25,12;3,36,23,2,37;10,27,33,11,13;8,39,4,34,36,1,12;0,27,10,30,5,34;6,39,8,28,26;11,15,38,35,30,13;14,32,9,11,33;34,36,16,2,0;7,25,38,29,31;15,38,24,7,28,8,12;20,28,7,31,6;0,19,10,17,33;7,25,8,20,26;6,31,24,38,35;13,21,35,5,19,10;6,29,24,7,26;14,22,9,3,37;0,27,17,11,22,14;18,36,23,0,19,5,4;6,29,38,21,30,5,4;3,16,23,34,18,1;14,32,3,16,2;15,25,24,29,35,21;6,20,8,18,4
sphere5_s7102_38 37 11,20,33,13,5,7,31;9,34,6,25,35;7,19,10,30,5;12,14,23,36,22,24,16;8,32,10,19,28,6;0,7,2,30,13;11,28,4,8,25,1,34;19,31,0,5,2;4,32,17,25,6;21,24,22,35,1,34;30,32,4,19,2;6,28,31,0,20,26,27,15,34;3,14,27,15,16;18,33,0,5,30;3,12,27,26,23;11,34,21,16,12,27;3,12,15,21,24;22,30,32,8,25,35;29,33,13,30,36;7,31,28,4,10,2;11,26,29,33,0;9,24,16,15,34;17,30,36,3,24,9,35;3,14,26,29,36;9,21,16,3,22;17,35,1,6,8;14,23,29,20,11,27;12,14,26,11,15;6,11,31,19,4;18,33,20,26,23,36;17,22,36,18,13,5,2,10,32;7,19,28,11,0;4,8,17,30,10;18,29,20,0,13;1,9,21,15,11,6;1,9,22,17,25;3,22,30,18,29,23
sphere5_s7102_39 34 23,24,21,26,6;7,13,29,5,10,33,15;23,24,16,18,14;18,31,28,7,14;8,32,20,26,6;10,22,17,29,1;8,23,0,26,4;1,13,28,3,14,15;4,32,25,14,23,6;11,17,16,24,19;1,33,12,22,5;9,17,22,12,19;11,22,10,33,19;1,7,28,27,29;8,25,15,7,3,18,2,23;1,7,14,25,33;2,18,31,27,29,17,9,24;9,11,22,5,29,16;3,31,16,2,14;11,12,33,25,32,30,24,9;21,30,32,4,26;20,30,24,0,26;11,12,10,5,17;0,24,2,14,8,6;0,23,2,16,9,19,30,21;8,14,15,33,19,32;4,6,0,21,20;28,31,16,29,13;27,31,3,7,13;1,13,27,16,17,5;20,21,24,19,32;3,18,16,27,28;4,8,25,19,30,20;1,10,12,19,25,15
sphere5_s7102_40 31 8,27,7,23,29;16,22,20,19,23;25,30,13,15,6;9,10,6,25,11;15,21,24,18,28,14,9,10;19,20,24,21,17,7;3,10,15,2,25;17,27,0,23,19,5;0,27,14,28,29;3,10,4,14,26,12,11;3,9,4,15,6;3,25,30,12,9;21,26,9,11,30,13;12,21,15,2,30;17,27,8,28,4,9,26;4,21,13,2,6,10;1,22,18,29,23;21,26,14,27,7,5;4,24,22,16,29,28;5,20,1,23,7;5,19,1,22,24;17,26,12,13,15,4,24,5;1,16,18,24,20;0,7,19,1,16,29;20,22,18,4,21,5;3,11,30,2,6;17,21,12,9,14;0,8,14,17,7;8,29,18,4,14;0,8,28,18,16,23;2,25,11,12,13
sphere5_s7102_41 39 6,33,22,28,4,24,26;24,29,32,3,4;9,38,10,13,23;1,4,38,10,32;1,3,38,9,28,0,24;6,8,25,30,34;5,8,19,11,33,0,26,21,34;22,23,13,32,18;5,6,19,12,25;2,38,4,28,23;3,32,13,2,38;20,33,6,19,16;8,19,16,36,25;7,32,10,2,23;17,27,37,31,20,33;27,37,30,34,21;20,31,36,12,19,11;21,29,18,22,33,14,27;17,29,32,7,22;8,12,16,11,6;11,33,14,31,16;17,29,26,6,34,15,27;23,28,0,33,17,18,7;22,28,9,2,13,7;1,29,26,0,4;30,35,36,12,8,5;24,29,21,6,0;14,17,21,15,37;22,23,9,4,0;17,21,26,24,1,32,18;25,35,37,15,34,5;35,36,16,20,14,37;7,13,10,3,1,29,18;0,6,11,20,14,17,22;5,30,15,21,6;25,30,37,31,36;31,35,25,12,16;14,31,35,30,15,27;2,9,4,3,10
sphere5_s7102_42 39 8,35,17,16,20,5;31,34,15,14,6;32,33,36,28,38;23,24,11,7,26;11,12,18,36,29;6,14,10,8,0,20;5,14,1,31,13,20;11,15,9,26,3;22,35,0,5,10;21,26,7,15,27;12,18,33,22,8,5,14;3,24,29,4,12,15,7;10,18,4,11,15,14;16,20,6,31,37;5,6,1,15,12,10;11,12,14,1,34,27,9,7;13,20,0,17,27,37;19,21,27,16,0,35;10,12,4,36,33;25,35,17,21,30;13,16,0,5,6;9,26,23,30,19,17,27;8,35,32,33,10;3,24,30,21,26;3,23,30,38,28,29,11;19,35,32,38,30;3,23,21,9,7;34,37,16,17,21,9,15;24,29,36,2,38;24,28,36,4,11;24,38,25,19,21,23;1,34,37,13,6;2,33,22,35,25,38;2,32,22,10,18,36;27,37,31,1,15;8,22,32,25,19,17,0;2,33,18,4,29,28;27,34,31,13,16;24,28,2,32,25,30
sphere5_s7102_43 37 5,26,21,1,13,18,36;13,15,23,3,21,0;19,30,6,20,18,36;23,25,31,21,1;5,36,19,29,35;26,35,4,36,0;15,23,14,10,30,2,20;25,31,24,28,9,10,14;24,33,34,32,22;10,17,11,28,7;9,17,27,30,6,14,7;22,28,9,17,12,32;16,17,11,32,34;1,15,20,18,0;7,10,6,23,25;6,23,1,13,20;33,34,12,17,27;9,10,27,16,12,11;0,13,20,2,36;2,30,29,4,36;2,6,15,13,18;31,33,26,0,1,3;8,32,11,28,24;6,15,1,3,25,14;8,33,31,7,28,22;7,31,3,23,14;5,35,27,33,21,0;16,33,26,35,29,30,10,17;11,22,24,7,9;27,35,4,19,30;2,19,29,27,10,6;7,25,3,21,33,24;8,34,12,11,22;8,24,31,21,26,27,16,34;16,33,8,32,12;5,26,27,29,4;4,5,0,18,2,19
sphere5_s7102_44 37 1,26,2,28,8,6,9,3;16,25,3,0,26;28,35,23,26,0;12,21,25,1,0,9,15,22;16,24,34,14,23;17,32,33,8,7;18,33,8,0,9,10;8,28,35,17,5;5,33,6,0,28,7;10,31,19,15,3,0,6;9,31,11,20,18,6;14,20,10,31,30,13,27;3,21,34,36,22;29,30,11,27,36,22;11,20,23,4,34,27;19,29,22,3,9;1,25,24,4,23,26;5,32,23,35,7;6,33,32,23,20,10;15,29,30,31,9;11,14,23,18,10;3,12,34,24,25;3,12,36,13,29,15;16,26,2,35,17,32,18,20,14,4;4,16,25,21,34;1,16,24,21,3;0,1,16,23,2;13,36,34,14,11;2,35,7,8,0;15,19,30,13,22;13,29,19,31,11;9,10,11,30,19;5,17,23,18,33;6,18,32,5,8;12,21,24,4,14,27,36;2,28,7,17,23;13,27,34,12,22
sphere5_s7102_45 39 8,29,10,22,35,19,34,23,1,27,14;23,30,16,27,0;11,37,19,34,15,18;6,38,36,29,10;8,9,17,21,36,29;30,32,26,31,13,34,23;3,38,7,16,32,22,10;21,38,6,16,12;9,14,0,29,4;8,14,20,17,4;3,6,22,0,29;26,33,18,2,37;7,21,25,28,16;5,34,15,24,31;8,9,20,27,0;13,24,18,2,34;1,27,28,12,7,6,32,30;9,20,25,21,4;2,15,24,33,11;35,37,2,34,0;9,17,25,28,27,14;7,38,36,4,17,25,12;0,35,26,32,6,10;1,30,5,34,0;13,15,18,33,31;12,21,17,20,28;11,33,31,5,32,22,35,37;1,16,28,20,14,0;16,27,20,25,12;0,8,4,36,3,10;1,23,5,32,16;26,33,24,13,5;5,30,16,6,22,26;11,26,31,24,18;5,13,15,2,19,0,23;26,37,19,0,22;3,29,4,21,38;26,35,19,2,11;3,6,7,21,36
sphere5_s7102_46 35 8,27,20,24,29,21,26,15;25,27,17,34,10;24,29,12,18,23;15,19,32,31,16;14,33,22,28,26,21;13,14,33,30,7;9,30,33,27,25;9,30,5,13,11;0,27,33,16,15;6,30,7,11,10,25;1,25,9,11,34;7,13,34,10,9;14,18,2,29,21;5,14,18,17,34,11,7;5,13,18,12,21,4,33;3,19,26,0,8,16;8,15,3,31,33;18,23,20,27,1,34,13;17,23,2,12,14,13;3,15,26,28,32;17,23,24,0,27;0,29,12,14,4,26;31,32,28,4,33;17,18,2,24,20;2,29,0,20,23;6,9,10,1,27;19,28,4,21,0,15;0,8,33,6,25,1,17,20;19,26,4,22,32;2,24,0,21,12;6,9,7,5,33;3,32,22,33,16;3,31,22,28,19;8,16,31,22,4,14,5,30,6,27;11,13,17,1,10
sphere5_s7102_47 39 19,22,25,37,27,4;13,21,34,14,27;7,22,25,26,33;10,36,35,5,38,29;17,19,0,27,14;11,20,35,3,38;16,21,13,9,28,32;29,33,2,22,23,30;28,32,10,29,33,31;13,27,37,15,28,6;3,36,32,8,29;5,20,23,30,38;18,36,35,20,22,19,24;9,27,1,21,6;4,17,34,1,27;26,31,28,9,37;18,32,6,21,34,17,24;4,19,24,16,34,14;12,36,32,16,24;4,17,24,12,22,0;5,11,23,22,12,35;6,16,34,1,13;2,7,23,20,12,19,0,25;7,22,20,11,30;17,19,12,18,16;26,37,0,22,2;31,33,2,25,37,15;0,4,14,1,13,9,37;8,32,6,9,15,31;7,33,8,10,3,38,30;7,29,38,11,23;26,33,8,28,15;8,28,6,16,18,36,10;7,29,8,31,26,2;16,21,1,14,17;3,36,12,20,5;3,10,32,18,12,35;9,27,0,25,26,15;5,11,30,29,3
sphere5_s7102_48 32 2,17,8,16,9;6,25,26,7,29;9,13,10,17,0;14,20,4,24,26;18,21,20,3,24;12,15,22,20,14;25,31,8,29,1;23,29,1,26,24,19;23,29,6,31,27,16,0,17;2,13,30,16,0;2,17,19,28,22,13;27,31,12,15,13,30;5,15,11,31,25,26,14;2,9,30,11,15,22,10;5,12,26,3,20;5,12,11,13,22;27,30,9,0,8;2,10,19,23,8,0;19,24,4,21,28;18,24,7,23,17,10,28;21,22,5,14,3,4;20,22,28,18,4;20,21,28,10,13,15,5;7,29,8,17,19;18,19,7,26,3,4;12,26,1,6,31;12,25,1,7,24,3,14;11,31,8,16,30;21,22,10,19,18;7,23,8,6,1;11,27,16,9,13;11,27,8,6,25,12
sphere5_s7102_49 39 1,24,3,16,13,29;0,24,33,18,12,29;4,35,9,25,27;16,36,32,24,0;2,35,8,10,32,6,27;11,18,12,20,37;4,32,36,31,27;14,26,21,13,22;28,34,23,35,4,10;17,38,25,2,35,23;15,24,32,4,8,28,30,25,27;5,18,33,15,14,26,37;20,29,1,18,5;20,29,0,16,22,7,21;7,26,11,15,31,22;10,24,33,11,14,31,27;3,36,31,22,13,0;9,38,19,34,23;5,11,33,1,12;28,30,38,17,34;21,37,5,12,29,13;20,37,26,7,13;13,16,31,14,7;9,35,8,34,17;0,1,33,15,10,32,3;10,27,2,9,38,30;7,14,11,37,21;4,6,31,15,10,25,2;19,30,10,8,34;13,20,12,1,0;19,28,10,25,38;6,27,15,14,22,16,36;4,6,36,3,24,10;1,24,15,11,18;8,28,19,17,23;2,4,8,23,9;3,16,31,6,32;20,21,26,11,5;9,17,19,30,25
sphere5_s7102_50 37 4,16,21,28,12;2,29,35,3,15;15,17,10,14,18,29,1;7,15,1,35,24;0,16,10,14,31,12;6,17,7,24,20;5,17,32,26,20;3,15,17,5,24;12,31,18,29,35;26,33,30,19,13;16,22,17,2,14,4;19,27,23,36,13;8,31,4,0,28,26,20,35;11,19,9,26,36;4,31,18,2,10;3,7,17,2,1;10,22,21,0,4;5,6,32,22,10,2,15,7;14,31,8,29,2;11,27,30,9,13;24,35,12,26,6,5;22,23,25,28,0,16;10,16,21,23,32,17;21,22,32,36,11,27,25;3,7,5,20,35;27,34,28,21,23;12,28,33,9,13,36,32,6,20;11,19,30,34,25,23;12,26,33,34,25,21,0;1,2,18,8,35;33,34,27,19,9;8,12,4,14,18;17,22,23,36,26,6;30,34,28,26,9;30,33,28,25,27;8,12,20,24,3,1,29;26,32,23,11,13
sphere5_s7102_51 31 18,19,2,12,27,29;9,19,6,23,5,8;12,21,6,19,0;10,20,13,4,23,5;3,13,22,15,23;17,26,10,3,23,1,8;15,21,2,19,1,23;10,20,30,24,26;9,16,17,5,1;16,25,18,19,1,8;7,20,3,5,26;28,30,20,13,29;0,27,22,21,2;3,4,22,27,29,11,20;24,26,17,16,25;6,21,22,4,23;14,25,9,8,17;5,26,14,16,8;9,19,0,29,28,25;9,18,0,2,6,1;7,10,3,13,11,30;6,15,22,12,2;4,13,27,12,21,15;6,15,4,3,5,1;14,26,7,30,25;28,30,24,14,16,9,18;5,17,14,24,7,10;0,12,22,13,29;25,30,11,29,18;11,13,27,0,18,28;7,20,11,28,25,24
sphere5_s7102_52 39 26,32,35,14,11;8,24,27,2,15;15,17,38,27,1;6,19,5,7,16;8,23,22,28,6;12,33,20,7,3,19;3,19,24,8,4,28,31,34,16;20,25,18,16,3,5;1,24,6,4,23,15;10,12,29,38,30;9,12,19,24,30;26,34,16,14,0;5,33,29,9,10,19;21,35,37,28,22;16,18,35,0,11;2,17,33,23,8,1;14,18,7,3,6,34,11;29,33,15,2,38;14,16,7,25,35;3,6,24,10,12,5;7,25,21,22,33,5;13,35,25,20,22;13,28,4,23,33,20,21;4,8,15,33,22;1,8,6,19,10,30,27;7,20,21,35,18;0,32,36,31,34,11;24,30,38,2,1;13,37,36,31,6,4,22;17,33,12,9,38;24,27,38,9,10;26,34,6,28,36;0,26,36,37,35;17,29,12,5,20,22,23,15;6,16,11,26,31;13,21,25,18,14,0,32,37;26,32,37,28,31;13,28,36,32,35;9,30,27,2,17,29
sphere5_s7102_53 34 7,13,6,9,18;4,26,20,25,21;31,32,8,15,14;20,33,7,5,26;1,26,27,14,15,11,9,29,21;3,26,16,12,7;0,13,30,8,11,9;18,33,3,5,12,19,13,0;6,30,32,2,15,11;22,29,4,11,6,0,18,24;23,29,21,25,28;8,15,4,9,6;7,19,32,16,5;0,7,19,30,6;27,31,2,15,4;8,11,4,14,2;5,12,32,31,27,26;22,24,33,20,28,23;7,33,24,9,0;7,12,32,30,13;3,33,17,28,25,1,26;4,29,10,25,1;17,24,9,29,23;10,29,22,17,28;17,22,9,18,33;10,21,1,20,28;1,4,27,16,5,3,20;14,31,16,26,4;10,23,17,20,25;10,23,22,9,4,21;6,8,32,19,13;14,27,16,32,2;12,16,31,2,8,30,19;7,18,24,17,20,3
sphere5_s7102_54 38 7,21,19,3,16;10,35,22,27,25;11,35,22,23,12;0,16,32,6,17,19;18,31,15,33,8,30,12,11,37;7,16,29,18,20;14,26,17,3,32;0,21,34,20,5,16;33,36,25,30,4;29,32,14,15,37,18;1,35,28,36,25;28,37,4,12,2,35;23,30,4,11,2;17,24,34,20,18;6,26,15,9,32;33,37,9,14,26,31,4;0,3,32,29,5,7;19,24,13,18,31,26,6,3;4,31,17,13,20,5,29,9,37;17,24,21,0,3;13,34,7,5,18;0,7,34,24,19;1,27,23,2,35;12,30,27,22,2;17,19,21,34,13;27,30,8,36,10,1;17,31,15,14,6;25,30,23,22,1;11,37,36,10,35;16,32,9,18,5;12,23,27,25,8,4;4,18,17,26,15;16,29,9,14,6,3;36,37,15,4,8;13,20,7,21,24;2,11,28,10,1,22;33,37,28,10,25,8;11,28,36,33,15,9,18,4
sphere5_s7102_55 37 13,21,32,30,25,33;2,20,4,34,24,15;1,20,26,14,15;4,28,6,5,7,23,20;3,28,34,1,20;3,6,16,9,27,7;3,5,16,31,19,28;23,29,12,27,5,3;9,27,15,35,13;8,27,5,16,33,13;19,34,22,17,36;17,30,25,18,36;14,29,7,27,15;21,35,8,9,33,0;12,29,26,2,15;24,35,8,27,12,14,2,1;25,33,9,5,6,31,18;22,30,11,36,10;16,25,11,36,31;31,36,10,34,28,6;1,2,26,23,3,4;13,35,24,32,0;17,30,32,24,34,10;7,29,26,20,3;15,35,21,32,22,34,1;16,33,0,30,11,18;14,29,23,20,2;8,9,5,7,12,15;3,4,34,19,6;7,23,26,14,12;17,22,32,0,25,11;19,36,18,16,6;22,24,21,0,30;16,25,0,13,9;22,24,1,4,28,19,10;15,24,21,13,8;19,31,18,11,17,10
sphere5_s7102_56 34 10,30,29,3,22,16,32;17,23,3,29,6,2;26,27,17,1,6,5;23,24,28,22,0,29,1;24,33,19,11,23;6,25,8,26,2;25,29,1,2,5;14,16,17,11,13,12;25,31,21,26,5;15,18,22,28,33,19,20;0,30,31,21,32;17,23,4,19,13,7;13,20,15,14,7;19,20,12,7,11;16,18,15,12,7;9,18,14,12,20;14,18,22,0,32,27,17,7;1,23,11,7,16,27,2;9,15,14,16,22;13,20,9,33,4,11;13,19,9,15,12;10,31,8,26,32;0,3,28,9,18,16;3,24,4,11,17,1;3,23,4,33,28;8,31,30,29,6,5;21,32,27,2,5,8;16,17,2,26,32;3,24,33,9,22;6,25,30,0,3,1;0,10,31,25,29;8,25,30,10,21;0,10,21,26,27,16;4,24,28,9,19
sphere5_s7102_57 33 12,32,25,30,9;5,9,12,8,22,3,4;11,19,18,20,31;19,29,22,1,4,10;16,27,14,5,1,3,10;1,9,7,6,14,4;7,15,17,13,14,5;15,28,9,5,6;22,26,32,12,1;28,30,0,12,1,5,7;3,4,16,11,19;2,19,10,16,31;0,32,8,1,9;6,17,24,23,14;4,5,6,13,23,27;7,28,21,17,6;4,27,31,11,10;6,13,24,21,15;26,29,19,2,20;3,29,18,2,11,10;26,27,31,2,18;28,30,24,17,15;8,26,29,3,1;13,24,25,27,14;13,17,21,30,25,23;27,32,0,30,24,23;18,29,22,8,32,27,20;4,16,31,20,26,32,25,23,14;7,15,21,30,9;18,26,22,3,19;9,28,21,24,25,0;11,16,27,20,2;8,26,27,25,0,12
sphere5_s7102_58 36 26,28,6,33,11;12,21,30,23,2;12,25,29,23,1;7,31,27,10,11,16;9,15,5,20,25;8,20,4,15,24,13;8,13,33,0,28;3,31,15,24,16;6,13,5,20,28;27,31,15,4,25;11,26,18,27,3;16,33,0,26,10,3;1,21,22,32,25,2;6,8,5,24,33;23,30,17,34,35,29;4,9,31,7,24,5;11,33,24,7,3;19,22,21,30,14,34;25,27,10,26,35,29;17,22,32,28,34;25,32,28,8,5,4;1,12,22,17,30;17,19,32,12,21;1,30,14,29,2;7,15,5,13,33,16;20,32,12,2,29,18,27,9,4;18,35,34,28,0,11,10;18,25,9,31,3,10;0,26,34,19,32,20,8,6;18,25,2,23,14,35;1,23,14,17,21;9,27,3,7,15;20,25,12,22,19,28;0,6,13,24,16,11;14,35,26,28,19,17;18,26,34,14,29
sphere5_s7102_59 31 1,6,5,28,18,25,29;0,6,12,20,24,10,29;8,27,23,13,28;17,27,8,5,16,14;15,19,7,23,26;6,16,3,8,28,0;0,1,12,16,5;21,22,11,9,23,4,19;2,27,3,5,28;23,27,30,11,7;1,24,21,19,15,29;9,30,20,22,7;14,16,6,1,20;2,23,26,18,28;12,16,3,17,20;4,19,10,29,25,26;12,14,3,5,6;3,27,30,20,14;0,28,13,26,25;4,15,10,21,7;1,12,14,17,30,11,22,24;7,22,24,10,19;7,21,24,20,11;2,13,26,4,7,9,27;1,10,21,22,20;0,29,15,26,18;4,23,13,18,25,15;2,8,3,17,30,9,23;0,18,13,2,8,5;0,25,15,10,1;9,11,20,17,27
sphere5_s7102_60 39 11,36,24,15,28,12,35;27,31,7,17,35,9,22;7,31,10,37,8;12,14,34,29,28;9,22,38,33,36,11;6,10,37,12,30,18;15,28,29,21,18,5,10;2,31,1,17,8;7,17,25,37,2;4,22,1,35,11;24,33,38,27,31,2,37,5,6,15;0,36,4,9,35;3,14,30,5,37,25,35,0,28;18,19,20,23,30;3,12,30,23,16,34;6,28,0,24,10;14,34,26,20,23;7,8,25,35,1;19,32,21,6,5,30,13;18,32,26,20,13;19,26,16,23,13;29,34,32,18,6;4,9,1,27,38;14,30,13,20,16;10,33,36,0,15;8,37,12,35,17;19,32,34,16,20;1,31,10,38,22;6,15,0,12,3,29;21,34,3,28,6;14,23,13,18,5,12;1,27,10,2,7;18,19,26,34,21;10,24,36,4,38;21,29,3,14,16,26,32;1,17,25,12,0,11,9;4,33,24,0,11;5,12,25,8,2,10;10,33,4,22,27
sphere5_s7102_61 40 33,35,8,34,29,1,22;29,30,20,22,0;4,37,35,8,19,26,13;7,28,34,19,12;2,37,27,31,5,13;6,17,23,31,4,13;5,17,21,15,38,10,13;32,36,18,28,3,12;19,34,0,35,2;16,25,11,14,23;20,38,6,13,24;20,38,15,25,9,14,27;3,7,32,26,19;6,10,24,26,2,4,5;23,31,27,11,9;6,21,25,11,38;9,25,21,17,23;5,6,21,16,23;7,28,29,30,36;8,34,3,12,26,2;22,27,11,38,10,24,30,1;6,15,25,16,17;20,27,33,0,1;5,17,16,9,14,31;10,20,30,39,26,13;9,16,21,15,11;2,13,24,39,32,12,19;20,22,33,37,4,31,14,11;7,18,29,34,3;1,30,18,28,34,0;1,29,18,36,39,24,20;14,23,5,4,27;7,36,39,26,12;0,35,37,27,22;8,19,3,28,29,0;0,33,37,2,8;7,32,39,30,18;2,4,27,33,35;10,20,11,15,6;30,36,32,26,24
sphere5_s7102_62 32 20,27,23,6,17,30;3,18,5,6,23;29,31,8,28,9,16,4;18,31,8,22,23,1;2,29,25,26,16;1,18,29,13,15,6;0,17,15,5,1,23;9,24,12,30,28;10,28,2,31,3,22;7,24,16,2,28;22,27,20,28,8;14,19,21,26,25;21,24,7,30,17;14,19,15,5,29;11,19,13,29,25;19,21,17,6,5,13;9,24,26,4,2;12,30,0,6,15,21;3,31,29,5,1;11,14,13,15,21;0,27,10,28,30;12,24,26,11,19,15,17;10,27,23,3,8;22,27,0,6,1,3;12,21,26,16,9,7;4,29,14,11,26;21,24,16,4,25,11;10,22,23,0,20;8,10,20,30,7,9,2;18,31,2,4,25,14,13,5;7,28,20,0,17,12;3,18,29,2,8
sphere5_s7102_63 32 22,26,12,24,4;24,28,17,16,12;10,18,3,14,27,19,7;2,14,8,6,28,18;24,28,6,22,0;29,30,20,13,11;8,22,4,28,3;10,29,30,19,2;6,22,26,16,14,3;21,31,25,13,11;7,29,15,18,2;9,13,5,29,15,28,21;0,24,1,16,26;9,11,5,20,25;21,31,27,2,3,8,16,17;18,28,11,29,10;8,14,17,1,12,26;14,21,28,1,16;15,28,3,2,10;2,27,23,30,7;23,25,13,5,30;14,31,9,11,28,17;0,26,8,6,4;20,25,27,19,30;0,12,1,28,4;20,23,27,31,9,13;0,22,8,16,12;2,19,23,25,31,14;15,18,3,6,4,24,1,17,21,11;7,10,15,11,5,30;5,29,7,19,23,20;14,21,9,25,27
sphere5_s7102_64 39 2,38,25,21,14;7,36,26,23,35,3,19,18;0,38,34,27,8,14;12,22,35,1,19;5,20,22,35,23,11;4,20,34,27,13,15,11;12,29,21,37,22;10,13,32,24,36,1,18;17,18,10,27,2,14;24,36,26,16,30;7,13,27,8,18;5,15,33,23,4;6,29,19,3,22;7,10,27,5,15,32;2,8,17,21,0;5,11,33,31,32,13;23,33,31,30,9,26;21,29,18,8,14;8,17,29,19,1,7,10;18,29,12,3,1;4,5,34,28,22;17,29,6,37,25,0,14;6,12,3,35,4,20,28,37;16,33,11,4,35,1,26;7,32,30,9,36;0,38,28,37,21;16,23,1,36,9;5,13,10,8,2,34;25,37,22,20,34,38;6,12,19,18,17,21;16,31,32,24,9;16,30,32,15,33;7,24,30,31,15,13;16,23,11,15,31;2,27,5,20,28,38;4,22,3,1,23;1,7,24,9,26;6,22,28,25,21;0,2,34,28,25
sphere5_s7102_65 31 20,28,10,27,6,4,30;11,16,29,25,17;8,12,7,17,20;7,14,22,6,27;22,23,30,0,6;9,13,19,30,23,14,7,12;3,27,0,4,22;11,27,3,14,5,12,2,17;2,12,24,18,21,20;5,13,26,24,12;16,29,28,0,27;7,27,16,1,17;2,8,24,9,5,7;5,9,26,15,19;22,23,5,7,3;18,21,19,13,26;10,29,1,11,27;1,25,20,2,7,11;15,21,8,24,26;21,30,5,13,15;0,28,25,17,2,8,21,30;15,18,8,20,30,19;14,23,4,6,3;5,30,4,22,14;9,26,18,8,12;1,17,20,28,29;9,24,18,15,13;7,11,16,10,0,6,3;0,20,25,29,10;10,16,1,25,28;5,23,4,0,20,21,19
sphere5_s7102_66 34 29,33,8,26,25;11,32,13,2,9;28,33,9,1,13;18,25,29,23,22,12;19,22,23,33,28,5;13,16,19,4,28;11,12,31,21,24;19,22,11,32,16;24,26,0,33,9;2,33,8,24,11,1;18,20,27,30,31;1,32,7,22,12,6,24,9;11,22,3,18,31,6;1,32,16,5,28,2;21,31,30,17,15;14,17,26,24,21;5,13,32,7,19;14,30,27,26,15;3,25,20,10,31,12;7,22,4,5,16;18,25,26,27,10;14,31,6,24,15;7,19,4,23,3,12,11;4,22,3,29,33;8,26,15,21,6,11,9;3,18,20,26,0,29;17,27,20,25,0,8,24,15;17,26,20,10,30;2,33,4,5,13;0,33,23,3,25;14,17,27,10,31;14,21,6,12,18,10,30;1,11,7,16,13;2,28,4,23,29,0,8,9
sphere5_s7102_67 34 25,29,7,3,32,14;10,33,27,30,12;7,31,5,13,3;19,25,13,2,7,0,32,22,17;21,23,31,7,29;20,31,2,13,6;13,25,28,20,5;2,31,4,29,0,3;16,23,31,20,28,11;15,24,30,17,22;12,25,14,33,1;8,16,26,25,28;10,25,19,30,1;6,25,3,2,5;10,25,0,32,18,33;9,24,18,32,22;8,23,21,26,11;9,30,19,3,22;15,24,27,33,14,32;3,25,12,30,17;8,31,5,6,28;4,23,16,26,29;15,32,3,17,9;8,16,21,4,31;9,15,18,27,30;6,13,3,19,12,10,14,0,29,26,11,28;16,21,29,25,11;24,30,1,33,18;11,25,6,20,8;4,21,26,25,0,7;9,17,19,12,1,27,24;2,7,4,23,8,20,5;15,18,14,0,3,22;1,10,14,18,27
sphere5_s7102_68 38 8,20,30,22,12,16;2,15,35,17,18,33;1,15,23,29,33;14,21,27,17,35,6,4;7,26,14,3,6,19;10,26,13,12,16;3,35,34,37,19,4;4,26,13,28,19;25,31,9,20,0,16,10,32;8,20,24,11,31;14,32,8,16,5,26;31,36,27,24,9;5,16,0,22,13;22,28,7,26,5,12;10,32,21,3,4,26;1,2,23,34,35;5,12,0,8,10;3,35,1,18,20,24,27;20,30,33,1,17;28,37,6,4,7;0,8,9,24,17,18,30;3,14,32,25,36,27;0,30,28,13,12;2,15,34,37,29;17,27,11,9,20;8,31,36,21,32;4,7,13,5,10,14;21,36,11,24,17,3;19,37,30,22,13,7;30,37,23,2,33;29,37,28,22,0,20,18,33;8,25,36,11,9;10,14,21,25,8;1,2,29,30,18;15,35,6,37,23;3,17,1,15,34,6;21,27,11,31,25;19,28,30,29,23,34,6
sphere5_s7102_69 40 19,22,36,18,4;7,20,8,15,27;13,38,16,6,25,14;17,31,22,36,8;0,18,10,21,19;8,11,33,29,20;2,16,28,24,25;13,20,1,27,34,14;15,30,9,17,3,36,11,5,20,1;26,39,17,8,30,23;32,35,21,4,18;5,8,36,23,33;30,37,34,25,24;2,38,20,7,14;2,13,7,34,25;8,30,37,27,1;2,6,28,29,38;3,31,39,9,8;0,4,10,32,36;0,22,31,39,21,4;5,8,1,7,13,38,29;26,39,19,4,10,35;3,36,0,19,31;11,33,24,30,9,26,35,32,36;6,28,33,23,30,12,25;2,6,24,12,34,14;21,39,9,23,35;34,37,15,1,7;6,16,29,33,24;5,33,28,16,38,20;8,15,37,12,24,23,9;3,17,39,19,22;10,35,23,36,18;5,29,28,24,23,11;27,37,12,25,14,7;10,32,23,26,21;3,22,0,18,32,23,11,8;27,34,12,30,15;2,13,20,29,16;21,26,9,17,31,19
sphere5_s7102_70 40 1,24,14,23,2;0,24,11,36,25,2;18,23,0,1,25;17,31,32,27,13,19,26,6,34,30,5,37;16,21,8,12,10,32;11,36,37,3,30;16,21,26,3,34;29,33,14,23,18;15,21,4,12,22;14,28,30,34,33;12,38,27,32,4;28,30,5,36,1,24;22,38,10,4,8;22,38,27,3,19;9,28,24,0,23,7,33;8,21,26,19,22;6,21,4,32,35,34;3,31,20,39,37;7,23,2,25,39,29;15,22,13,3,26;17,39,29,33,31;8,15,26,6,16,4;12,38,13,19,15,8;7,18,2,0,14;0,1,11,28,14;18,39,36,1,2;15,21,6,3,19;10,32,3,13,38;9,14,24,11,30;7,33,20,39,18;11,28,9,34,3,5;32,35,33,20,17,3;31,35,16,4,10,27,3;7,29,20,31,35,34,9,14;33,35,16,6,3,30,9;31,32,16,34,33;37,39,25,1,11,5;36,39,17,3,5;12,22,13,27,10;36,37,17,20,29,18,25
sphere5_s7102_71 37 12,19,3,1,23;14,23,0,3,26;26,30,21,32,3;10,19,0,1,26,2,32;21,30,31,24,18;13,16,29,15,33;12,19,28,20,33,13;11,29,16,36,22,31;9,11,29,25,17;8,11,31,24,17;3,19,35,34,32;7,29,8,9,31;0,19,6,13,23;5,16,36,23,12,6,33;22,23,1,26,27;20,33,5,29,25;5,13,36,7,29;9,24,18,28,25,8;4,24,17,28,35,34,21;28,35,10,3,0,12,6;15,33,6,28,25;4,30,2,32,34,18;14,23,36,7,31,27;14,22,36,13,12,0,1;4,31,9,17,18;17,28,20,15,29,8;2,30,27,14,1,3;14,26,30,31,22;19,35,18,17,25,20,6;7,11,8,25,15,5,16;4,21,2,26,27,31;4,24,9,11,7,22,27,30;21,34,10,3,2;15,20,6,13,5;21,32,10,35,18;19,28,18,34,10;13,16,7,22,23
sphere5_s7102_72 37 10,26,17,21,1;8,10,0,21,23,34;30,31,35,33,27;9,36,14,13,23,29;7,19,6,35,33,25;20,28,15,22,16;31,35,4,19,9,22,15;4,19,17,32,25;1,10,24,18,31,15,34;3,36,16,22,6,19,29;0,26,24,8,1;25,32,12,24,18,30,27;24,26,17,32,11;23,34,28,14,3;20,36,3,13,28;28,34,8,31,6,22,5;20,36,9,22,5;12,32,7,19,21,0,26;30,31,8,24,11;9,29,21,17,7,4,6;5,28,14,36,16;23,29,19,17,0,1;5,15,6,9,16;13,34,1,21,29,3;10,26,12,11,18,8;11,32,7,4,33,27;0,10,24,12,17;11,25,33,2,30;5,20,14,13,34,15;9,19,21,23,3;2,31,18,11,27;2,30,18,8,15,6,35;11,25,7,17,12;4,35,2,27,25;15,28,13,23,1,8;6,31,2,33,4;16,20,14,3,9
sphere5_s7102_73 31 9,28,24,8,3,25,2,11,20;3,26,13,12,25;7,16,11,0,25,19;8,26,1,25,0;18,30,12,13,29;6,17,16,11,27;5,17,23,10,27;2,16,17,23,19;3,26,29,18,24,0;0,28,15,22,20;22,27,6,23,15;5,16,2,0,20,27;4,13,1,25,30;4,12,1,26,29;19,30,18,21,15,23;10,23,14,21,28,9,22;2,7,17,5,11;5,6,23,7,16;4,30,14,21,24,8,29;14,30,25,2,7,23;22,27,11,0,9;24,28,15,14,18;20,27,10,15,9;10,15,14,19,7,17,6;0,28,21,18,8;2,19,30,12,1,3,0;3,8,29,13,1;20,22,10,6,5,11;0,9,15,21,24;13,26,8,18,4;4,18,14,19,25,12
sphere5_s7102_74 38 25,36,17,7,24;34,36,25,13,33;5,29,35,20,37,31;4,30,36,34,23;3,30,26,18,29,23;2,29,27,9,11,31;8,24,20,37,14;8,24,0,17,32;7,24,6,14,22,32;5,27,10,16,11;16,22,32,27,9;5,31,14,16,9;19,21,17,32,27,29,18;1,33,20,24,25;31,37,6,8,22,16,11;19,26,30,36,21;10,22,14,11,9;0,36,21,12,32,7;12,29,4,26,19;12,21,15,26,18;2,35,33,13,24,6,37;12,19,15,36,17;10,16,14,8,32;3,4,29,28,34;7,8,6,20,13,25,0;0,36,1,13,24;4,18,19,15,30;12,32,10,9,5,29;33,35,29,23,34;12,18,4,23,28,35,2,5,27;3,4,26,15,36;14,37,2,5,11;12,27,10,22,8,7,17;1,34,28,35,20,13;1,36,3,23,28,33;28,33,20,2,29;0,25,1,34,3,30,15,21,17;14,31,2,20,6
sphere5_s7102_75 39 1,24,14,4,11,20,34;0,24,13,21,17,34;3,27,29,23,10;18,27,2,10,5,38;0,11,15,16,14;12,19,10,3,38;17,34,37,7,30;9,30,6,37,36;18,26,25,12,38;7,30,15,11,36;5,19,23,2,3;9,15,4,0,20,36;5,19,22,35,25,8,38;28,31,24,1,21;0,24,31,26,33,16,4;9,11,4,16,30;21,33,14,4,15,30,17;6,34,1,21,16,30;8,26,32,27,3,38;5,12,22,23,10;36,37,34,0,11;16,33,28,13,1,17;29,35,12,19,23;19,22,29,2,10;0,1,13,31,14;8,26,33,35,12;8,18,32,31,14,33,25;3,18,32,33,29,2;13,31,32,33,21;22,35,33,27,2,23;7,9,15,16,17,6;13,28,32,26,14,24;18,26,31,28,33,27;16,21,28,32,27,29,35,25,26,14;6,17,1,0,20,37;22,29,33,25,12;20,37,7,9,11;20,36,7,6,34;3,5,12,8,18
sphere5_s7102_76 37 1,17,19,10,20;0,17,13,15,32,20;18,31,29,28,4;31,32,35,36,29;2,18,11,27,26,8,28;15,32,7,21,34;9,23,25,16,30,36;21,24,30,31,32,5;9,36,28,4,26;6,23,26,8,36;0,19,12,24,20;25,27,4,18,16;14,22,19,10,24,21;17,22,33,15,1;12,22,33,34,21;5,32,1,13,33,34;18,30,6,25,11;19,22,13,1,0;2,31,30,16,11,4;17,22,12,10,0;10,24,35,32,1,0;7,24,12,14,34,5;17,19,12,14,33,13;6,9,26,27,25;30,36,35,20,10,12,21,7;11,27,23,6,16;9,23,27,4,8;11,25,23,26,4;8,36,29,2,4;3,36,28,2,31;16,18,31,7,24,36,6;2,18,30,7,32,3,29;5,15,1,20,35,3,31,7;13,15,34,14,22;5,15,33,14,21;24,36,3,32,20;24,30,6,9,8,28,29,3,35
sphere5_s7102_77 38 14,22,1,31,30;11,22,0,31,3;17,24,10,15,16;6,10,11,1,31;7,8,27,30,14;29,35,23,32,37;3,10,28,9,26,35,29,31;4,8,36,20,14;34,36,7,4,27;25,33,28,6,26;11,15,2,24,28,6,3;10,15,19,22,1,3;28,33,21,13,24;12,21,36,17,24;0,22,19,20,7,4,30;10,11,19,20,16,2;20,36,17,2,15;2,24,13,36,16;25,26,23,32,27,34,21;15,20,14,22,11;15,19,14,7,36,16;34,36,13,12,33,25,18;0,14,19,11,1;5,35,26,18,32;2,17,13,12,28,10;18,26,9,33,21;18,25,9,6,35,23;18,32,37,31,30,4,8,34;12,33,9,6,10,24;6,31,37,5,35;4,14,0,31,27;6,29,37,27,30,0,1,3;18,27,37,5,23;12,28,9,25,21;18,27,8,36,21;5,29,6,26,23;16,20,7,8,34,21,13,17;27,32,5,29,31
sphere5_s7102_78 35 6,13,29,9,2,8,18,19;20,22,19,18,23;30,33,12,7,8,0,9;10,17,25,23,14;16,28,21,27,34;11,25,23,18,8,7;0,13,21,27,31,19;2,8,5,11,12;2,7,5,18,0;24,29,0,2,30;3,17,33,30,14;5,25,17,12,7;2,7,11,17,33;28,29,0,6,21;3,23,20,30,10;26,32,22,19,31;28,29,24,22,32,34,4;3,10,33,12,11,25;0,19,1,23,5,8;15,22,1,18,0,6,31;22,24,30,14,23,1;13,28,4,27,6;15,19,1,20,24,16,32;3,14,20,1,18,5,25;20,22,16,29,9,30;5,11,17,3,23;15,32,34,27,31;26,31,6,21,4,34;13,29,16,4,21;13,28,16,24,9,0;2,33,10,14,20,24,9;15,19,6,27,26;15,26,34,16,22;2,30,10,17,12;26,32,16,4,27
sphere5_s7102_79 33 24,29,22,25,17;18,20,16,11,19;6,9,27,12,21;13,31,23,15,26;14,21,6,30,10;23,24,17,19,11,15;9,30,4,21,2;8,31,13,10,30;7,31,20,16,28,30;6,30,28,27,2;14,32,26,13,7,30,4;5,19,1,16,28,32,26,15;14,21,2,27,32;3,31,7,10,26;4,21,12,32,10;5,23,3,26,11;1,11,28,8,20;5,19,18,25,0,24;1,20,25,17,19;5,11,1,18,17;1,18,25,22,31,8,16;4,14,12,2,6;0,25,20,31,29;5,24,29,31,3,15;5,23,29,0,17;18,20,22,0,17;10,13,3,15,11,32;12,32,28,9,2;9,30,8,16,11,32,27;0,24,23,31,22;6,9,28,8,7,10,4;3,13,7,8,20,22,29,23;10,14,12,27,28,11,26
sphere5_s7102_80 34 27,28,1,29,14;28,31,23,29,0;6,9,8,17,27,10;18,25,15,4,33;3,15,20,32,33;26,31,23,7,21,15,20;10,26,20,32,12,9,2;19,22,11,23,5,21;9,16,24,17,2;6,12,16,8,2;6,26,28,27,2;7,23,30,16,22;6,32,33,18,19,22,16,9;14,17,24,30,23,29;17,27,0,29,13;3,25,21,5,20,4;12,22,11,30,24,8,9;14,27,2,8,24,13;3,25,19,12,33;12,18,25,21,7,22;6,32,4,15,5,26;15,25,19,7,5;12,16,11,7,19;13,29,1,31,5,7,11,30;13,30,16,8,17;3,18,19,21,15;6,10,28,31,5,20;14,17,2,10,28,0;10,26,31,1,0,27;13,23,1,0,14;13,24,16,11,23;5,26,28,1,23;6,12,33,4,20;12,32,4,3,18
sphere5_s7102_81 36 5,26,30,27,2;17,33,26,5,12;16,34,5,0,27;14,25,9,34,35;19,23,29,15,24,11;2,34,12,1,26,0;13,20,14,8,18,10,21;24,32,13,22,11;18,28,25,14,6;25,28,23,16,34,3;18,31,19,21,6;4,24,7,22,19;5,34,35,17,1;7,32,20,6,21,22;3,25,8,6,20,17,35;24,32,33,26,30,29,4;2,34,9,23,27;1,33,32,20,14,35,12;8,28,31,10,6;4,23,31,10,21,22,11;17,32,13,6,14;19,22,13,6,10;7,11,19,21,13;4,19,31,28,9,16,27,29;4,11,7,32,15;3,14,8,28,9;0,5,1,33,15,30;2,16,23,29,30,0;8,18,31,23,9,25;4,23,27,30,15;0,26,15,29,27;10,18,28,23,19;7,24,15,33,17,20,13;1,17,32,15,26;2,16,9,3,35,12,5;3,34,12,17,14
sphere5_s7102_82 37 10,24,36,15,14,7;17,31,25,29,9;15,26,6,13,16,14;11,33,30,10,24,4;11,35,12,24,3;23,33,30,28,18;12,26,2,13,35;14,19,25,10,0;21,22,20,27,34;21,22,29,1,17;0,24,3,30,28,31,25,7;3,33,23,32,13,35,4;6,26,36,24,4,35;11,35,6,2,16,32;19,27,16,2,15,0,7;2,26,36,0,14;14,27,32,13,2;1,31,34,21,9;27,34,28,5,23,32;20,27,14,7,25,29;19,27,8,22,29;9,22,8,34,17;9,21,8,20,29;5,33,11,32,18;0,10,3,4,12,36;19,29,1,31,10,7;2,15,36,12,6;18,34,8,20,19,14,16,32;10,31,34,18,5,30;20,22,9,1,25,19;3,33,5,28,10;10,28,34,17,1,25;11,13,16,27,18,23;5,23,11,3,30;18,27,8,21,17,31,28;11,13,6,12,4;15,26,12,24,0
sphere5_s7102_83 36 8,29,22,6,10;16,25,14,32,34;13,15,4,28,20,11;4,28,9,30,12;3,28,2,15,12;11,18,30,9,26;22,24,17,10,0;21,29,23,20,35,19,33;0,29,23,14,32,10;5,30,3,28,31,26;0,6,17,32,8;5,18,13,2,20,35,26;27,30,3,4,15;2,15,27,18,11;1,32,8,23,25;2,13,27,12,4;1,25,31,26,34;32,34,19,33,24,6,10;5,11,13,27,30;17,33,7,35,34;23,25,28,2,11,35,7;7,29,22,24,33;6,24,21,29,0;20,25,14,8,29,7;21,33,17,6,22;1,16,31,28,20,23,14;11,35,34,16,31,9,5;12,30,18,13,15;3,4,2,20,25,31,9;7,21,22,0,8,23;12,27,18,5,9,3;9,28,25,16,26;17,34,1,14,8,10;21,24,17,19,7;1,16,26,35,19,17,32;11,26,34,19,7,20
sphere5_s7102_84 34 2,22,28,23,8,33;2,22,26,11,30;15,33,0,22,1,30;12,21,5,6,33;9,31,20,24,29,30;6,27,24,21,3;3,33,15,27,5;16,20,31,13,19;12,18,23,0,33;4,31,13,32,30;11,32,19,17,28,26;10,32,30,1,26;3,21,18,8,33;7,19,32,9,31;18,23,28,25,21;2,33,6,27,29,30;7,20,24,17,19;16,24,25,28,10,19;14,23,8,12,21;7,13,32,10,17,16;7,16,24,4,31;3,12,18,14,25,24,5;0,2,1,26,28;14,18,8,0,28;16,17,25,21,5,27,29,4,20;14,28,17,24,21;1,11,10,28,22;24,29,15,6,5;14,25,17,10,26,22,0,23;15,30,4,24,27;15,29,4,9,32,11,1,2;4,9,13,7,20;10,11,30,9,13,19;2,15,6,3,12,8,0
sphere5_s7102_85 40 29,31,3,38,36,18,4;9,34,31,5,35;33,39,26,23,14;7,38,0,31,34;0,18,28,10,29;27,35,1,31,37;20,30,19,7,21,13;3,38,19,6,21,34;32,36,38,25,24;21,22,35,1,34;15,24,28,4,29;17,30,19,38,25;27,37,15,24,23;21,33,39,20,6;21,33,2,23,16,22;29,31,37,12,24,10;27,35,22,14,23;11,30,20,39,25;28,32,36,0,4;6,7,38,11,30;6,30,17,39,13;9,22,14,33,13,6,7,34;9,21,14,16,35;12,27,16,14,2,26,24;10,15,12,23,26,25,8,32,28;11,17,39,26,24,8,38;2,39,25,24,23;12,37,5,35,16,23;18,32,24,10,4;15,31,0,4,10;6,20,17,11,19;15,29,0,3,34,1,5,37;18,28,24,8,36;13,21,14,2,39;1,9,21,7,3,31;5,27,16,22,9,1;0,38,8,32,18;12,27,5,31,15;0,36,8,25,11,19,7,3;2,33,13,20,17,25,26
sphere5_s7102_86 31 1,21,6,8,30;0,21,25,4,18,30;14,19,15,12,28;12,23,9,11,29,28;19,22,24,18,1,25,14;7,22,24,16,8;7,8,0,21,10;5,22,15,23,27,10,6,8;6,7,5,16,30,0;17,27,23,3,11,13;17,27,7,6,21,26;9,13,20,29,3;15,23,3,28,2;9,17,26,20,11;2,19,4,25,29,28;12,23,7,22,19,2;18,30,8,5,24;9,27,10,26,13;16,30,1,4,24;2,14,4,22,15;11,13,26,21,29;25,29,20,26,10,6,0,1;5,7,15,19,4,24;12,15,7,27,9,3;4,18,16,5,22;21,29,14,4,1;13,20,21,10,17;9,17,10,7,23;2,14,29,3,12;21,25,14,28,3,11,20;0,1,18,16,8
sphere5_s7102_87 33 5,10,17,29,31,23,14,6,24,28;12,30,2,8,11;8,16,23,22,30,1;5,26,30,15,28;10,17,18,27,26;0,10,26,3,28;0,14,20,19,32,24;21,29,31,22,25;1,11,13,16,2;11,13,19,32,12;0,5,26,4,17;1,8,13,9,12;1,30,32,9,11;19,20,16,8,11,9;0,6,20,16,23;24,28,3,30,32;13,20,14,23,2,8;4,10,0,29,18;21,27,4,17,29;13,20,6,32,9;13,19,6,14,16;7,29,18,27,25;7,25,30,2,23,31;0,14,16,2,22,31;15,28,0,6,32;26,30,22,7,21,27;25,30,3,5,10,4,27;18,21,25,26,4;15,24,0,5,3;7,21,18,17,0,31;25,26,3,15,32,12,1,2,22;0,29,7,22,23;9,12,30,15,24,6,19
sphere5_s7102_88 39 6,24,15,31,36,9;4,26,25,19,2;22,29,10,35,16,4,1,19;21,23,32,20,33,18;1,26,28,16,2;13,31,30,23,21;0,24,37,7,9;8,22,14,37,6,9;7,22,13,36,9;0,36,8,7,6;2,29,11,18,33,35;13,21,18,10,29;14,38,17,24,37;31,36,8,22,29,11,21,5;28,38,12,37,7,22,34,27;30,31,0,24,20,32;17,38,28,4,2,35,20;16,38,12,24,20;10,33,3,21,11;1,2,22,34,25;15,32,3,33,35,16,17,24;11,13,5,23,3,18;2,29,13,8,7,14,34,19;3,21,5,30,32;0,6,37,12,17,20,15;27,34,19,1,26;1,4,28,27,25;25,34,14,28,26;14,38,16,4,26,27;2,22,13,11,10;15,31,5,23,32;13,36,0,15,30,5;3,23,30,15,20;10,18,3,20,35;25,27,14,22,19;2,16,20,33,10;13,31,0,9,8;6,7,14,12,24;16,17,12,14,28
sphere5_s7102_89 36 15,32,27,34,22;8,33,19,30,21;12,27,33,19,29;18,25,35,19,29;7,8,11,9,20,31,10;18,26,32,27,12;13,17,35,19,30;4,8,16,14,23,10;1,33,11,4,7,16,21;22,34,11,4,20;4,7,23,17,31;4,8,33,34,9;18,29,2,27,5;28,30,6,17,23,14;7,23,13,28,16;26,32,0,22,20;21,28,14,7,8;10,23,13,6,35,24,31;3,25,20,26,5,12,29;1,33,2,29,3,35,6,30;4,31,24,25,18,26,15,22,9;28,30,1,8,16;0,15,20,9,34;10,17,13,14,7;17,31,20,25,35;3,18,20,24,35;15,32,5,18,20;2,12,5,32,0,34,33;21,30,13,14,16;3,19,2,12,18;21,28,13,6,19,1;4,20,24,17,10;15,26,5,27,0;1,8,11,34,27,2,19;9,22,0,27,33,11;3,19,6,17,24,25
sphere5_s7102_90 33 11,22,5,12,25;24,29,5,20,2;1,20,15,9,7,21,24;30,32,13,6,26;8,23,5,31,18,28;29,31,4,23,22,0,12,20,1;8,21,24,19,13,3,26;11,27,21,2,9;4,23,10,21,6,26,28;2,7,11,25,15;22,27,21,8,23;0,22,27,7,9,25;0,5,20,15,25;16,19,6,3,32,14;17,32,13,16,18;12,25,9,2,20;14,18,31,19,13;14,32,30,28,18;14,16,31,4,28,17;6,24,29,31,16,13;1,2,15,12,5;8,10,27,7,2,24,6;10,27,11,0,5,23;4,8,10,22,5;1,29,19,6,21,2;12,15,9,11,0;28,30,3,6,8;10,22,11,7,21;26,30,17,18,4,8;5,31,19,24,1;26,28,17,32,3;5,29,19,16,18,4;3,30,17,14,13
sphere5_s7102_91 40 21,36,11,33,18,30,32;30,31,8,2,7;3,34,7,1,8,9;2,34,4,27,9;17,19,34,3,27,20;14,37,38,6,29;5,29,16,24,38;30,32,10,22,12,34,2,1;2,9,28,31,1;2,8,28,27,3;7,22,24,23,21,32;35,36,0,33,15,26;22,38,37,39,19,34,7;15,26,16,29,14;25,37,5,29,13,15;13,26,11,33,25,14;23,24,6,29,13,26,35;30,31,20,4,19,39,18;0,33,39,17,30;4,17,39,12,34;17,31,28,27,4;0,36,23,10,32;12,38,24,10,7;16,24,10,21,36,35;16,23,10,22,38,6;37,39,33,15,14;11,35,16,13,15;9,28,20,4,3;9,27,20,31,8;13,14,5,6,16;7,32,0,18,17,31,1;17,30,1,8,28,20;7,30,0,21,10;0,18,39,25,15,11;2,3,4,19,12,7;23,36,11,26,16;0,21,23,35,11;25,39,12,38,5,14;12,22,24,6,5,37;25,37,12,19,17,18,33
sphere5_s7102_92 35 8,29,5,3,31,13;2,33,9,6,21,29,8,27;32,33,1,27,28,17;0,5,15,26,31;14,30,22,25,10;21,29,0,3,15;9,18,11,10,25,21,1;9,16,19,32,33;0,29,1,27,13;7,16,34,18,6,1,33;11,14,4,25,6;14,20,18,6,10;20,34,16,19,15,24;28,31,0,8,27;11,20,24,30,4,10;22,30,24,12,19,26,3,5,21;7,9,34,12,19;2,28,31,23,32;11,20,34,9,6;23,32,7,16,12,15,26;11,14,24,12,34,18;5,29,1,6,25,22,15;15,30,4,25,21;19,32,17,31,26;15,30,14,20,12;21,22,4,10,6;3,31,23,19,15;8,13,28,2,1;13,31,17,2,27;0,8,1,21,5;15,22,4,14,24;13,28,17,23,26,3,0;2,33,7,19,23,17;2,32,7,9,1;12,20,18,9,16
sphere5_s7102_93 34 11,16,17,22,5;14,19,21,27,23,7,12;9,15,4,6,26;24,31,11,33,10,14;22,30,15,2,6,13,17;11,18,30,22,0;13,31,24,26,2,4;12,32,25,23,1;10,28,32,12,14;2,15,21,29,26;8,28,20,33,3,14;0,16,31,3,33,27,18,5;7,32,8,14,1;6,31,16,17,4;1,19,24,3,10,8,12;4,30,21,9,2;0,11,31,13,17;13,16,0,22,4;21,27,11,5,30;1,14,24,29,21;23,25,28,10,33;18,27,1,19,29,9,15,30;4,30,5,0,17;20,25,7,1,27,33;6,31,3,14,19,29,26;20,23,7,32,28;24,29,9,2,6;18,21,1,23,33,11;8,10,20,25,32;24,26,9,21,19;4,22,5,18,21,15;6,13,16,11,3,24;7,12,8,28,25;3,11,27,23,20,10
sphere5_s7102_94 31 14,21,2,10,25,19,3;5,16,3,14,18;0,21,28,8,22,10;4,19,0,14,1,16;3,19,13,7,16;1,16,7,24,18;18,24,17,20,30;13,24,5,16,4;17,20,28,2,22;11,26,29,17,23;12,25,0,2,22;9,26,19,15,27,23;10,25,15,27,22;19,26,29,24,7,4;0,21,18,1,3;12,25,19,11,27;1,5,7,4,3;8,20,6,24,29,9,23,22;6,24,5,1,14,21,30;13,26,11,15,25,0,3,4;6,30,28,8,17;28,30,18,14,0,2;23,27,12,10,2,8,17;9,17,22,27,11;6,18,5,7,13,29,17;10,12,15,19,0;13,19,11,9,29;22,23,11,15,12;21,30,20,8,2;9,17,24,13,26;6,20,28,21,18
sphere5_s7102_95 33 3,12,27,24,22,1,30,9,8;0,30,21,13,18,3,19,15,22;7,24,22,15,14;0,12,19,1,18,28,8;17,26,20,25,28;6,32,23,11,10;13,25,32,5,10;2,24,27,31,14;9,29,17,28,3,0;16,29,8,0,30,11,23;11,21,13,6,5;10,21,30,9,23,5;27,31,19,3,0;6,25,18,1,21,10;15,19,31,7,2;14,19,1,22,2;9,29,26,20,32,23;4,26,29,8,28;1,3,28,25,13;14,15,1,3,12,31;25,32,16,26,4;10,11,30,1,13;2,24,0,1,15;5,32,16,9,11;2,7,27,0,22;6,13,18,28,4,20,32;4,17,29,16,20;12,31,7,24,0;3,8,17,4,25,18;9,16,26,17,8;0,1,21,11,9;12,27,7,14,19;20,25,6,5,23,16
sphere5_s7102_96 34 6,16,21,31,20,4,33;19,26,29,16,28;22,32,30,17,29,21;7,12,14,18,17,26;23,25,12,14,27,20,0,33;9,13,8,10,30,32;15,28,16,0,33;3,12,25,11,26;24,27,20,13,5,10;5,13,31,22,32;5,30,17,24,8;15,23,25,7,26,19;3,7,25,4,14;5,9,31,20,8;3,12,4,27,18;6,28,19,11,23,33;0,6,28,1,29,21;3,18,24,10,30,2,29,26;3,17,24,27,14;1,26,11,15,28;8,27,4,0,31,13;2,29,16,0,31,22;2,32,9,31,21;11,15,33,4,25;8,27,18,17,10;7,12,4,23,11;1,19,11,7,3,17,29;8,24,18,14,4,20;6,15,19,1,16;2,21,16,1,26,17;5,32,2,17,10;9,22,21,0,20,13;2,22,9,5,30;0,6,15,23,4
sphere5_s7102_97 32 14,28,10,17,21,11;11,14,19,3,12,8;6,7,30,20,24,9;23,27,16,12,1,19;7,15,10,23,27;10,18,26,22,13,16,12,31,17;7,15,25,9,2;6,15,4,27,30,2;12,31,21,11,1;2,24,29,25,6;5,18,25,15,4,23,28,0,17;1,14,0,21,8;8,31,5,16,3,1;27,30,22,5,16;1,11,0,28,19;6,7,4,10,25;3,27,13,5,12;0,10,5,31,21;5,10,25,29,26;1,14,28,23,3;22,26,24,2,30;17,31,8,11,0;13,30,20,26,5;3,27,4,10,28,19;26,29,9,2,20;18,29,9,6,15,10;18,29,24,20,22,5;13,30,7,4,23,3,16;0,14,19,23,10;18,26,24,9,25;13,27,7,2,20,22;8,12,5,17,21
sphere5_s7102_98 34 8,28,21,30,17;19,27,6,16,4,13,20;23,24,5,3,7,12,9;5,18,19,20,7,2;9,31,16,1,13,12;3,18,14,24,2;16,21,32,27,1;2,3,20,13,12;17,29,33,28,0;4,31,23,2,12;22,29,33,25,15;15,30,21,31,23,25;4,13,7,2,9;1,20,7,12,4;24,26,27,18,5;11,30,22,10,25;6,21,31,4,1;22,30,0,8,29;3,5,14,27,19;1,27,18,3,20;1,13,7,3,19;11,31,16,6,32,28,0,30;17,30,15,10,29;2,24,26,32,28,33,25,11,31,9;14,26,23,2,5;23,33,10,15,11;14,24,23,32,27;1,19,18,14,26,32,6;21,32,23,33,8,0;10,22,17,8,33;17,22,15,11,21,0;4,9,23,11,21,16;23,26,27,6,21,28;23,25,10,29,8,28
sphere5_s7102_99 32 24,29,17,31,28;8,19,16,6,12;9,15,27,7,26;18,25,5,30,21,20;22,28,23,27,7,14;23,30,3,25,28;12,17,10,16,1;14,26,2,27,4;19,24,29,12,1;11,15,2,26,10,20,21;17,20,9,26,16,6;15,23,30,21,9;17,29,8,1,6;24,28,22,16,19;16,22,4,7,26;11,23,27,2,9;14,22,13,19,1,6,10,26;18,20,10,6,12,29,0,31;3,25,31,17,20;8,24,13,16,1;17,18,3,21,9,10;9,11,30,3,20;4,28,13,16,14;5,30,11,15,27,4,28;0,29,8,19,13,28;3,18,31,28,5;7,14,16,10,9,2;4,23,15,2,7;13,24,0,31,25,5,23,4,22;0,24,8,12,17;5,23,11,21,3;17,18,25,28,0
sphere5_s7102_100 33 9,14,13,32,25;18,20,21,15,5;15,26,22,11,19;7,24,30,32,25,20;22,28,12,8,11;1,18,12,31,15;16,20,18,12,27;3,24,23,16,20;19,31,12,4,11;20,29,14,0,25;15,21,27,12,28,26;2,19,8,4,22;8,31,5,18,6,27,10,28,4;14,17,30,32,0;13,17,29,9,0;10,21,1,5,31,19,2,26;6,20,7,23,21,27;13,14,29,23,24,30;1,20,6,12,5;8,31,15,2,11;1,18,6,16,7,3,25,9,29,21;10,15,1,20,29,23,16,27;4,28,26,2,11;7,16,21,29,17,24;3,7,23,17,30;9,20,3,32,0;2,15,10,28,22;10,12,6,16,21;4,22,26,10,12;9,20,21,23,17,14;3,32,13,17,24;8,19,15,5,12;3,30,13,0,25
sphere5_s7102_101 34 6,14,30,20,9;3,29,21,32,8;22,29,5,24,26;5,29,1,8,14,6,28;27,33,7,23,24;3,29,2,24,28;0,14,3,28,9;4,33,21,13,23;3,14,19,32,1;10,31,27,24,28,6,0,20;9,31,16,17,15,20;12,19,14,30,25,18;11,19,32,16,17,18;7,21,22,26,23;0,6,3,8,19,11,30;20,25,18,17,10;10,31,32,12,17;10,15,18,12,16;15,25,11,12,17;11,12,32,8,14;15,25,30,0,9,10;22,29,1,32,33,7,13;2,29,21,13,26;24,26,13,7,4;4,27,9,28,5,2,26,23;15,20,30,11,18;23,24,2,22,13;4,33,31,9,24;9,24,5,3,6;2,22,21,1,3,5;0,14,11,25,20;9,10,16,32,33,27;12,16,31,33,21,1,8,19;4,27,31,32,21,7
sphere5_s7102_102 38 14,24,33,6,16;9,29,22,21,5,10;9,31,14,24,4,25,21,35,10;11,26,22,21,25;11,33,24,2,25;18,35,10,1,21,8;16,26,11,33,0;20,23,30,12,13,17,15;19,34,27,21,5,18,32,28,36,37;2,31,29,1,10;2,9,1,5,35;4,33,6,26,3,25;13,19,34,30,7;12,19,37,17,7;0,24,2,31,16;7,20,28,36,17;6,26,31,14,0;13,37,36,15,7;5,35,23,32,8;8,34,12,13,37;7,23,32,28,15;23,27,8,5,1,22,3,25,2,35;26,29,1,21,3;7,20,32,18,35,21,27,30;0,14,2,4,33;3,21,2,4,11;6,16,31,29,22,3,11;21,23,30,34,8;8,32,20,15,36;22,26,31,9,1;7,12,34,27,23;2,9,29,26,16,14;8,28,20,23,18;4,11,6,0,24;8,19,12,30,27;5,18,23,21,2,10;15,28,8,37,17;13,19,8,36,17
sphere5_s7102_103 38 32,36,18,9,10;25,28,34,20,21,15;28,35,32,5,14;24,31,19,22,8,11;12,22,19,6,29,7,25;14,17,37,10,32,2;14,17,19,4,29,28;16,30,15,25,4,29;13,18,36,35,28,12,22,3,11;0,18,13,23,10;9,23,33,37,5,32,0;3,24,23,13,8;8,28,25,4,22;8,18,9,23,11;5,17,6,28,2;1,21,30,7,25;7,30,26,27,29;5,14,6,19,37;8,13,9,0,36;3,31,37,17,6,4,22;27,34,1,21,26;26,30,15,1,20;4,12,8,3,19;11,13,9,10,33,24;3,31,33,23,11;1,28,12,4,7,15;21,30,16,27,20;29,34,20,26,16;1,25,12,8,35,2,14,6,29,34;27,34,28,6,4,7,16;21,26,16,7,15;3,24,33,37,19;2,35,36,0,10,5;23,24,31,37,10;27,29,28,1,20;2,28,8,36,32;0,32,35,8,18;19,31,33,10,5,17
sphere5_s7102_104 32 13,20,3,10,17;4,26,25,30,10,3,23;13,20,23,5,6,9,7,18;0,20,23,1,10;1,26,19,11,23;11,28,6,2,23;2,9,24,28,5;22,27,18,2,9;15,21,31,16,29;2,7,22,24,6;0,17,14,30,1,3;4,19,28,5,23;21,26,19,22,27;0,20,2,18,15,29,17;17,29,16,30,10;8,21,18,13,29;8,29,14,30,31;13,29,14,10,0;21,27,7,2,13,15;22,24,28,11,4,26,12;0,13,2,23,3;8,15,18,27,12,26,25,31;19,24,9,7,27,12;2,20,3,1,4,11,5;19,22,9,6,28;21,31,30,1,26;1,4,19,12,21,25;18,21,12,22,7;6,24,19,11,5;13,17,14,16,8,15;1,25,31,16,14,10;21,25,30,16,8
sphere5_s7102_105 38 17,20,11,33,22;27,35,36,31,7;8,32,22,34,25;14,23,8,32,20,11,4;3,14,28,5,11;6,19,34,33,11,4,28;5,19,26,21,18,28;15,31,1,27,30;3,23,21,24,25,2,32;20,32,15,13,16;27,35,12,29,32,30;5,33,0,20,3,4;16,35,10,29,17,20;15,31,36,16,9;18,23,3,4,28;13,31,7,30,32,9;12,35,36,13,9,20;0,20,12,29,22;14,23,21,6,28;26,37,34,5,6;9,32,3,11,0,17,12,16;24,26,6,18,23,8;17,29,32,2,34,33,0;14,18,21,8,3;21,26,37,25,8;34,37,24,8,2;19,37,24,21,6;10,35,1,7,30;6,18,14,4,5;10,32,22,17,12;10,27,7,15,32;13,15,7,1,36;9,20,3,8,2,22,29,10,30,15;5,11,0,22,34;25,37,19,5,33,22,2;10,27,1,36,16,12;13,31,1,35,16;19,26,24,25,34
sphere5_s7102_106 33 4,8,14,3,2,12;11,24,12,19,13;3,25,24,12,0;2,25,21,14,0;0,8,29,19,12;16,22,26,10,9;31,32,11,24,27;15,21,25,28,9;0,4,29,30,17,14;10,15,7,28,16,5;9,15,18,31,26,5;1,24,6,32,13;2,24,1,19,4,0;29,30,32,11,1,19;3,21,18,17,8,0;7,21,18,10,9;20,22,5,9,28;8,14,18,31,32,30;15,21,14,17,31,10;4,29,13,1,12;16,22,23,24,28;3,14,18,15,7,25;16,20,23,26,5;24,27,26,22,20;25,28,20,23,27,6,11,1,12,2;2,3,21,7,28,24;27,31,10,5,22,23;23,24,6,31,26;24,25,7,9,16,20;4,8,30,13,19;13,29,8,17,32;6,32,17,18,10,26,27;6,31,17,30,13,11
sphere5_s7102_107 31 13,28,25,3,4;14,27,24,30,16,10;14,27,18,19,12;22,25,0,4,17;0,3,17,6,14,13;7,8,26,11,23;17,20,12,14,4;9,23,5,8,21;21,28,25,22,20,26,5,7;10,15,23,7,21;9,15,16,1,14,13,21;15,23,5,26,16;19,20,6,14,2;0,28,21,10,14,4;2,27,1,10,13,4,6,12;9,10,16,11,23;26,30,1,10,15,11;6,20,22,3,4;24,29,19,2,27;12,20,29,18,2;26,30,29,19,12,6,17,22,8;8,28,13,10,9,7;3,25,8,20,17;11,15,9,7,5;18,29,30,1,27;3,22,8,28,0;20,30,16,11,5,8;2,14,1,24,18;8,21,13,0,25;18,24,30,20,19;20,26,16,1,24,29
sphere5_s7102_108 39 8,31,25,33,9,6,3;28,36,30,37,24;18,35,13,4,19,27;6,28,24,8,0;10,11,13,2,19,29;27,30,37,34,19;9,32,7,36,28,3,0;16,23,14,12,30,36,6,32;0,31,29,34,24,3;6,32,15,33,0;4,11,21,31,29;4,10,21,20,13;14,18,27,30,7;2,35,20,11,4;12,18,35,17,23,7;33,38,16,32,9;7,23,38,15,32;20,21,26,23,14,35;12,14,35,2,27;2,27,5,34,29,4;17,21,11,13,35;17,20,11,10,31,26;26,31,25,38,23;17,26,22,38,16,7,14;8,34,37,1,28,3;0,31,22,38,33;17,23,22,31,21;12,30,5,19,2,18;1,36,6,3,24;4,10,31,8,34,19;1,36,7,12,27,5,37;0,8,29,10,21,26,22,25;6,9,15,16,7;15,38,25,0,9;8,24,37,5,19,29;17,20,13,2,18,14;1,28,6,7,30;1,30,5,34,24;15,33,25,22,23,16
sphere5_s7102_109 32 5,25,2,28,30;19,27,26,20,23;0,28,4,23,20,25;12,14,24,30,13;9,22,28,2,23;0,25,21,10,30;7,8,17,10,16;11,18,12,13,16,6,8;6,7,11,26,17;4,22,15,29,23;17,21,5,30,16,6;7,18,27,26,8;3,14,15,31,18,7,13;3,30,16,7,12;3,12,15,22,24;29,31,12,14,22,9;10,30,13,7,6;20,21,10,6,8,26;7,11,27,31,12;1,27,31,29,23;17,21,25,2,23,1,26;17,20,25,5,10;4,9,15,14,24,28;9,29,19,1,20,2,4;28,30,3,14,22;0,5,21,20,2;1,20,17,8,11,27;1,19,31,18,11,26;24,30,0,2,4,22;15,31,19,23,9;24,28,0,5,10,16,13,3;15,29,19,27,18,12
sphere5_s7102_110 40 14,24,22,9,16,23,26;3,34,27,17,28,33;8,21,33,7,11,37;1,34,29,15,33;9,22,31,25,39;13,32,12,20,26;9,30,36,11,39;36,38,15,33,2,11;2,21,13,26,14,35,37;4,22,0,16,18,30,6,39;18,29,15,38,30;7,36,6,39,37,2;18,34,27,32,5,20,19;5,32,17,28,21,8,26;0,24,35,8,26;3,33,7,38,10,29;18,19,23,0,9;13,28,1,27,32;16,19,12,34,29,10,30,9;16,18,12,20,23;12,19,23,26,5;2,8,13,28,33;4,9,0,24,31;0,26,20,19,16;0,14,35,31,22;37,39,4,31,35;0,23,20,5,13,8,14;12,32,17,1,34;13,21,33,1,17;10,18,34,3,15;6,9,18,10,38,36;4,22,24,35,25;5,13,17,27,12;3,15,7,2,21,28,1;1,3,29,18,12,27;8,37,25,31,24,14;7,38,30,6,11;25,39,11,2,8,35;7,36,30,10,15;25,37,11,6,9,4
sphere5_s7102_111 32 11,15,3,20,23;10,18,14,26,30,4;8,21,24,5,26,17,16;9,19,15,0,20;1,10,27,12,30;11,14,26,2,24;7,17,26,30,12;22,27,12,6,17,16;2,21,9,20,23,31,16;3,19,21,8,20;1,18,28,27,4;15,24,5,14,18,28,29,25,23,0;7,27,4,30,6;25,29,22,16,31;5,11,18,1,26;3,19,24,11,0;8,31,13,22,7,17,2;6,7,16,2,26;1,10,28,11,14;3,9,21,24,15;8,23,0,3,9;2,8,9,19,24;7,27,28,29,13,16;8,20,0,11,25,31;11,15,19,21,2,5;23,31,13,29,11;6,30,1,14,5,2,17;7,22,28,10,4,12;10,27,22,29,11,18;13,25,11,28,22;6,26,1,4,12;23,25,13,16,8
sphere5_s7102_112 39 2,22,32,31,20,30;11,29,37,31,20;18,22,0,30,25;19,29,27,21,10,7;5,36,32,31,38;4,36,26,13,16,38;14,35,34,21,33,23;3,10,28,17,19;23,33,13,26,15,12;11,20,30,24,34,27;3,7,28,16,21;27,29,1,20,9;8,23,22,32,15;21,33,8,26,5,16;22,23,6,35,18;32,36,26,8,12;5,13,21,10,28,38;28,38,37,19,7;2,22,14,35,25;3,29,37,17,7;9,11,1,31,0,30;13,33,6,34,27,3,10,16;14,23,12,32,0,2,18;14,22,12,8,33,6;9,34,35,25,30;2,30,24,35,18;15,36,5,13,8;11,29,3,21,34,9;17,38,16,10,7;11,27,3,19,37,1;2,25,24,9,20,0;1,37,38,4,32,0,20;15,36,4,31,0,22,12;13,21,6,23,8;9,24,35,6,21,27;6,14,18,25,24,34;15,32,4,5,26;1,29,19,17,38,31;4,5,16,28,17,37,31
sphere5_s7102_113 33 9,19,17,14,2;24,26,29,12,25,10,21;6,14,0,9,22;17,25,10,28,8,23,30;5,20,27,15,11;13,17,30,11,4,20;13,31,22,2,14;24,32,8,28,21;3,28,7,32,23;0,19,16,18,22,2;21,28,3,25,1;15,23,30,5,4;1,29,16,19,17,25;5,17,14,6,31,24,20;2,6,13,17,0;23,32,27,4,11;9,18,29,12,19;5,13,14,0,19,12,25,3,30;26,29,16,9,22;0,9,16,12,17;13,24,27,4,5;10,28,7,24,1;2,9,18,26,31,6;15,32,8,3,30,11;1,26,31,13,20,27,32,7,21;3,17,12,1,10;1,24,31,22,18,29;15,32,24,20,4;10,21,7,8,3;18,26,1,12,16;11,23,3,17,5;6,13,24,26,22;15,23,8,7,24,27
sphere5_s7102_114 34 7,31,25,8,1,27;17,30,10,8,0,27,11;18,22,16,23,20,6;12,14,11,27,24;14,21,22,18,29,8;26,29,10,30,33,9;18,26,9,20,2;0,31,15,24,27;4,14,25,0,1,10,29;20,33,5,26,6;5,29,8,1,30;3,27,1,17,13,14;3,14,32,15,24;14,19,23,20,28,17,11;4,21,19,13,11,3,12,32,25,8;12,32,31,7,24;19,23,2,22,21;1,30,28,13,11;26,29,4,22,2,6;14,21,16,23,13;28,33,9,6,2,23,13;4,14,19,16,22;2,18,4,21,16;16,19,13,20,2;7,27,3,12,15;31,32,14,8,0;5,29,18,6,9;3,11,1,0,7,24;20,33,30,17,13;5,26,18,4,8,10;1,17,28,33,5,10;25,32,15,7,0;25,31,15,12,14;20,28,30,5,9
sphere5_s7102_115 36 3,12,33,1,2;17,33,0,2,16;0,3,26,16,1;4,26,2,0,12;3,26,11,5,25,21,12;16,35,13,11,4,25;9,14,24,30,22,7,29;13,18,22,6,29;19,34,32,10,13,18,27;14,35,16,29,6;13,35,15,32,8;4,26,29,13,5;0,3,4,21,33;10,35,5,11,29,7,18,8;9,35,31,23,24,6;31,35,10,32,20;5,35,9,29,26,2,1,17,25;1,33,21,25,16;8,13,7,22,27;8,34,28,23,24,30,27;32,34,28,31,15;4,25,17,33,12;27,30,6,7,18;14,31,28,19,24;14,23,19,30,6;4,21,17,16,5;3,4,11,29,16,2;8,19,30,22,18;23,31,20,34,19;16,26,11,13,7,6,9;22,27,19,24,6;14,35,15,20,28,23;8,34,20,15,10;0,12,21,17,1;8,19,28,20,32;9,14,31,15,10,13,5,16
sphere5_s7102_116 39 28,32,23,13,9;23,32,37,4,15;36,37,17,7,29,19;14,30,35,6,29,19;1,37,24,27,31,15;11,27,31,25,28,30,35;16,35,3,29,7;12,17,2,29,6,16,18;24,26,34,17,37;0,28,20,33,13;13,33,21,22,15,23;5,27,26,38,18,16,35;7,17,34,38,18;10,33,9,0,23;28,36,19,3,30;22,31,4,1,23,10;6,35,11,18,7;7,12,34,8,37,2;12,38,11,16,7;3,29,2,36,14;21,25,28,9,33;20,25,22,10,33;21,25,31,15,10;1,32,0,13,10,15;8,26,27,4,37;20,21,22,31,5,28;8,24,27,11,38,34;5,11,26,24,4,31;14,36,37,32,0,9,20,25,5,30;3,19,2,7,6;3,14,28,5,35;5,25,22,15,4,27;0,28,37,1,23;10,13,9,20,21;8,26,38,12,17;6,16,11,5,30,3;2,37,28,14,19;2,36,28,32,1,4,24,8,17;12,18,11,26,34
sphere5_s7102_117 31 5,20,11,29,9,2;2,5,14,25,24;8,12,24,1,5,0,9;16,17,15,21,25;7,26,6,12,19;1,2,0,20,10,14;23,26,4,12,8;19,22,15,30,11,26,4;2,12,6,23,9;8,23,29,0,2;13,27,28,14,5,20;13,20,0,29,26,7,30;2,8,6,4,19,18,24;10,27,17,30,11,20;25,28,10,5,1;7,30,17,3,21,22;25,28,27,17,3;13,27,16,3,15,30;12,19,22,21,24;12,18,22,7,4;0,5,10,13,11;18,22,15,3,25,24;7,19,18,21,15;8,9,29,26,6;2,12,18,21,25,1;14,28,16,3,21,24,1;6,23,29,11,7,4;10,13,17,16,28;14,25,16,27,10;9,23,26,11,0;7,15,17,13,11
sphere5_s7102_118 31 13,22,12,14,17;9,13,17,19,21,20,27,29;16,18,26,24,11,23;9,22,24,8,4,29;25,29,3,8,7;7,30,18,26,8;20,21,28,12,22;15,30,5,8,4,25;24,26,5,7,4,3;3,22,13,1,29;27,29,25,15,23,11;10,23,2,24,20,27;14,28,6,22,0;1,9,22,0,17;12,28,19,17,0;7,30,16,23,10,25;18,30,15,23,2;0,14,19,1,13;16,30,5,26,2;21,28,14,17,1;6,21,1,27,11,24,22;6,20,1,19,28;3,9,13,0,12,6,20,24;10,11,2,16,15;8,26,2,11,20,22,3;4,29,10,15,7;8,24,2,18,5;10,29,1,20,11;12,14,19,21,6;10,27,1,9,3,4,25;16,18,5,7,15
sphere5_s7102_119 39 15,25,30,3,23,19,8,10;16,20,6,32,36,4;7,22,35,20,25,30;7,33,29,23,0,30;31,36,1,16,37;27,33,29,26,11,34;24,35,20,1,32;2,22,21,27,33,3,30;9,13,19,0,10;12,28,10,8,13;9,28,15,0,8;5,34,17,25,15,26;9,28,38,18,13;8,9,12,18,19;28,38,23,29,26;0,25,11,26,28,10;1,20,17,37,4;11,25,20,16,37,34;19,23,38,12,13;18,23,0,8,13;1,16,17,25,2,35,6;31,36,32,24,22,7,27;2,7,21,24,35;18,19,0,3,29,14,38;6,35,22,21,32;2,30,0,15,11,17,20;14,29,5,11,15,28;5,33,7,21,31,34;9,12,38,14,26,15,10;5,33,3,23,14,26;2,25,0,3,7;21,36,4,37,34,27;21,24,6,1,36;5,27,7,3,29;27,31,37,17,11,5;6,24,22,2,20;21,31,4,1,32;17,34,31,4,16;14,28,12,18,23
sphere5_s7102_120 36 8,29,34,15,35;9,13,23,2,27,7;5,33,27,1,23;21,28,19,18,29,8;7,26,24,6,17,9;32,33,2,23,22;20,21,28,24,4,17;11,27,1,9,4,26;0,29,3,21,35;1,13,17,4,7;32,33,25,30,12;26,31,25,33,27,7;14,22,32,10,30;1,9,17,20,15,23;30,34,23,22,12;0,34,23,13,20,35;19,31,26,24,28;6,20,13,9,4;19,30,34,29,3;18,30,31,16,28,3;6,21,35,15,13,17;6,20,35,8,3,28;14,23,5,32,12;14,22,5,2,1,13,15,34;4,26,16,28,6;11,31,30,10,33;11,31,16,24,4,7;7,11,33,2,1;3,21,6,24,16,19;0,8,3,18,34;14,34,18,19,31,25,10,12;11,26,16,19,30,25;10,33,5,22,12;10,32,5,2,27,11,25;14,30,18,29,0,15,23;15,20,21,8,0
sphere5_s7102_121 39 5,14,23,1,27;17,38,23,0,27,13;19,25,11,37,13,17,3;17,38,18,6,19,2;9,26,12,11,37,35;21,29,27,0,14,26,9,33;18,24,32,34,19,3;20,30,31,16,34,32;10,36,13,29,21;4,26,5,33,35;35,36,8,21,33;4,37,2,25,31,12;23,28,15,30,31,11,4,26,14;36,37,2,17,1,27,29,8;5,26,12,23,0;18,28,12,30,22;7,34,19,25,31;3,38,1,13,2;15,28,38,3,6,24,22;2,25,16,34,6,3;7,30,22,24,32;5,29,8,10,33;15,30,20,24,18;12,28,38,1,0,14;6,18,22,20,32;2,19,16,31,11;4,9,5,14,12;13,29,5,0,1;15,18,38,23,12;5,21,8,13,27;7,20,22,15,12,31;11,25,16,7,30,12;7,34,6,24,20;5,21,10,35,9;7,32,6,19,16;10,36,37,4,9,33;10,35,37,13,8;13,36,35,4,11,2;3,17,1,23,28,18
sphere5_s7102_122 38 9,32,31,10,30,33;5,7,32,9,17,22,16;25,28,20,34,14;13,22,4,37,19,18,12;3,37,26,35,8,24,33,17,22;1,7,26,27,28,36,16;11,14,25,27,23,19;1,5,26,31,32;15,21,24,4,35;0,32,1,17,33;21,30,0,31,29,15;6,14,34,18,19;18,20,28,36,13,3;3,22,16,36,12;2,34,11,6,25;8,21,10,29,35;1,5,36,13,22;9,33,4,22,1;12,20,34,11,19,3;3,37,23,6,11,18;2,34,18,12,28;8,15,10,30,24;3,13,16,1,17,4;6,27,26,37,19;4,33,30,21,8;2,28,27,6,14;4,35,29,31,7,5,27,23,37;5,28,25,6,23,26;2,25,27,5,36,12,20;26,31,10,15,35;10,21,24,33,0;26,29,10,0,32,7;0,9,1,7,31;4,24,30,0,9,17;2,14,11,18,20;4,26,29,15,8;5,28,12,13,16;3,4,26,23,19
sphere5_s7102_123 40 21,29,10,18,4;6,32,38,31,36;32,35,39,33,5,38;30,33,5,31,36;21,23,22,14,32,34,28,16,18,0;2,38,31,3,33;30,36,1,32,10,8,39;10,13,17,37,18;26,34,35,39,6,10;11,20,32,14,12;20,29,0,18,7,13,25,26,8,6,32;9,20,29,24,15,12;11,15,22,14,9;7,10,25,19,17;9,12,22,4,32;23,24,11,12,22;18,37,27,28,4;13,19,27,37,7;16,37,7,10,0,4;13,17,27,28,25;9,11,29,10,32;4,23,24,29,0;4,14,12,15,23;15,24,21,4,22;15,23,21,29,11;13,19,28,26,10;8,34,28,25,10;16,37,17,19,28;16,27,19,25,26,34,4;10,20,11,24,21,0;3,33,39,6,36;3,36,1,38,5;9,20,10,6,1,38,2,35,34,4,14;3,30,39,2,5;8,26,28,4,32,35;2,32,34,8,39;3,31,1,6,30;16,18,7,17,27;2,5,31,1,32;8,35,2,33,30,6
sphere5_s7102_124 38 20,28,18,25,8,7;3,11,23,24,12;16,32,9,14,19;1,11,32,9,12;15,21,31,16,19,5,34;19,33,6,22,34,4;29,33,5,22,30,17,35;23,29,8,0,20;29,35,25,0,7;12,14,2,32,3;17,21,26,13,30;1,3,32,36,28,20,23;9,14,24,1,3;10,26,37,22,30;9,12,24,33,19,2;21,26,37,34,4;31,32,2,19,4;10,21,31,25,35,6,30;25,27,36,28,0;5,33,14,2,16,4;0,28,11,23,7;10,17,31,4,15,26;6,30,13,37,34,5;7,29,24,1,11,20;23,29,33,14,12,1;18,27,31,17,35,8,0;15,21,10,13,37;18,25,31,32,36;0,20,11,36,18;7,23,24,33,6,35,8;6,22,13,10,17;17,21,4,16,32,27,25;16,31,27,36,11,3,9,2;5,19,14,24,29,6;22,37,15,4,5;8,29,6,17,25;18,27,32,11,28;22,34,15,26,13
sphere5_s7102_125 34 32,33,13,25,24,28;12,15,26,5,31,13,25,2;3,12,1,25,24;24,28,10,12,2;5,18,9,14,11;7,31,1,26,18,4,11,6;19,22,16,7,5,11;5,31,33,16,6;9,23,20,29,27;8,23,14,4,18,27;15,17,28,3,12;14,19,6,5,4;1,15,10,3,2;31,33,0,25,1;11,19,23,9,4;1,12,10,17,21,26;32,33,7,6,22,30;29,30,28,10,15,21;9,27,26,5,4;6,22,20,23,14,11;8,23,19,22,29;17,29,27,26,15;6,19,20,29,30,16;8,9,14,19,20;3,28,0,25,2;2,24,0,13,1;15,21,27,18,5,1;9,18,26,21,29,8;3,24,0,32,30,17,10;17,30,22,20,8,27,21;17,29,22,16,32,28;5,7,33,13,1;16,33,0,28,30;16,32,0,13,31,7
sphere5_s7102_126 35 22,26,17,1,20;6,17,0,20,19,32;4,21,15,10,23;7,10,23,20,19,25;2,21,14,22,20,23;9,34,16,18,29;1,17,11,13,31,32;10,15,28,25,3;24,33,22,12,29;5,34,31,13,29;7,15,2,23,3;12,13,6,17,26;11,13,29,8,22,26;11,12,29,9,31,6;27,33,22,4,21;7,10,2,21,28;28,34,5,18,27;1,6,11,26,0;16,27,24,29,5;30,32,1,20,3,25;4,22,0,1,19,3,23;2,4,14,27,28,15;0,26,12,8,33,14,4,20;3,10,2,4,20;8,33,27,18,29;7,28,30,19,3;0,22,12,11,17;14,33,24,18,16,28,21;16,34,30,25,7,15,21,27;9,13,12,8,24,18,5;31,34,28,25,19,32;30,34,9,13,6,32;19,30,31,6,1;8,24,27,14,22;30,31,9,5,16,28
sphere5_s7102_127 36 6,20,34,29,5;6,33,26,10,2,5;7,31,10,1,5,29;11,23,27,9,25;14,22,32,15,20;2,29,0,6,1;0,20,14,33,1,5;2,31,30,34,29;17,18,35,16,19;27,33,18,25,3;1,26,12,24,31,2;16,35,25,3,23;13,21,28,24,10,26,18;12,21,32,22,18;4,22,33,6,20;4,32,21,34,20;8,35,11,23,19;8,18,26,27,19;8,17,26,12,13,22,33,9,25,35;23,27,17,8,16;0,6,14,4,15,34;12,13,32,15,34,28;18,33,14,4,32,13;19,27,3,11,16;30,31,10,12,28;9,18,35,11,3;17,27,33,1,10,12,18;17,26,33,9,3,23,19;21,34,30,24,12;2,5,0,34,7;7,34,28,24,31;2,7,30,24,10;4,15,21,13,22;1,6,14,22,18,9,27,26;7,30,28,21,15,20,0,29;8,18,25,11,16
sphere5_s7102_128 37 22,26,36,20,33,16,9;11,29,8,19,16;4,23,35,21,27;12,13,11,16,33;9,22,32,23,2,27;7,28,17,34,18;14,24,19,21,35;5,28,22,31,18;1,19,15,36,20,30,29;4,22,0,16,27;25,34,17,15,36;1,29,13,3,16;13,30,20,33,3;29,30,12,3,11;23,35,6,24,32;10,17,19,8,36;0,33,3,11,1,19,21,27,9;10,15,19,28,5,34;25,31,7,5,34;1,8,15,17,28,24,6,21,16;12,33,0,36,8,30;16,19,6,35,2,27;0,26,31,7,28,32,4,9;4,32,14,35,2;6,14,32,28,19;10,34,18,31,26,36;0,22,31,25,36;9,16,21,2,4;5,7,22,32,24,19,17;1,11,13,30,8;13,29,8,20,12;18,25,26,22,7;4,23,14,24,28,22;0,16,3,12,20;10,25,18,5,17;14,23,2,21,6;10,25,26,0,20,8,15
sphere5_s7102_129 37 4,9,15,13,32,11;20,36,5,30,7,6,14;8,18,3,4,11;18,22,15,4,2;6,34,10,9,0,11,2,3,15,21;26,30,1,36,29;4,34,14,1,7,23,21;16,23,6,1,30;11,32,19,18,2;10,24,15,0,4;24,33,34,4,9;8,32,0,4,2;28,33,31,35,17;19,32,0,15,22;20,25,34,6,1;4,21,24,9,0,13,22,3;7,23,31,26,30;27,35,12,28,25,20;8,19,22,3,2;8,18,22,13,32;14,25,17,27,36,1;24,33,23,6,4,15;18,19,13,15,3;7,16,31,33,21,6;10,33,21,15,9;14,20,17,28,34;5,30,16,31,35,29;17,35,29,36,20;12,33,34,25,17;27,36,5,26,35;5,26,16,7,1;26,35,12,33,23,16;8,11,0,13,19;10,24,21,23,31,12,28,34;4,6,14,25,28,33,10;17,27,29,26,31,12;27,29,5,1,20
sphere5_s7102_130 38 16,33,4,35,6,2;8,24,29,32,5;0,6,13,21,16;17,33,16,21,7,11;31,35,0,33,17;8,10,12,32,1;22,35,0,2,13;11,27,19,21,3;1,24,9,10,5;10,26,20,24,8;9,26,12,5,8;7,27,14,34,28,18,31,17,3;10,26,36,32,5;19,21,2,6,22;27,31,18,34,11;25,36,23,30,37,32;0,33,3,21,2;3,33,4,31,11;30,34,14,31,11,28,37;13,21,7,27,31,22;25,29,24,9,26;13,19,7,3,16,2;6,35,31,19,13;15,30,34,28,32,36;1,8,9,20,29;15,36,26,20,29,32;9,10,12,36,25,20;7,11,14,31,19;11,34,23,32,37,18;1,24,20,25,32;18,34,23,15,37;14,27,19,22,35,4,17,11,18;1,29,25,15,37,28,23,36,12,5;0,16,3,17,4;18,30,23,28,11,14;6,22,31,4,0;15,25,26,12,32,23;15,30,18,28,32
sphere5_s7102_131 34 16,19,7,3,13,23;8,18,31,14,12,20;22,25,4,12,14;6,7,0,13,33;24,25,2,12,11;9,17,15,16,32;3,7,26,27,33;3,6,26,19,0;1,18,19,15,21,20;5,17,24,25,32;22,27,30,29,32;17,21,20,12,4,24;1,14,2,4,11,20;28,33,3,0,23;22,31,1,12,2;8,21,17,5,16,19;0,19,15,5,32,23;11,21,15,5,9,24;1,8,19,26,27,31;0,16,15,8,18,26,7;1,8,21,11,12;8,15,17,11,20;10,27,31,14,2,25,32;29,32,16,0,13,28;4,25,9,17,11;4,24,9,32,22,2;6,7,19,18,27;10,22,31,18,26,6,33,30;29,30,33,13,23;10,32,23,28,30;27,33,28,29,10;1,18,27,22,14;10,29,23,16,5,9,25,22;27,30,28,13,3,6
sphere5_s7102_132 40 23,33,14,29,12;16,27,19,8,15;7,35,24,8,22,28;25,32,4,30,17;3,30,10,34,32;10,33,14,37,30;12,29,37,39,13;31,35,2,28,18;1,19,22,2,24,9,15;24,36,21,15,8;5,33,34,4,30;17,30,26,27,15,16;6,29,0,23,32,13;6,39,25,32,12;29,37,5,33,0;19,22,20,21,9,8,1,16,11,27;17,38,26,27,1,15,11;16,38,39,25,3,30,11;20,28,7,31,21;15,22,8,1,27;18,28,22,15,21;31,36,9,15,20,18;15,19,8,2,28,20;0,33,34,32,12;35,36,9,8,2;3,32,13,39,17;16,38,37,30,11,27;1,16,26,11,15,19;18,20,22,2,7;6,12,0,14,37;11,17,3,4,10,5,37,26;21,36,35,7,18;3,25,13,12,23,34,4;0,23,34,10,5,14;4,32,23,33,10;31,36,24,2,7;21,31,35,24,9;14,29,6,39,38,26,30,5;16,17,39,37,26;6,13,25,17,38,37
sphere5_s7102_133 40 3,12,38,14,1;14,23,10,27,25,3,0;5,34,4,36,23,9;18,25,1,0,12;33,34,2,36,16;2,34,13,30,17,9;15,19,8,28,32;21,29,13,11,26;11,30,28,6,19,18,25,35,22,26;17,32,23,2,5;27,39,37,16,36,23,1;8,30,13,7,26;0,3,18,19,38;5,34,29,7,11,30;1,23,15,38,0;6,19,38,14,23,32;4,36,10,37,33;9,32,28,30,5;3,25,8,19,12;6,15,38,12,18,8;29,34,33,31,21;7,29,20,31,24,26;8,26,24,37,39,35;1,14,15,32,9,2,36,10;21,26,22,37,31;3,18,8,35,27,1;8,22,24,21,7,11;10,39,35,25,1;8,30,17,32,6;7,21,20,34,13;8,11,13,5,17,28;20,33,37,24,21;6,15,23,9,17,28;4,34,20,31,37,16;4,33,20,29,13,5,2;22,39,27,25,8;4,16,10,23,2;22,39,10,16,33,31,24;15,19,12,0,14;22,35,27,10,37
sphere5_s7102_134 37 4,23,3,35,1;2,13,27,4,0,35;1,13,21,10,35;16,36,23,0,35;0,23,30,17,32,9,27,1;7,31,18,6,29,26;17,18,5,29,24,25,11,20,32;28,34,21,10,31,5,26;13,34,11,20,14,22;22,27,4,32,14;16,31,7,21,2,35;25,34,8,20,6;28,33,15,25,34;1,2,21,34,8,22,27;9,32,20,8,22;19,24,25,12,33;3,36,31,10,35;6,18,30,4,32;6,17,30,31,5;15,24,29,26,33;6,32,14,8,11;7,10,2,13,34;8,13,27,9,14;0,4,30,36,3;15,19,29,6,25;11,34,12,15,24,6;5,29,19,33,28,7;9,22,13,1,4;12,33,26,7,34;5,26,19,24,6;31,36,23,4,17,18;10,16,36,30,18,5,7;6,20,14,9,4,17;12,28,26,19,15;7,28,12,25,11,8,13,21;0,3,16,10,2,1;3,16,31,30,23
sphere5_s7102_135 36 14,24,4,9,3,17;12,32,2,8,13;15,26,32,1,8;17,30,18,9,0;9,31,5,26,20,6,24,0;4,31,27,16,26;22,24,4,20,28;23,29,13,35,34;1,2,15,29,13;4,31,18,3,0;14,25,19,11,22;12,13,21,22,10,19,33;32,33,11,13,1;11,12,1,8,29,7,35,21;0,24,22,10,25,17;2,26,23,29,8;19,33,32,26,5,27;0,14,25,30,3;27,31,9,3,30;16,33,11,10,25,27;23,34,28,6,4,26;13,35,28,22,11;6,24,14,10,11,21,28;20,34,7,29,15,26;6,22,14,0,4;10,14,17,30,27,19;2,15,23,20,4,5,16,32;25,30,18,31,5,16,19;21,22,6,20,34,35;7,23,15,8,13;25,27,18,3,17;4,9,18,27,5;12,33,16,26,2,1;12,32,16,19,11;20,23,7,35,28;13,21,28,34,7
sphere5_s7102_136 39 3,21,20,14,6,32;22,34,31,13,28,33;4,14,10,9,17,23,30;0,21,12,26,32;2,14,20,37,30;9,25,34,22,29;10,38,27,32,0,14;18,28,24,16,12;35,37,21,12,16;2,17,25,5,29,38,10;6,38,9,2,14;25,34,31,23,17;8,21,3,26,18,7,16;31,36,19,24,28,1;2,4,20,0,6,10;16,35,30,36,19;15,35,8,12,7,24,19;11,23,2,9,25;7,28,27,26,12;16,24,13,36,15;21,37,4,14,0;0,3,12,8,37,20;1,34,5,29,33;11,17,2,30,31;16,19,13,28,7;11,34,5,9,17;12,18,27,32,3;29,38,6,32,26,18,28,33;7,18,27,33,1,13,24;27,38,9,5,22,33;31,36,15,35,37,4,2,23;13,36,30,23,11,34,1;0,3,26,27,6;1,28,27,29,22;11,25,5,22,1,31;15,16,8,37,30;13,31,30,15,19;20,21,8,35,30,4;27,29,9,10,6
sphere5_s7102_137 34 22,32,23,24,33,26,29;9,17,28,15,7,4;8,20,30,32,18;23,24,25,27,19;9,22,29,7,1;13,25,21,12,31;9,32,30,10,17;1,15,26,29,4;12,18,2,20,21;1,17,6,32,22,4;6,30,20,33,14,28,17;13,27,19,16,31;8,18,31,5,21;11,27,25,5,31;26,33,10,28,15;14,26,7,1,28;19,23,32,18,31,11;1,9,6,10,28;8,12,31,16,32,2;3,23,16,11,27;2,8,21,25,24,33,10,30;5,12,8,20,25;0,32,9,4,29;3,24,0,32,16,19;3,23,0,33,20,25;5,13,27,3,24,20,21;14,33,0,29,7,15;11,13,25,3,19;14,15,1,17,10;0,26,7,4,22;2,20,10,6,32;11,16,18,12,5,13;0,22,9,6,30,2,18,16,23;14,26,0,24,20,10
sphere5_s7102_138 38 2,22,29,21,16;28,36,17,18,7;0,22,32,10,17,36,16;25,29,11,34,13,35;15,30,27,37,12;27,37,33,35,20,32,14;33,35,13,19,26;23,31,28,1,18;15,30,18,23,24;19,34,11,23,24,12,26;14,32,2,17,18;3,34,9,23,29;26,37,4,15,24,9;19,34,3,35,6;10,32,5,27,18;8,30,4,12,24;2,36,28,31,21,0;1,36,2,10,18;10,14,27,30,8,23,7,1,17;9,34,13,6,26;5,32,22,25,35;0,29,23,31,16;0,2,32,20,25,29;7,31,21,29,11,9,24,8,18;9,23,8,15,12;3,29,22,20,35;12,37,33,6,19,9;5,37,4,30,18,14;1,36,16,31,7;0,21,23,11,3,25,22;8,15,4,27,18;7,23,21,16,28;10,14,5,20,22,2;6,35,5,37,26;9,19,13,3,11;6,33,5,20,25,3,13;1,28,16,2,17;5,27,4,12,26,33
sphere5_s7102_139 35 1,6,5,33,17,2;0,6,10,18,2;0,17,20,28,18,1;21,32,9,10,18,24;8,23,6,11,12;0,33,30,23,6;0,1,10,11,4,23,5;26,27,32,21,34,14,31;4,23,19,26,12;10,15,27,32,3;11,15,9,3,18,1,6;10,15,12,4,6;11,15,27,26,8,4;16,20,17,34,29;22,25,34,7,31;10,11,12,27,9;13,20,28,24,29;0,2,20,13,34,33;24,28,2,1,10,3;22,23,8,26,31;13,16,28,2,17;29,34,7,32,3,24;14,25,23,19,31;4,8,19,22,25,30,5,6;18,28,16,29,21,3;14,22,23,30,34;8,12,27,7,31,19;9,15,12,26,7,32;18,24,16,20,2;21,34,13,16,24;33,34,25,23,5;7,26,19,22,14;3,21,7,27,9;30,34,17,0,5;30,33,17,13,29,21,7,14,25
sphere5_s7102_140 33 12,30,32,2,10;9,20,8,3,21;10,24,27,32,0;8,29,30,21,1;18,21,9,11,13,22;14,15,25,26,19;14,16,28,24,10,23,15;26,31,10,23,25;3,29,17,20,1;1,20,11,4,21;2,24,6,23,7,31,22,12,0;9,20,19,13,4;0,30,18,22,10;4,22,31,19,11;5,15,6,16,19;5,14,6,23,25;6,14,19,20,17,28;27,32,29,8,20,16,28;4,21,30,12,22;11,20,16,14,5,26,31,13;1,9,11,19,16,17,8;4,18,30,3,1,9;4,13,31,10,12,18;6,15,25,7,10;27,28,6,10,2;5,15,23,7,26;7,31,19,5,25;24,28,17,32,2;24,27,17,16,6;3,8,17,32,30;0,12,18,21,3,29,32;7,26,19,13,22,10;17,27,2,0,30,29
sphere5_s7102_141 33 2,29,28,12,18;6,24,21,27,16,19;0,29,16,27,18;15,25,13,32,4,5;5,21,22,14,32,3;12,15,3,4,21,27,18;1,24,26,11,13,9,10,28,19;20,23,13,9,31;20,23,25,17,30;10,31,7,13,6;9,31,30,17,28,6;14,26,6,13,32;5,15,17,28,0,18;23,25,3,32,11,6,9,7;11,26,22,4,32;5,12,17,25,3;19,29,2,27,1;12,15,25,8,30,10,28;5,27,2,0,12;16,29,28,6,1;8,23,7,31,30;5,27,1,24,22,4;24,26,14,4,21;8,20,7,13,25;1,6,26,22,21;3,15,17,8,23,13;11,14,22,24,6;5,21,1,16,2,18;6,10,17,12,0,29,19;0,2,16,19,28;20,31,10,17,8;9,10,30,20,7;4,14,11,13,3
sphere5_s7102_142 38 8,36,29,7,4,22;12,32,37,11,33,15;28,37,11,16,31;5,36,8,23,14;0,22,17,18,7;10,36,3,14,34;24,26,13,20,31,28;25,29,0,4,18;0,36,3,23,33,15,22;19,27,16,30,35,17,22,15;5,36,29,25,21,30,34;1,33,23,16,2,37;13,26,32,1,15,19;12,26,6,20,19;3,23,16,34,5;12,19,9,22,8,33,1;2,31,27,9,30,34,14,23,11;9,22,4,18,35;4,17,35,21,25,7;20,27,9,15,12,13;19,27,31,6,13;10,30,35,18,25;0,8,15,9,17,4;3,14,16,11,33,8;6,26,32,37,28;7,29,10,21,18;12,13,6,24,32;19,20,31,16,9;2,37,24,6,31;7,25,10,36,0;10,21,35,9,16,34;20,27,16,2,28,6;1,12,26,24,37;1,11,23,8,15;14,16,30,10,5;9,17,18,21,30;0,8,3,5,10,29;2,28,24,32,1,11
sphere5_s7102_143 39 9,14,34,7,31,35,25;4,19,25,35,27;15,23,17,32,27;17,32,38,10,29;1,19,8,38,27;10,29,12,7,34,37;22,24,26,34,37;5,34,0,31,12;4,38,28,13,19;19,25,0,14,33;5,29,3,38,11,30,37;10,38,28,18,30;23,29,5,7,31;21,28,8,19,33,16;26,34,0,9,33;31,35,27,2,23;26,36,21,13,33;2,23,29,3,32;21,36,20,30,11,28;9,25,1,4,8,13,33;22,24,36,18,30;18,36,16,13,28;6,24,20,30,37;2,15,31,12,29,17;6,22,20,36,26;9,19,1,35,0;24,36,16,33,14,34,6;1,35,15,2,32,38,4;13,21,18,11,38,8;5,10,3,17,23,12;10,37,22,20,18,11;15,35,0,7,12,23;27,38,3,17,2;9,19,13,16,26,14;14,26,6,37,5,7,0;15,31,0,25,1,27;18,21,16,26,24,20;6,22,30,10,5,34;10,11,28,8,4,27,32,3
sphere5_s7102_144 32 12,21,29,28,22;16,25,9,8,26;23,24,20,5,26;7,8,9,17,14,19;13,31,15,28,29;26,31,15,11,20,2;7,18,12,27,19;6,18,8,3,19;1,26,31,13,18,7,3,9;17,25,1,8,3;22,27,19,14,24,20,11;5,20,10,22,28,15;0,21,18,6,27,22;18,21,29,4,31,8;10,19,3,17,24;4,28,11,5,31;1,25,30,23,26;24,30,25,9,3,14;6,7,8,13,21,12;10,14,3,7,6,27;10,24,2,5,11;13,18,12,0,29;10,27,12,0,28,11;2,24,30,16,26;17,30,23,2,20,10,14;1,16,30,17,9;1,8,31,5,2,23,16;10,22,12,6,19;4,15,11,22,0,29;0,21,13,4,28;17,24,23,16,25;4,13,8,26,5,15
sphere5_s7102_145 36 8,24,27,10,4,19,25;27,35,28,29,7;23,32,3,15,13,16;2,15,22,21,11,32;14,19,0,10,17,34;17,20,12,11,21,30;14,33,31,23,32,12,20,34;17,29,1,27,10;9,18,25,0,24;18,28,35,24,8;7,17,4,0,27;3,21,5,12,32;6,32,11,5,20;19,26,16,2,15;6,33,19,4,34;2,13,19,25,22,3;26,31,23,2,13;7,29,30,5,20,34,4,10;9,28,29,25,8;13,26,33,14,4,0,25,15;5,17,34,6,12;22,30,5,11,3;21,30,25,15,3;2,32,6,31,16;0,8,9,35,27;18,29,30,22,15,19,0,8;13,19,33,31,16;1,35,24,0,10,7;9,18,29,1,35;18,25,30,17,7,1,28;25,29,17,5,21,22;26,33,6,23,16;2,23,6,12,11,3;26,31,6,14,19;17,20,6,14,4;1,27,24,9,28
sphere5_s7102_146 36 16,23,30,8,12;6,30,5,24,14;4,7,11,27,17,19,31;19,31,15,29,9,21;2,7,20,25,31;23,28,33,22,24,1,30;26,34,14,1,30,8;2,4,20,12,11;11,12,0,30,6,26,27;21,24,22,29,3;13,28,33,35,18;8,12,7,2,27;20,32,18,13,16,0,8,11,7;10,28,16,12,18;21,24,1,6,34;25,31,3,29,35;23,28,13,12,0;26,34,19,2,27;10,13,12,32,35;21,34,17,2,31,3;12,32,25,4,7;14,24,9,3,19,34;9,29,33,5,24;5,28,16,0,30;14,21,9,22,5,1;20,32,35,15,31,4;17,34,6,8,27;17,26,8,11,2;5,23,16,13,10,33;33,35,15,3,9,22;1,6,8,0,23,5;3,19,2,4,25,15;12,20,25,35,18;29,35,10,28,5,22;17,26,6,14,21,19;29,33,10,18,32,25,15
sphere5_s7102_147 31 9,19,24,3,23,28,17;8,27,12,16,15;10,18,14,16,15;13,21,22,24,0,23,5;21,27,8,10,18,26,22;3,13,20,6,29,23;25,29,5,20,26,24,19,7;9,30,25,6,19;1,27,4,10,15;17,30,7,19,0;2,18,4,8,15;17,28,29,25,30;14,16,1,27,21,13,20;3,21,12,20,5;12,16,2,18,26,20;2,10,8,1,16;12,14,2,15,1;11,28,0,9,30;2,10,4,26,14;0,9,7,6,24;12,14,26,6,5,13;4,27,12,13,3,22;24,26,4,21,3;5,29,28,0,3;22,26,6,19,0,3;6,29,11,30,7;22,24,6,20,14,18,4;1,8,4,21,12;11,17,0,23,29;6,25,11,28,23,5;9,17,11,25,7
sphere5_s7102_148 39 13,28,12,18,27;29,32,36,31,7;6,25,27,37,31,30,3,4;15,30,2,4,22;9,22,3,2,6;20,28,17,32,29;4,9,24,16,25,2;23,29,1,31,30,14;23,38,35,10,19;4,22,26,33,24,6;8,35,16,11,19;19,34,33,24,16,10;0,28,20,21,18;0,28,17,36,37,27;30,34,19,23,7;26,34,30,3,22;11,24,6,25,18,35,10;5,32,36,13,28;25,27,0,12,21,35,16;14,34,11,10,8,23;5,28,12,21,29;29,38,35,18,12,20;4,9,26,15,3;7,29,38,8,19,14;11,33,9,6,16;18,27,2,6,16;15,34,33,9,22;18,25,2,37,13,0;5,20,12,0,13,17;7,23,38,21,20,5,32,1;14,34,15,3,2,31,7;36,37,2,30,7,1;5,17,36,1,29;11,24,9,26,34;14,30,15,26,33,11,19;8,10,16,18,21,38;17,32,1,31,37,13;31,36,13,27,2;8,23,29,21,35
sphere5_s7102_149 36 4,16,35,20,7,5;2,33,9,29,25,21;18,22,15,33,1,21;5,11,32,29,25;5,27,18,23,16,0;4,27,25,3,11,7,0;30,34,19,24,17;10,20,0,5,11,14;12,26,23,16,35,17;29,32,31,33,1;7,20,30,28,14;3,5,7,14,13,19,24,32;15,17,8,26,22;11,19,34,28,14;11,13,28,10,7;12,17,31,33,2,22;0,4,23,8,35;12,15,31,24,6,30,20,35,8;21,27,4,23,26,22,2;11,13,34,6,24;7,10,30,17,35,0;18,27,25,1,2;2,18,26,12,15;8,26,18,4,16;11,19,6,17,31,32;21,27,5,3,29,1;8,12,22,18,23;18,21,25,5,4;13,34,30,10,14;3,32,9,1,25;17,20,10,28,34,6;15,17,24,32,9,33;3,29,9,31,24,11;1,2,15,31,9;6,30,28,13,19;17,20,0,16,8
