sphere5_s7103_0 45 2,6,30,32,34,17;31,44,26,7,13;6,16,24,19,12,22,14,17,0;15,28,29,38,11,4;20,39,11,3,15,33;28,29,22,14,43,10;26,30,0,2,16,7;1,13,41,16,6,26;23,43,17,34,25,20;19,24,35,42,11;23,43,5,28,36;12,38,3,4,39,42,9,19;22,38,11,19,2;37,41,7,1,31;2,22,5,43,17;28,36,33,4,3;2,6,7,41,35,24;0,34,8,43,14,2;21,40,44,31,37;9,24,2,12,11;4,39,25,8,23,33;18,40,35,41,37;12,38,29,5,14,2;33,36,10,43,8,20;9,19,2,16,35;27,39,20,8,34,32;6,30,27,44,1,7;25,39,44,26,30,32;15,36,10,5,29,3;5,28,3,38,22;6,26,27,32,0;1,44,18,37,13;0,34,25,27,30;23,36,15,4,20;0,17,8,25,32;40,42,9,24,16,41,21;23,33,15,28,10;13,41,21,18,31;12,22,29,3,11;25,27,44,40,42,11,4,20;39,44,18,21,35,42;13,37,21,35,16,7;35,40,39,11,9;8,23,10,5,14,17;1,31,18,40,39,27,26
sphere5_s7103_1 46 5,12,18,19,21;20,29,36,11,44,28;16,43,31,39,41,4;23,37,14,17,22,30,43,31,10,45;11,44,13,41,2,16;0,12,29,20,21;24,40,17,22,33;8,35,34,19,27;7,35,38,32,27;19,27,23,25,13,44;31,39,15,45,3;4,44,1,36,33,42,16;0,5,29,36,18;4,44,9,25,15,41;32,37,3,17,26;39,41,13,25,45,10;2,43,42,11,4;26,40,6,22,3,14;12,36,34,19,0;9,27,7,34,18,0,21,28,44;21,28,1,29,5;20,28,19,0,5;6,33,30,3,17;9,27,37,3,45,25;6,40,34,36,33;15,45,23,9,13;17,40,38,32,14;9,19,7,8,32,37,23;20,21,19,44,1;12,36,1,20,5;42,43,3,22,33;10,39,2,43,3;14,37,27,8,38,26;6,22,30,42,11,36,24;24,36,18,19,7,35,40;7,8,38,40,34;24,34,18,12,29,1,11,33;23,27,32,14,3;26,40,35,8,32;10,31,2,41,15;6,24,34,35,38,26,17;15,39,2,4,13;30,43,16,11,33;2,16,42,30,3,31;4,11,1,28,19,9,13;15,25,23,3,10
sphere5_s7103_2 46 3,21,19,6,45;10,12,35,41,13,30;6,32,37,20,24,19;34,45,0,21,16;41,42,18,43,13;31,44,22,37,40,15;2,32,45,0,19;14,26,25,24,20;13,43,33,38,17;19,25,26,16,21;36,44,12,1,30;31,36,30,13,17;22,29,28,35,1,10,44;8,43,4,41,1,30,11,17;7,26,27,40,39,18,42,28,29,20;33,38,31,5,40,39;9,26,34,3,21;8,38,31,11,13;14,39,33,43,4,42;9,25,24,2,6,0,21;2,24,7,14,29,37;0,3,16,9,19;12,29,37,5,44;27,37,32,45,34,26;7,25,19,2,20;9,19,24,7,26;7,14,27,23,34,16,9,25;14,40,37,23,26;14,29,12,35,42;12,22,37,20,14,28;11,13,1,10,36;36,44,5,15,38,17,11;2,6,45,23,37;15,38,8,43,18,39;3,45,23,26,16;1,41,42,28,12;31,44,10,30,11;23,27,40,5,22,29,20,2,32;15,33,8,17,31;14,18,33,15,40;14,27,37,5,15,39;4,42,35,1,13;4,41,35,28,14,18;8,13,4,18,33;31,36,10,12,22,5;3,34,23,32,6,0
sphere5_s7103_3 43 10,33,39,9,11;10,33,24,41,19;4,25,35,23,38;15,19,13,6,14,16;2,25,12,32,13,38;17,23,35,30,42;14,22,7,13,3;23,38,13,6,22;24,26,27,16,20;27,29,37,40,11,0,39,26;0,33,1,19,11;9,40,18,19,10,0;28,37,25,4,32;7,38,4,32,18,19,3,6;21,31,36,16,3,6,22;3,19,41,20,16;3,14,36,27,8,20,15;5,23,22,21,34,42;28,32,13,19,11,40;3,15,41,1,10,11,18,13;8,24,41,15,16;14,31,34,17,22;17,21,14,6,7,23;5,17,22,7,38,2,35;8,26,39,33,1,41,20;30,35,2,4,12,37;9,39,24,8,27;9,29,36,16,8,26;18,32,12,37,40;9,27,36,31,34,37;25,35,5,42,37;14,21,34,29,36;18,28,12,4,13;0,10,1,24,39;17,42,37,29,31,21;25,30,5,23,2;29,31,14,16,27;9,29,34,42,30,25,12,28,40;7,23,2,4,13;9,26,24,33,0;9,11,18,28,37;1,19,15,20,24;17,34,37,30,5
sphere5_s7103_4 43 18,22,35,1,8,10;8,24,7,35,0;16,26,29,37,19;21,42,5,29,18,22;13,17,36,15,6;26,28,42,3,29;4,13,37,20,15;24,41,39,33,35,1;1,24,34,10,0;36,40,12,38,15;18,29,37,34,8,0;23,31,14,19,12;27,39,33,23,11,19,38,9,40,25;25,37,6,4,17;30,31,11,19,16;9,36,4,6,20,38;2,26,30,14,19;36,40,25,13,4;0,22,3,29,10;20,38,12,11,14,16,2,37;19,38,15,6,37;3,42,32,23,33,22;0,18,3,21,33,35;31,32,21,33,12,11;1,8,34,41,7;17,40,12,27,34,37,13;28,30,16,2,29,5;12,39,41,34,25;26,30,32,42,5;10,18,3,5,26,2,37;26,28,32,31,14,16;23,32,30,14,11;23,31,30,28,42,21;22,35,7,39,12,23,21;25,37,10,8,24,41,27;22,33,7,1,0;9,40,17,4,15;13,25,34,10,29,2,19,20,6;19,20,15,9,12;12,27,41,7,33;9,36,17,25,12;7,24,34,27,39;3,21,32,28,5
sphere5_s7103_5 47 13,46,43,16,45,9;10,39,20,4,27;24,42,37,41,19,5;10,39,30,43,18;1,20,11,7,27;15,36,19,2,24;20,39,30,23,17,11;14,17,11,4,27;22,28,14,27,10;26,31,45,0,13;8,22,34,18,3,39,1,27;7,17,6,20,4;30,42,24,15,44;0,46,35,26,9;7,17,28,8,27;5,36,44,12,24;18,32,45,0,43;7,14,28,38,23,6,11;16,32,34,10,3,43;35,40,41,2,5,36,43,46;6,39,1,4,11;22,28,33,32,34;8,28,21,34,10;25,37,30,6,17,38;2,42,12,15,5;32,33,38,23,37,29,45;31,40,35,13,9;1,10,8,14,7,4;33,38,17,14,8,22,21;31,45,25,37,41,40;12,42,37,23,6,39,3,43,44;29,45,9,26,40;25,33,21,34,18,16,45;28,38,25,32,21;18,32,21,22,10;19,40,26,13,46;5,15,44,43,19;23,25,29,41,2,42,30;28,33,25,23,17;6,20,1,10,3,30;19,35,26,31,29,41;19,40,29,37,2;12,30,37,2,24;19,46,0,16,18,3,30,44,36;12,30,43,36,15;29,31,9,0,16,32,25;19,43,0,13,35
sphere5_s7103_6 42 7,37,13,40,33,14,41;21,30,17,9,2;1,21,16,23,9;11,31,18,14,27,39;5,36,34,32,6,8,10;4,36,11,31,10;8,22,7,20,32,4;0,37,20,6,22,41;6,22,12,10,4;1,17,39,23,2;12,18,31,5,4,8;3,31,5,36,30,17,39;14,18,10,8,22,41;0,37,28,25,40;12,18,3,27,33,0,41;33,40,25,26,35;19,24,32,34,21,2,23;11,30,1,9,39;12,14,3,31,10;23,27,29,24,16;6,32,24,37,7;34,36,30,1,2,16;6,8,12,41,7;27,39,9,2,16,19;28,38,29,19,16,32,20,37;13,28,26,15,40;15,25,28,38,35;23,39,3,14,33,35,29,19;24,38,26,25,13,37;19,27,35,38,24;11,17,1,21,36;3,11,5,10,18;6,20,24,16,34,4;15,40,0,14,27,35;21,36,4,32,16;15,33,27,29,38,26;4,5,11,30,21,34;0,7,20,24,28,13;24,28,26,35,29;11,17,9,23,27,3;15,33,0,13,25;0,7,22,12,14
sphere5_s7103_7 45 1,3,40,2,37;3,9,5,28,35,23,41,27,37,0;4,42,40,0,37;1,9,32,40,0;2,42,19,15,43,37;1,9,12,36,17,28;7,24,29,11,20;15,43,24,6,20;16,35,23,30,14;1,3,32,12,5;23,30,18,25,33;19,20,6,29,42;22,31,39,32,9,5,36;25,33,44,38,34;8,30,18,26,16;7,43,4,19,20;21,26,14,8,35,28;5,36,34,21,28;25,26,14,30,10;15,20,11,42,4;15,19,11,6,7;16,26,34,17,28;36,38,44,31,12;10,30,8,35,1,41,32,39,33;6,7,43,37,29;13,33,10,18,26,34;16,21,34,25,18,14;1,37,29,42,41;16,21,17,5,1,35;24,37,27,42,11,6;10,23,8,14,18;12,22,44,33,39;9,12,39,23,41,42,40,3;13,25,10,23,39,31,44;13,38,36,17,21,26,25;8,16,28,1,23;22,38,34,17,5,12;24,29,27,1,0,2,4,43;22,36,34,13,44;12,32,23,33,31;32,42,2,0,3;1,23,32,42,27;2,4,19,11,29,27,41,32,40;7,15,4,37,24;22,31,33,13,38
sphere5_s7103_8 44 30,37,41,2,1;6,19,27,4,2,0,30;20,41,0,1,4,25;11,33,42,24,43;7,17,25,2,1,27;18,35,28,29,22;1,19,42,17,12,30;15,27,4,17,42,24,14;10,21,36,28,13;22,23,38,31,18;31,38,19,21,8,13;3,33,22,29,43;6,17,25,26,34,30;28,35,31,10,8;32,40,15,7,24,43;7,27,19,40,14;34,37,41,20,26;4,7,42,6,12,25;5,35,31,9,22;39,40,15,27,1,6,42,38,10,21;2,41,16,26,25;10,19,39,36,8;9,23,33,11,29,5,18;9,22,33,42,38;14,43,3,42,7;4,17,12,26,20,2;12,25,20,16,34;7,15,19,1,4;13,35,5,29,36,8;5,28,36,32,43,11,22;0,37,34,12,6,1;10,38,9,18,35,13;14,40,39,36,29,43;3,11,22,23,42;16,37,30,12,26;5,18,31,13,28;29,32,39,21,8,28;0,30,34,16,41;9,23,42,19,10,31;19,40,32,36,21;14,32,39,19,15;2,20,16,37,0;3,24,7,17,6,19,38,23,33;14,24,3,11,29,32
sphere5_s7103_9 45 38,43,2,4,10,14;19,44,35,9,8,11;0,4,34,44,12,24,3,39,7,43;2,24,29,40,39;0,2,34,6,5,10;4,6,25,37,10;4,34,27,25,5;28,43,2,39,26;13,32,23,11,1,9,30,42;21,35,1,8,30;0,14,37,5,4;8,23,36,19,1;16,24,2,44,22,18;8,32,20,15,42;20,41,38,0,10,37,32;31,42,13,20,41;12,24,29,33,18;33,40,31,30,21;21,22,12,16,33;11,36,27,44,1;14,41,15,13,32;22,35,9,30,17,33,18;21,35,44,12,18;8,11,36,25,32;12,16,29,3,2;23,32,37,5,6,27,36;31,40,39,7,28;34,44,19,36,25,6;7,43,38,31,26;33,40,3,24,16;17,31,42,8,9,21;17,30,42,15,41,38,28,26,40;8,13,20,14,37,25,23;17,40,29,16,18,21;4,6,27,44,2;21,22,44,1,9;11,19,27,25,23;14,32,25,5,10;0,43,28,31,41,14;7,26,40,3,2;17,33,29,3,39,26,31;14,20,15,31,38;15,31,30,8,13;0,38,28,7,2;1,19,27,34,2,12,22,35
sphere5_s7103_10 46 24,35,4,41,14,12,9,2,28,29;9,17,39,20,6;26,28,0,9,32;12,22,35,24,17;0,41,30,18,22,35;21,27,43,34,10;15,20,1,9,44;36,38,32,9,44;11,36,15,37,10;7,32,2,0,12,17,1,6,44;23,37,8,11,21,5,34;36,38,21,10,8;22,42,31,14,0,9,17,3;25,33,29,40,34;19,31,12,0,41;20,37,8,36,44,6;18,30,19,31,42;25,33,24,3,12,9,1,39;16,30,4,22,42;16,31,14,41,30;15,37,23,39,1,6;5,27,38,11,10;18,42,12,3,35,4;10,37,20,39,34;0,35,3,17,33,29;13,33,17,39,34;2,28,45,27,38,32;5,21,38,26,45,43;29,45,26,2,0;40,45,28,0,24,33,13;16,18,4,41,19;16,19,14,12,42;7,9,2,26,38;13,25,17,24,29;13,40,43,5,10,23,39,25;0,24,3,22,4;7,38,11,8,15,44;10,23,20,15,8;7,36,11,21,27,26,32;25,34,23,20,1,17;29,45,43,34,13;0,4,30,19,14;18,22,12,31,16;5,34,40,45,27;7,36,15,6,9;29,40,43,27,26,28
sphere5_s7103_11 44 10,14,32,12,6;22,41,18,8,16,17;4,32,14,37,24;8,30,28,25,40;2,32,43,38,41,24;6,10,34,13,21;5,10,0,12,21;8,31,39,11,30;7,31,16,1,18,27,15,23,17,40,3,30;31,39,20,42,16;5,6,0,14,34;28,30,7,39,20;22,29,19,26,32,0,6,21;5,34,37,24,41,22,21;10,34,37,2,32,0;27,33,29,23,8;25,42,9,31,8,1,17,40;16,40,8,23,22,1;1,41,35,27,8;12,26,36,35,33,29;28,42,9,39,11;6,12,22,13,5;12,29,23,17,1,41,13,21;15,29,22,17,8;2,37,13,41,4;16,42,28,3,40;12,19,36,43,32;15,33,35,18,8;11,30,3,25,42,20;12,22,23,15,33,19;11,28,3,8,7;7,8,16,9,39;26,43,4,2,14,0,12;15,27,35,19,29;10,14,37,13,5;36,38,41,18,27,33,19;35,38,43,26,19;2,24,13,34,14;35,36,43,4,41;11,20,9,31,7;16,17,8,3,25;1,22,13,24,4,38,35,18;16,25,28,20,9;36,38,4,32,26
sphere5_s7103_12 43 7,25,1,30,3,18,29;14,25,0,30,2;9,40,19,14,1,30;0,30,9,35,18;38,39,33,40,5,22;19,40,4,22,32,23,36;8,13,15,32,22;20,25,0,29,17,16;6,13,10,37,22;2,40,35,3,30;12,27,13,8,37,24;26,31,41,32,15,27;10,27,28,42,24;6,8,10,27,15;20,25,1,2,19;11,32,6,13,27;19,36,21,17,7,20;29,33,39,31,21,16,7;29,33,35,3,0;16,36,5,40,2,14,20;14,25,7,16,19;23,41,31,17,16,36;6,8,37,38,4,5,32;21,41,32,5,36;34,42,12,10,37;14,20,7,0,1;11,31,39,28,27;10,12,28,26,11,15,13;26,39,42,12,27;17,33,18,0,7;0,3,9,2,1;11,26,39,17,21,41;11,15,6,22,5,23,41;17,29,18,35,40,4,39;37,38,39,42,24;18,33,40,9,3;16,19,5,23,21;34,38,22,8,10,24;34,37,22,4,39;26,28,42,34,38,4,33,17,31;2,9,35,33,4,5,19;21,23,32,11,31;12,28,39,34,24
sphere5_s7103_13 41 9,21,6,15,38;16,27,22,24,23;18,40,5,31,12;11,30,16,6,15;26,35,22,24,36,8;19,38,31,2,40;0,15,3,16,21;10,28,17,13,21;30,36,4,26,13,17;12,21,0,38,31;21,39,37,28,7;19,34,30,3,15;18,25,39,21,9,31,2;21,26,8,17,7;30,33,29,25,37;19,38,0,6,3,11;1,27,21,6,3,30,23;8,13,7,28,30;12,25,20,40,2;11,34,32,40,5,38,15;29,32,40,18,25;13,26,35,27,16,6,0,9,12,39,10,7;27,35,4,24,1;24,36,30,16,1;23,36,4,22,1;37,39,12,18,20,29,14;13,21,35,4,8;22,35,21,16,1;7,10,37,30,17;20,32,33,14,25;33,34,11,3,16,23,36,8,17,28,37,14;2,5,38,9,12;20,29,33,34,19,40;30,34,32,29,14;11,19,32,33,30;22,27,21,26,4;23,24,4,8,30;25,39,10,28,30,14;5,19,15,0,9,31;25,37,10,21,12;2,18,20,32,19,5
sphere5_s7103_14 45 33,37,29,27,36;4,39,11,26,32,41;43,44,14,30,24,28;11,39,35,31,18;1,39,35,8,22,21,20,41;12,44,14,7,20;9,25,12,43,28,10;16,41,20,5,14;31,35,4,22,34;10,42,13,25,6;9,42,24,28,6;1,26,18,3,39;20,36,27,25,6,43,44,5;17,42,9,25,15;21,30,2,44,5,7,16,23;13,17,19,27,25;7,41,32,23,14;19,40,42,13,15;26,34,31,3,11;17,40,29,27,15;33,36,12,5,7,41,4,21,30,38;20,30,14,23,22,4;21,23,32,34,8,4;21,22,32,16,14;10,28,2,30,42;6,9,13,15,27,12;1,11,18,34,32;12,25,15,19,29,0,36;10,24,2,43,6;19,40,37,0,27;20,21,14,2,24,42,38;8,35,3,18,34;26,34,22,23,16,41,1;20,36,0,37,38;26,32,22,8,31,18;8,31,3,39,4;20,33,0,27,12;33,38,42,40,29,0;33,37,42,30,20;1,4,35,3,11;17,19,29,37,42;7,16,32,1,4,20;9,10,24,30,38,37,40,17,13;2,44,12,6,28;2,43,12,5,14
sphere5_s7103_15 50 27,33,8,6,35,17;36,42,24,16,28,20;18,31,22,35,34;8,44,13,30,38,39,36,33;37,43,14,40,25,9;9,25,41,7,33,36,20;0,8,44,46,35;27,33,5,41,10;3,44,6,0,33;28,38,30,31,37,4,25,5,20;17,34,18,41,7,27;15,48,29,12,19;14,40,29,11,19;22,31,30,3,44,46;19,43,4,40,12;11,48,21,43,19;23,24,1,28,38;0,27,10,34,35;2,31,26,41,10,34;14,43,15,11,12;1,36,5,9,28;25,48,15,43,49;2,31,13,46,35;16,24,32,45,38;16,23,32,42,1;26,49,21,48,29,40,4,9,5,41;25,49,31,18,41;0,33,7,10,17;9,38,16,1,20;25,48,11,12,40;3,38,9,31,13;2,18,26,49,37,9,30,13,22;24,42,47,45,23;0,27,7,5,36,3,8;2,35,17,10,18;2,34,17,0,6,46,22;42,47,39,3,33,5,20,1;4,43,49,31,9;3,30,9,28,16,23,45,39;45,47,36,3,38;4,14,12,29,25;18,26,25,5,7,10;36,47,32,24,1;14,19,15,21,49,37,4;3,8,6,46,13;39,47,32,23,38;6,35,22,13,44;36,42,32,45,39;11,15,21,25,29;25,26,31,37,43,21
sphere5_s7103_16 42 18,31,35,5,36,14;6,24,16,26,9,13;11,17,22,10,25;21,41,27,19,12;7,10,22,40,32;30,39,35,0,36,8;1,24,15,39,35,13;4,10,34,33,28,32;12,21,30,5,36;1,13,23,33,26;25,41,34,7,4,22,2;17,37,38,25,2;8,21,3,19,36;1,9,23,29,31,35,6;19,27,20,37,17,22,18,0,36;6,39,30,21,41,24;34,41,24,1,26;11,37,14,22,2;0,31,40,22,14;14,27,3,12,36;27,41,38,37,14;3,41,15,30,8,12;18,40,4,10,2,17,14;9,33,28,29,13;1,6,15,41,16;10,41,38,11,2;1,9,33,34,16;20,41,3,19,14;23,33,7,32,29;31,40,32,28,23,13;5,39,15,21,8;0,18,40,29,13,35;4,7,28,29,40;9,23,28,7,34,26;10,41,16,26,33,7;0,5,39,6,13,31;14,19,12,8,5,0;11,17,14,20,38;20,37,11,25,41;5,30,15,6,35;18,22,4,32,29,31;20,27,3,21,15,24,16,34,10,25,38
sphere5_s7103_17 50 10,33,28,31,3;19,42,11,14,41,8;13,49,47,17,44;5,10,0,31,25;22,43,30,39,48;10,45,29,21,7,25,3;30,43,14,41,26,23;25,40,27,21,5;26,41,1,19,12;27,35,38,29,21;0,33,20,15,45,5,3;14,43,34,42,1;23,46,36,19,8,26;16,48,49,2,44;11,43,6,41,1;24,38,45,10,20;13,48,39,28,33,20,44;34,37,47,2,44;24,35,27,40,32;1,42,36,12,8;10,33,16,44,34,24,15;5,29,9,27,7;4,43,37,47,49,48;12,46,31,30,6,26;18,35,38,15,20,34,31,32;31,32,40,7,5,3;8,41,6,23,12;7,40,18,35,9,21;31,39,16,33,0;5,21,9,38,45;6,43,4,39,31,23;25,32,24,34,46,23,30,39,28,0,3;25,31,24,18,40;0,10,20,16,28;20,44,17,37,43,11,42,36,46,31,24;18,24,38,9,27;12,46,34,42,19;22,43,34,17,47;29,45,15,24,35,9;28,31,30,4,48,16;7,25,32,18,27;8,26,6,14,1;1,19,36,34,11;4,22,37,34,11,14,6,30;20,34,17,2,13,16;5,10,15,38,29;12,23,31,34,36;22,49,2,17,37;13,16,39,4,22,49;22,47,2,13,48
sphere5_s7103_18 49 24,44,3,27,17;4,5,2,32,40;29,32,1,5,23;0,44,37,41,9,34,28,36,38,27;31,47,42,40,1,5,22,6,10,8;4,22,23,2,1;15,46,47,14,22,4,10,33;19,40,13,43,25;28,39,48,10,4,31,34;20,41,3,34,31;6,33,48,8,4;45,48,39,36,38;20,41,37,30,35;32,40,7,43,29;6,47,42,19,22;6,46,17,27,33;17,24,26,47,46;16,24,0,27,15,46;24,44,37,30,21,26;7,40,42,14,22,25;12,41,9,31,47,35;18,26,47,35,30;6,14,19,25,23,5,4;29,43,25,22,5,2;18,44,0,17,16,26;23,43,7,19,22;16,47,21,18,24;15,33,45,38,3,0,17;8,39,36,3,34;13,32,2,23,43;12,37,18,21,35;4,47,20,9,34,8;13,40,1,2,29;15,27,45,48,10,6;8,28,3,9,31;20,47,21,30,12;11,38,3,28,39;18,44,3,41,12,30;11,36,3,27,45;8,28,36,11,48;7,19,42,4,1,32,13;12,20,9,3,37;14,19,40,4,47;23,29,13,7,25;18,24,0,3,37;11,48,33,27,38;6,15,17,16,47;6,14,42,4,31,20,35,21,26,16,46;11,45,33,10,8,39
sphere5_s7103_19 50 8,49,34,44,28;26,48,40,35,5,47;8,21,10,22,30;20,43,23,45,13;35,40,42,37,11;11,24,47,1,35;12,22,10,19,14,25,33;18,33,25,41,46,36,38,15;2,21,31,29,42,37,24,47,26,28,0,49,30;14,23,17,41,25;6,22,2,21,19;4,35,5,24,37;6,22,39,18,33;3,45,36,38,20;9,23,43,31,19,6,25;18,39,30,49,38,7;40,42,29,43,48;41,46,45,23,9;7,33,12,39,15;14,31,21,10,6;3,43,48,27,32,38,13;2,8,31,19,10;6,12,39,30,2,10;9,14,43,3,45,17;8,37,11,5,47;7,33,6,14,9,41;1,48,28,8,47;34,44,48,20,32;26,48,44,0,8;8,42,16,43,31;2,8,49,15,39,22;14,19,21,8,29,43;38,49,34,27,20;7,18,12,6,25;27,44,0,49,32;4,40,1,5,11;7,38,13,45,46;8,42,4,11,24;7,36,13,20,32,49,15;15,18,12,22,30;4,35,1,48,16,42;17,46,7,25,9;8,37,4,40,16,29;3,20,48,16,29,31,14,23;27,34,0,28,48;3,13,36,46,17,23;17,41,7,36,45;1,26,8,24,5;1,26,28,44,27,20,43,16,40;32,38,15,30,8,0,34
sphere5_s7103_20 47 19,40,32,38,4;12,25,7,11,21,39,22;26,44,10,15,37;33,43,35,18,29;14,38,0,19,9,27,42,20;30,39,6,33,43;13,39,5,33,29;11,40,46,25,1;28,46,40,19,36,15,10;17,27,4,19,36;8,15,2,44,35,16,28;21,34,32,40,7,1;1,25,28,16,45,22;18,45,22,39,6,29;4,38,24,31,20;8,10,2,37,17,36;12,28,10,35,18,45;9,27,37,15,36;13,45,16,35,3,29;9,36,8,40,0,4;23,31,14,4,42;11,34,24,31,41,39,1;13,45,12,1,39;31,41,30,42,20;34,38,14,31,21;1,12,28,46,7;2,44,42,27,37;9,17,37,26,42,4;8,46,25,12,16,10;13,18,3,33,6;5,39,41,23,42,43;23,41,21,24,14,20;11,34,38,0,40;3,43,5,6,29;11,21,24,38,32;43,44,10,16,18,3;9,17,15,8,19;2,26,27,17,15;4,14,24,34,32,0;5,30,41,21,1,22,13,6;0,19,8,46,7,11,32;23,31,21,39,30;30,43,44,26,27,4,20,23;35,44,42,30,5,33,3;35,43,42,26,2,10;13,18,16,12,22;8,28,25,7,40
sphere5_s7103_21 50 25,27,2,46,19,32;10,24,38,42,13;16,27,0,46,36;29,31,5,33,44;19,32,40,42,38;34,41,33,3,31;11,37,15,18,26,16;48,49,35,23,22;28,34,41,47,12;20,32,25,11,24,10;1,24,9,20,13;6,37,46,19,38,24,9,25,27,16;26,28,8,47,14;1,42,40,20,10;18,44,33,47,12,26;6,37,43,17,30,18;6,26,45,36,2,27,11;22,48,30,15,43;14,44,49,30,15,6,26;4,32,0,46,11,38;9,32,40,13,10;31,45,36,43,22;17,48,7,23,31,21,43;7,22,31,29,35;1,10,9,11,38;0,27,11,9,32;28,39,45,16,6,18,14,12;0,25,11,16,2;34,39,26,12,8;23,31,3,44,35;15,18,49,48,17;21,45,39,34,5,3,29,23,22;9,20,40,4,19,0,25;41,47,14,44,3,5;28,39,31,5,41,8;44,49,7,23,29;16,45,21,43,37,46,2;6,11,46,36,43,15;1,42,4,19,11,24;28,34,31,45,26;13,20,32,4,42;5,34,8,47,33;1,38,4,40,13;17,22,21,36,37,15;35,49,18,14,33,3,29;21,31,39,26,16,36;36,37,11,19,0,2;12,14,33,41,8;17,22,7,49,30;35,44,18,30,48,7
sphere5_s7103_22 46 29,33,31,9,43;27,31,32,5,19;24,42,3,13,21;15,40,13,2,42,37;11,30,26,28,23;41,44,12,32,1,19;17,25,35,45,28,36,7;6,17,39,14,36;15,36,28,23,37;34,43,0,31,32;16,20,41,19,38,22;34,37,23,4,30;5,44,42,18,32;21,39,14,40,3,2;36,40,13,39,7;3,40,36,8,37;20,34,43,22,10;6,25,21,39,7;24,35,45,26,30,34,32,12,42;27,38,10,41,5,1;16,34,42,44,41,10;13,39,17,25,24,2;10,16,43,29,38;4,11,37,8,28;18,35,25,21,2,42;6,17,21,24,35;18,30,4,28,45;1,31,33,38,19;4,26,45,6,36,8,23;0,33,38,22,43;18,34,11,4,26;1,27,33,0,9,32;18,34,9,31,1,5,12;0,29,38,27,31;16,20,42,37,11,30,18,32,9,43;18,24,25,6,45;14,40,15,8,28,6,7;11,34,42,3,15,8,23;10,22,29,33,27,19;13,21,17,7,14;3,15,36,14,13;5,44,20,10,19;20,34,37,3,2,24,18,12,44;9,34,16,22,29,0;5,41,20,42,12;26,28,6,35,18
sphere5_s7103_23 43 24,35,20,34,28;19,35,20,16,15;5,36,9,25,41,23;4,26,40,12,16,34,28;3,26,11,6,28;2,36,33,17,8,30,37,23;7,10,28,4,11,38;6,10,36,9,38;18,21,17,5,30;7,36,2,25,38;33,36,7,6,28,24,27,14,29;25,32,26,4,6,38;3,16,15,13,41,40;15,37,23,41,12;27,31,22,29,10;30,31,19,1,16,12,13,37;20,34,3,12,15,1;29,33,5,8,21;8,21,39,42,30;1,35,27,31,15;16,34,0,35,1;17,29,39,18,8;29,39,42,31,14;2,41,13,37,5;0,35,27,10,28;11,32,41,2,9,38;3,4,11,32,40;14,31,19,35,24,10;3,4,6,10,24,0,34;17,33,10,14,22,39,21;15,31,42,18,8,5,37;14,27,19,15,30,42,22;11,25,41,40,26;17,29,10,36,5;16,20,0,28,3;0,24,27,19,1,20;10,33,5,2,9,7;13,15,30,5,23;7,9,25,11,6;18,42,22,29,21;12,41,32,26,3;2,23,13,12,40,32,25;18,39,22,31,30
sphere5_s7103_24 45 22,40,13,38,15;5,7,12,20,33;4,39,17,43,19,29;30,31,8,4,23,18;32,35,8,3,23,28,12,34,40,13,39,2,29,7;1,7,29,19,33;9,21,24,41,11;1,5,29,4,32,25,12;10,31,3,4,35;6,21,32,25,28,26,11;8,31,14,24,21,35;6,9,26,18,41;20,34,4,28,25,7,1;4,40,0,38,39;30,31,10,24,37;42,44,38,0,22;27,42,44,36,17;2,39,36,16,27,43;37,41,11,26,23,3,30;33,43,2,29,5;27,34,12,1,33;6,9,32,35,10,24;0,40,27,42,15;3,4,28,26,18;37,41,6,21,10,14;9,28,12,7,32;23,28,9,11,18;20,34,40,22,42,16,17,43,33;9,25,12,4,23,26;5,19,2,4,7;3,31,14,37,18;3,30,14,10,8;4,35,21,9,25,7;19,43,27,20,1,5;20,27,40,4,12;4,32,21,10,8;16,44,38,39,17;24,41,18,30,14;0,15,44,36,39,13;2,4,13,38,36,17;4,13,0,22,27,34;24,37,18,11,6;16,27,22,15,44;19,33,27,17,2;15,42,16,36,38
sphere5_s7103_25 41 27,33,21,30,39;5,11,16,13,8;13,40,20,31,26;19,37,29,11,16;37,38,10,28,14,6;1,11,35,18,16,8;14,32,30,37,4;22,23,9,20,12;34,36,16,5,1,13,26;36,40,20,7,23;38,39,25,28,4;1,5,35,29,3,16;20,31,15,22,7;2,40,36,16,1,8,26;4,28,24,32,6;26,34,22,12,31;13,36,8,5,18,19,3,11,1;24,32,30,39,25;19,21,33,35,5,16;18,21,37,3,16;12,31,2,40,9,7;18,19,37,30,0,33;7,23,34,15,12;9,36,34,22,7;25,28,14,32,17;24,28,10,39,17;15,34,8,13,2,31;0,33,35,29,38,39;24,25,10,4,14;27,38,37,3,11,35;0,39,17,32,6,37,21;15,26,2,20,12;17,24,14,6,30;0,27,35,18,21;15,26,8,36,23,22;5,18,33,27,29,11;9,40,13,16,8,34,23;4,38,29,3,19,21,30,6;27,39,10,4,37,29;27,38,10,25,17,30,0;9,36,13,2,20
sphere5_s7103_26 41 1,37,19,25,21;31,37,0,21,4;5,34,28,7,36;9,15,10,16,33;15,39,26,6,11,21,1,31;2,34,12,38,30,36;4,11,24,17,26;2,28,23,14,36;29,33,40,17,24,18;15,39,32,40,33,3;16,20,27,31,15,3;13,24,6,4,21,23;22,29,34,5,38;11,24,18,35,23;30,36,7,23,25,19;9,39,4,31,10,3;10,20,29,33,3;8,24,6,26,32,40;13,24,8,29,35;14,30,37,0,25;22,27,10,16,29;1,4,11,23,25,0;20,27,38,12,29;11,13,35,28,7,14,25,21;11,13,18,8,17,6;14,19,0,21,23;6,17,32,39,4;20,22,38,31,10;2,7,23,35,29,34;12,22,20,16,33,8,18,35,28,34;14,36,5,38,31,37,19;1,37,30,38,27,10,15,4;9,40,17,26,39;16,29,8,40,9,3;12,29,28,2,5;13,18,29,28,23;14,30,5,2,7;1,31,30,19,0;12,22,27,31,30,5;9,15,4,26,32;9,32,17,8,33
sphere5_s7103_27 44 10,35,34,13,7;24,38,22,9,42;17,30,43,28,3;11,26,17,2,28;13,31,20,6,34;17,26,24,42,21,7;4,34,35,32,27,29,33,23,20;25,31,13,0,10,21,5,17,30;22,37,39,18,38;21,42,1,22,37;0,35,32,36,15,14,21,7;24,26,3,28,16;19,39,37,21,14;4,31,7,0,34;10,15,19,12,21;18,19,14,10,36,40;28,41,40,18,24,11;3,26,5,7,30,2;15,19,39,8,38,24,16,40;15,18,39,12,14;23,25,31,4,6;9,42,5,7,10,14,12,37;8,37,9,1,38;20,25,30,33,6;11,26,5,42,1,38,18,16;20,23,30,7,31;11,24,5,17,3;36,41,29,6,32;16,41,43,2,3,11;6,33,43,41,27;33,43,2,17,7,25,23;4,13,7,25,20;10,35,6,27,36;30,43,29,6,23;4,6,35,0,13;0,10,32,6,34;40,41,27,32,10,15;8,22,9,21,12,39;1,24,18,8,22;18,19,12,37,8;36,41,16,18,15;36,40,16,28,43,29,27;9,21,5,24,1;30,33,29,41,28,2
sphere5_s7103_28 49 7,34,10,25,33;17,47,38,24,44;22,31,45,5,30;11,31,45,28,46,43,15;10,41,27,43,35,8,26;6,17,28,45,2,30,46;5,17,42,40,46;18,33,0,34,9,37;11,15,26,4,35;37,41,27,12,34,7;4,41,37,16,13,25,0,34,26;3,31,39,35,8,15;27,43,15,34,9;19,25,10,16,14;21,48,19,13,16;26,34,12,43,3,11,8;21,37,10,13,14;5,6,42,23,44,1,47,28;7,33,48,21,37;25,33,48,14,13;29,36,32,24,38;16,37,18,48,14;39,43,30,2,31;36,42,17,44,32;1,38,20,32,44;19,33,0,10,13;15,34,10,4,8;4,43,12,9,41;40,47,17,5,45,3,46;40,47,38,20,36,42;2,22,43,46,5;3,11,39,22,2,45;20,36,23,44,24;7,18,48,19,25,0;15,26,10,0,7,9,12;39,43,4,8,11;20,29,42,23,32;9,41,10,16,21,18,7;20,29,47,1,24;22,43,35,11,31;28,47,29,42,6,46;4,10,37,9,27;23,36,29,40,6,17;22,39,35,4,27,12,15,3,46,30;17,23,32,24,1;2,5,28,3,31;3,28,40,6,5,30,43;28,40,29,38,1,17;18,33,19,14,21
sphere5_s7103_29 41 6,38,8,13,26;36,37,5,29,22;6,32,3,39,30;12,39,2,32,31;8,16,22,29,13;13,23,37,1,29;7,15,38,0,26,28,10,30,2,32;15,34,33,31,32,6;16,38,0,13,4;33,34,14,17,12;21,30,6,28,24;39,40,27,37,36;3,39,16,17,9,33,31;5,23,18,26,0,8,4,29;17,38,15,34,9;7,34,14,38,6;8,38,17,12,39,22,4;16,38,14,9,12;19,23,13,26,28;18,23,35,24,28;21,25,40,27,35,24;10,30,25,20,24;4,29,1,36,39,16;5,13,18,19,35,37;10,28,19,35,20,21;39,40,20,21,30;6,28,18,13,0;20,40,11,37,35;6,26,18,19,24,10;4,22,1,5,13;10,21,25,39,2,6;7,33,12,3,32;2,6,7,31,3;7,31,12,9,34;7,15,14,9,33;19,24,20,27,37,23;1,37,11,39,22;1,36,11,27,35,23,5;8,16,17,14,15,6,0;3,12,16,22,36,11,40,25,30,2;11,39,25,20,27
sphere5_s7103_30 48 9,26,15,44,8;4,17,25,43,28,19;5,11,32,7,45,18,4,19;21,42,26,22,10,37,47,29,20,31;17,35,18,2,19,1;19,38,29,47,11,2;24,40,41,39,46,30;15,45,2,32,33,34,44;9,23,14,34,44,0;0,26,22,23,8;27,37,3,22,23;32,37,47,5,2;35,40,41,25,17;33,34,14,27,37;8,23,27,13,34;7,45,42,26,0,44;39,41,43,36,20;4,35,12,25,1;24,35,4,2,45;5,38,28,1,4,2;16,36,38,29,3,31,46,39;42,45,24,30,31,3;9,23,10,3,26;8,9,22,10,27,14;18,35,40,6,30,21,45;12,41,43,1,17;0,9,22,3,42,15;10,37,13,14,23;36,38,19,1,43;3,20,38,5,47;21,24,6,46,31;3,20,46,30,21;11,37,33,7,2;13,34,7,32,37;13,33,7,44,8,14;18,24,40,12,17,4;16,20,38,28,43;11,32,33,13,27,10,3,47;5,19,28,36,20,29;16,41,6,46,20;6,24,35,12,41;16,39,6,40,12,25,43;21,45,15,26,3;1,25,41,16,36,28;7,15,0,8,34;21,42,15,7,2,18,24;6,39,20,31,30;11,37,3,29,5
sphere5_s7103_31 46 7,34,22,16,9;14,19,22,31,25,28;13,44,10,17,38,36;13,45,8,39,44;5,29,35,27,10,17,11;4,29,9,16,37,11;20,30,41,42,15,32;17,38,12,9,0,34,37,11;3,39,40,33,45;5,16,0,7,12,29;27,44,2,17,4;4,17,7,37,5;21,29,9,7,38;3,45,36,2,44;1,19,41,30,28;16,24,32,6,42;15,24,26,37,5,9,0,22,43,42;4,11,7,38,2,10;20,28,25,24,32;1,14,41,43,22;18,28,30,6,32;33,38,12,29,35,23;16,43,19,1,31,34,0;27,35,21,33,40;15,16,26,25,18,32;1,28,18,24,26,31;16,24,25,31,34,37;10,44,39,40,23,35,4;18,20,30,14,1,25;4,5,9,12,21,35;6,20,28,14,41;22,34,26,25,1;6,20,18,24,15;21,38,36,45,8,40,23;0,7,37,26,31,22;23,27,4,29,21;33,45,13,2,38;5,16,26,34,7,11;21,33,36,2,17,7,12;27,40,8,3,44;27,39,8,33,23;42,43,19,14,30,6;15,16,43,41,6;41,42,16,22,19;10,27,39,3,13,2;3,13,36,33,8
sphere5_s7103_32 41 22,26,29,23,2;6,15,28,33,26,4,16,13,38,11;0,22,14,39,9,23;31,34,37,24,38;1,26,8,20,16;7,37,10,12,40;1,15,17,8,20,40,11;5,37,24,13,40;22,26,4,20,6,17,14;21,35,36,39,2,23;34,37,5,12,32;1,38,31,32,12,40,6;11,40,5,10,32;1,38,24,7,40,16;8,17,19,39,2,22;1,6,17,19,28;4,20,40,13,1;8,14,19,15,6;25,27,30,33,29;36,39,14,17,15,28;4,16,40,6,8;25,27,35,9,23;0,26,8,14,2;9,21,25,29,0,2;13,38,3,37,7;18,27,21,23,29;0,22,8,4,1,33,29;18,25,21,35,30;1,33,30,36,19,15;18,33,26,0,23,25;27,35,36,28,33,18;3,34,32,11,38;10,34,31,11,12;18,29,26,1,28,30;3,31,32,10,37;27,30,36,9,21;19,39,9,35,30,28;5,7,24,3,34,10;1,11,31,3,24,13;19,36,9,2,14;11,12,5,7,13,16,20,6
sphere5_s7103_33 50 22,42,38,16,37,12,23,28;31,34,24,14,45;30,40,26,3,33;2,33,35,12,26;8,16,38,9,41;32,36,14,24,33,48;15,25,27,11,10,20;21,29,8,41,13,39;16,29,7,41,4;43,44,17,41,4,38;18,20,6,11,31,45,49,19;10,31,39,13,27,6;26,37,0,23,35,3;27,41,7,39,11;5,24,1,45,36;20,44,46,25,6;29,37,0,38,4,8;9,44,46,47,41;10,20,43,42,19;22,49,10,18,42;10,18,43,44,15,6;7,29,30,24,34,39;19,49,36,32,28,0,42;0,28,48,35,12;5,14,1,34,21,30,33;6,15,46,47,27;12,37,40,2,3;13,41,47,25,6,11;32,48,23,0,22;16,37,40,30,21,7,8;2,40,29,21,24,33;10,11,39,34,1,45;28,48,5,36,22;2,30,24,5,48,35,3;1,31,39,21,24;33,48,23,12,3;5,32,22,49,45,14;16,29,40,26,12,0;4,16,0,42,43,9;7,13,11,31,34,21;2,30,29,37,26;13,27,47,17,9,4,8,7;19,22,0,38,43,18;9,44,20,18,42,38;9,43,20,15,46,17;10,49,36,14,1,31;25,47,17,44,15;25,46,17,41,27;28,32,5,33,35,23;19,22,36,45,10
sphere5_s7103_34 45 13,21,32,35,1;7,13,0,35,29;33,40,26,19,31;33,43,28,27,9,10,4,34,41;34,42,18,10,3;37,44,41,33,31;24,26,17,15,16;1,13,22,39,29;18,35,32,9,10;21,22,39,27,3,10,8,32;3,4,18,8,9;23,28,27,39,14,34;19,37,25,36,17,26;1,7,22,21,0;29,39,11,34,42,35;6,16,30,36,17;6,15,30,41,34,23,20,24;12,36,15,6,26;8,35,42,4,10;12,37,31,2,26;40,43,28,23,16,24;9,22,13,0,32;9,21,13,7,39;11,28,20,16,34;26,40,20,16,6;12,36,38,44,37;24,40,2,19,12,17,6;3,28,11,39,9;3,27,11,23,20,43;14,39,7,1,35;38,41,16,15,36;5,37,19,2,33;8,9,21,0,35;3,43,40,2,31,5,41;4,42,14,11,23,16,41,3;8,18,42,14,29,1,0,32;12,25,38,30,15,17;5,44,25,12,19,31;30,41,44,25,36;14,29,7,22,9,27,11;20,43,33,2,26,24;5,44,38,30,16,34,3,33;4,34,14,35,18;3,33,40,20,28;5,37,25,38,41
sphere5_s7103_35 46 33,44,18,14,26;15,28,39,13,32;17,33,44,21,16,32;29,30,11,36,12,20;19,25,7,23,24;38,45,41,43,42;9,23,45,34,22,15,32;4,23,10,30,25;9,16,21,28,22;23,34,22,8,16,32,6;31,34,23,7,30,29;3,30,25,42,36;35,38,36,3,20;32,40,18,44,39,1;0,26,37,40,18;22,28,1,32,6;8,9,32,2,21;2,33,26,37,32;13,40,14,0,44;4,25,42,43,24;3,29,31,35,12;28,39,44,2,16,8;15,28,8,9,34,6;9,34,10,7,4,24,41,45,6;41,43,19,4,23;4,19,42,11,30,7;17,33,0,14,37;35,38,45,34,31;15,22,8,21,39,1;3,30,10,31,20;3,29,10,7,25,11;27,34,10,29,20,35;6,9,16,2,17,37,40,13,1,15;2,17,26,0,44;9,23,10,31,27,45,6,22;27,38,12,20,31;3,12,38,42,11;32,40,14,26,17;27,35,12,36,42,5,45;21,28,1,13,44;13,32,37,14,18;24,43,5,45,23;19,25,11,36,38,5,43;24,41,5,42,19;21,39,13,18,0,33,2;5,38,27,34,6,23,41
sphere5_s7103_36 44 14,17,9,34,1;20,34,0,14,5,6;5,13,18,37,14;12,13,6,20,28;12,18,27,43,39,34,28;2,13,6,1,14;1,5,13,3,20;25,31,24,38,8,9,26,33;39,43,38,7,9;17,29,26,7,8,39,34,0;18,22,31,25,36,19;19,36,21,42,32;4,18,13,3,28;2,5,6,3,12,18;0,17,35,37,2,5,1;21,42,40,41,16;25,33,41,15,21;9,29,35,14,0;19,23,37,2,13,12,4,27,30,22,10;23,32,11,36,10,18;1,34,28,3,6;15,42,11,36,25,16;24,30,18,10,31;19,32,40,37,18;22,30,38,7,31;16,33,7,31,10,36,21;29,41,33,7,9;4,43,38,30,18;20,34,4,12,3;26,41,35,17,9;22,24,38,27,18;7,25,10,22,24;19,23,40,42,11;16,25,7,26,41;1,20,28,4,39,9,0;17,29,41,40,37,14;11,19,10,25,21;2,18,23,40,35,14;24,30,27,43,8,7;4,34,9,8,43;32,42,15,41,35,37,23;26,29,35,40,15,16,33;32,40,15,21,11;4,27,38,8,39
sphere5_s7103_37 50 4,16,34,29,41,49;38,44,20,18,36;11,19,9,21,32,48;12,14,37,5,46;0,16,40,36,49;7,46,3,37,10,30,33;15,39,25,23,40;13,46,5,33,8,24,40,45,31;17,27,33,7,24,44,20;19,25,23,45,31,21,2;22,47,34,26,30,5,37;2,19,39,35,48;3,14,28,13,46;7,46,12,28,31;3,12,28,22,37;16,40,6,39,47;15,40,4,0,34,47;8,27,42,43,41,49,18,20;1,36,49,17,20;9,25,39,11,2;8,17,18,1,44;9,31,28,32,2;35,48,32,28,14,37,10,47;9,45,40,6,25;38,40,7,8,44;9,19,39,6,23;29,43,42,30,10,34;30,33,8,17,42;12,13,31,21,32,22,14;26,43,41,0,34;27,33,5,10,26,42;9,21,28,13,7,45;21,28,22,48,2;27,30,5,7,8;16,47,10,26,29,0;22,48,11,39,47;38,40,4,49,18,1;10,22,14,3,5;24,40,36,1,44;6,15,47,35,11,19,25;15,16,4,36,38,24,7,45,23,6;17,43,29,0,49;27,30,26,43,17;26,29,41,17,42;8,24,38,1,20;9,23,40,7,31;7,13,12,3,5;16,34,10,22,35,39,15;22,35,11,2,32;18,36,4,0,41,17
sphere5_s7103_38 44 4,41,2,36,1,12;12,21,22,36,0;6,41,0,36,24;9,43,17,11,19;0,41,16,28,12;9,37,13,6,16,28,39;2,41,16,5,13,24;20,27,14,32,18;25,31,33,23,37;3,43,39,5,37,23,35,19;40,42,17,43,39,38,25;3,19,15,29,42,17;1,21,34,28,4,0;37,38,14,24,6,5;22,32,7,27,38,13,24;11,29,30,35,19;5,28,4,41,6;10,42,11,3,43;26,32,7,20,34;3,11,15,35,9;28,34,18,7,27;1,12,34,26,22;14,32,26,21,1,36,24;8,33,35,9,37;22,36,2,6,13,14;8,31,40,10,38,37;21,22,32,18,34;7,20,28,38,14;5,16,4,12,34,20,27,38,39;31,40,42,11,15,30;31,33,35,15,29;8,25,40,29,30,33;14,22,26,18,7;8,31,30,35,23;21,26,18,20,28,12;9,19,15,30,33,23;22,24,2,0,1;5,9,23,8,25,38,13;10,39,28,27,14,13,37,25;5,9,43,10,38,28;10,42,29,31,25;0,4,16,6,2;10,40,29,11,17;3,9,39,10,17
sphere5_s7103_39 47 2,31,28,8,39,7;6,44,12,42,13;17,24,21,7,0,31,27;19,44,18,11,27;16,20,42,12,18;37,46,6,9,22,45,23,30;19,46,5,9,36,13,1,44;21,40,39,0,2;35,41,39,0,28;5,22,14,36,6;30,40,43,33,37;17,25,18,3,27;4,42,1,44,18;1,42,20,36,6;22,25,15,36,9;18,25,14,36,16;20,36,15,18,4;2,24,45,22,25,11,27;15,25,11,3,44,12,4,16;6,46,33,27,3,44;16,36,13,42,4;24,26,34,40,7,2;14,25,17,45,5,9;26,45,5,30,34;26,45,17,2,21;14,22,17,11,18,15;24,45,23,34,21;32,43,33,19,3,11,17,2,31;29,31,0,8,35;28,31,32,38,35;10,40,34,23,5,37;0,2,27,32,29,28;27,43,38,29,31;19,27,43,10,37,46;21,26,23,30,40;8,41,38,29,28;16,20,13,6,9,14,15;5,46,33,10,30;41,43,32,29,35;0,7,40,43,41,8;10,30,34,21,7,39,43;38,43,39,8,35;1,13,20,4,12;38,41,39,40,10,33,27,32;1,6,19,3,18,12;24,26,23,5,22,17;6,19,33,37,5
sphere5_s7103_40 45 26,42,27,25,35;7,22,44,12,40;14,34,17,39,12,40,29;23,35,26,28,6;8,9,43,29,24,30,33;10,33,30,13,21;23,34,14,19,28,3;1,22,36,29,40;4,9,36,38,11,10,33;4,8,36,22,43;21,41,11,8,33,5;16,38,8,10,41;2,39,18,32,44,1,40;24,31,21,5,30;2,34,6,19,29;18,37,20,42,27,39;11,38,29,31,41;27,39,2,34,25;15,37,29,32,12,39;14,29,37,20,28,6;28,42,15,37,19;10,41,31,13,5;1,7,36,9,43,44;25,35,3,6,34;13,31,29,4,30;23,35,0,27,17,34;0,42,28,3,35;0,25,17,39,15,42;20,42,26,3,6,19;14,19,37,18,32,43,4,24,31,16,38,36,7,40,2;4,33,5,13,24;16,41,21,13,24,29;29,43,44,12,18;4,30,5,10,8;2,14,6,23,25,17;23,25,0,26,3;29,38,8,9,22,7;15,18,29,19,20;11,16,29,36,8;15,18,12,2,17,27;1,7,29,2,12;16,31,21,10,11;0,26,28,20,15,27;4,29,32,44,22,9;12,32,43,22,1
sphere5_s7103_41 42 18,31,3,1,7;0,3,17,27,7;16,40,38,41,24;17,33,31,0,1;30,35,21,28,12,11;15,34,9,22,36;9,23,29,35,21,34;18,26,19,23,27,1,0;20,38,41,25,37;22,23,6,34,5;32,39,37,25,24;22,36,12,4,30;15,28,4,11,36;23,27,14,30,22;17,27,13,30,20;5,34,28,12,36;18,32,24,2,40,26;14,27,1,3,33,39,37,20;0,31,32,16,26,7;7,26,40,38,23;8,38,29,30,14,17,37;6,35,4,28,34;11,36,5,9,23,13,30;9,22,13,27,7,19,38,29,6;2,16,32,10,25,41;24,41,8,37,10;7,18,16,40,19;14,17,1,7,23,13;15,34,21,4,12;30,35,6,23,38,20;29,35,4,11,22,13,14,20;0,18,32,33,3;33,39,10,24,16,18,31;32,39,17,3,31;5,15,28,21,6,9;29,30,4,21,6;11,22,5,15,12;17,39,10,25,8,20;8,20,29,23,19,40,2,41;32,33,17,37,10;2,16,26,19,38;24,25,8,38,2
sphere5_s7103_42 48 22,42,39,26,30,31;21,37,5,35,22,16;22,33,36,40,16;25,32,34,9,27;10,36,46,18,12;7,37,1,35,45,21,6;20,21,5,7,17;5,37,44,24,17,6;9,27,30,31,35;8,27,3,34,35;33,36,4,12,38;26,32,19,46,18;38,39,26,18,4,10;37,41,28,47,20,21;29,44,37,41,23;16,19,32,45,21;19,40,2,22,1,21,15;6,7,24,47,20;12,26,11,46,4;16,40,46,11,32,15;6,21,13,47,17;6,20,13,37,1,16,15,45,5;33,42,0,31,35,1,16,2;28,43,29,14,41;43,47,17,7,44,29;3,32,26,30,27;0,30,25,32,11,18,12,39;25,30,8,9,3;13,47,43,23,41;14,44,24,43,23;25,27,8,31,0,26;8,35,22,0,30;3,25,26,11,19,15,45,34;10,36,2,22,42,38;35,45,32,3,9;34,45,5,1,22,31,8,9;10,33,2,40,46,4;13,41,14,44,7,5,1,21;10,33,42,39,12;12,38,42,0,26;16,19,46,36,2;13,37,14,23,28;22,33,38,39,0;23,28,47,24,29;14,29,24,7,37;5,21,15,32,34,35;4,18,11,19,40,36;13,28,43,24,17,20
sphere5_s7103_43 43 38,40,35,28,12,11,20;6,10,13,27,7;16,41,11,26,18,17;5,36,18,4,42,31;7,42,3,18,22;3,36,30,32,31;10,34,37,7,1;4,42,37,6,1,27,22;12,28,25,39,9;39,41,11,12,8;13,33,34,6,1;14,20,0,12,9,41,2,26;8,28,0,11,9;21,33,10,1,27,20,38;11,20,27,29,26;19,31,32,23,21,33;2,41,39,25,24,17;30,40,24,16,2,18,36;2,26,29,22,4,3,36,17;33,34,37,31,15;11,14,27,13,38,0;13,33,15,23,38;27,29,18,4,7;21,38,40,32,15;16,17,40,35,25;16,39,8,28,35,24;2,11,14,29,18;13,20,14,29,22,7,1;8,12,0,35,25;14,26,18,22,27;32,40,17,36,5;15,19,37,42,3,5,32;30,40,23,15,31,5;19,34,10,13,21,15;19,33,10,6,37;25,28,0,40,24;3,5,30,17,18;6,7,42,31,19,34;21,23,40,0,20,13;16,41,9,8,25;30,32,23,38,0,35,24,17;2,16,39,9,11;4,7,37,31,3
sphere5_s7103_44 43 25,27,6,16,8;31,35,34,40,42,5,26;22,38,23,24,18,28,39;14,39,28,11,12;7,17,15,29,30;26,32,22,38,25,42,1;16,34,37,27,0;4,17,10,33,30;20,41,25,0,16;18,19,36,30,29,32;7,33,21,13,12,17;12,13,18,28,3;11,13,10,17,15,14,3;11,12,10,21,19,18;3,39,22,15,12;12,17,4,29,32,22,14;20,34,6,0,8;12,15,4,7,10;9,19,13,11,28,2,24,32;9,18,13,21,36;16,34,40,41,8;33,36,19,13,10;2,38,5,32,15,14,39;27,37,35,31,24,2,38,25;26,31,23,2,18,32;0,27,23,38,5,42,41,8;24,31,1,5,32;0,25,23,37,6;3,11,18,2,39;9,30,4,15,32;9,29,4,7,33,36;1,35,23,24,26;15,22,5,26,24,18,9,29;21,36,30,7,10;16,20,40,1,35,37,6;1,31,23,37,34;21,33,30,9,19;23,27,6,34,35;2,22,5,25,23;3,14,22,2,28;20,41,42,1,34;20,40,42,25,8;40,41,25,5,1
sphere5_s7103_45 42 14,26,27,12,22,5,32,1;32,33,35,14,0;32,33,19,13,5;31,39,9,30,4;3,30,13,38,31;2,32,0,22,13;11,23,25,8,19;10,29,39,41,34;13,36,25,6,19;29,39,3,30,24,18;7,29,18,28,34;6,23,40,35,33,19;22,38,31,39,41,27,0;21,28,24,30,4,38,22,5,2,19,8,36,16;17,35,1,0,26,37;25,36,16,20,23;21,37,20,15,36,13;20,37,14,35,40;10,29,9,24,28;2,13,8,6,11,33;17,37,16,15,23,40;13,28,34,41,27,26,37,16;12,38,13,5,0;6,11,40,20,15,25;18,28,13,30,9;15,36,8,6,23;21,27,0,14,37;12,41,21,26,0;18,24,13,21,34,10;7,10,18,9,39;3,4,13,24,9;3,39,12,38,4;2,33,1,0,5;2,32,1,35,11,19;7,41,21,28,10;11,40,17,14,1,33;15,25,8,13,16;16,21,26,14,17,20;12,22,13,4,31;3,31,12,41,7,29,9;11,35,17,20,23;7,34,21,27,12,39
sphere5_s7103_46 46 24,37,38,18,6;8,12,33,39,5;7,24,6,21,27,31,23,35;21,42,19,17,32,27;28,30,44,9,29;8,17,19,39,1;0,24,2,21,16,18;2,24,37,15,35;1,12,11,20,32,17,5;34,43,29,4,44;18,38,15,29,13;14,41,20,8,12;28,33,1,8,11,14,36;16,18,10,29,43;11,41,22,36,12;22,36,29,10,38,37,7,35;13,18,6,21,45,25,40,34,43;5,8,32,3,19;13,16,6,0,38,10;39,42,3,17,5;8,11,41,26,32;3,42,33,45,16,6,2,27;23,35,15,36,14,41;31,41,22,35,2;0,37,7,2,6;28,30,40,16,45;27,31,41,20,32;26,31,2,21,3,32;12,33,45,25,30,4,29,36;13,43,9,4,28,36,15,10;40,44,4,28,25;23,41,26,27,2;3,27,26,20,8,17;12,28,45,21,42,39,1;9,43,16,40,44;2,7,15,22,23;12,14,22,15,29,28;0,24,7,15,38;10,18,0,37,15;19,42,33,1,5;30,44,34,16,25;11,14,22,23,31,26,20;3,21,33,39,19;9,34,16,13,29;30,40,34,9,4;21,33,28,25,16
sphere5_s7103_47 46 11,44,18,14,12,37;22,29,10,45,8;15,28,17,31,6,40;9,31,42,26,25;37,38,35,21,39,44;25,26,14,23,32;31,42,19,40,2;41,43,20,35,38;21,45,1,22,39;16,32,25,3,31,24;29,43,20,45,1;0,44,30,41,38,37;14,27,44,37,0;34,36,28,15,33;18,23,5,26,42,27,12,0;33,40,2,28,13;9,32,34,36,24;28,36,24,31,2;14,23,33,44,0;33,40,6,42,27;7,43,10,45,35;8,45,35,4,39;8,39,44,29,1;14,18,33,34,32,5;17,36,16,9,31;5,26,3,9,32;5,25,3,42,14;12,14,42,19,33,44;17,36,13,15,2;30,44,22,1,10,43;29,44,11,41,43;3,9,24,17,2,6,42;9,16,34,23,5,25;13,34,23,18,44,27,19,40,15;13,36,16,32,23,33;7,38,4,21,45,20;13,34,16,24,17,28;0,11,38,4,44,12;11,41,7,35,4,37;8,22,44,4,21;15,33,19,6,2;11,38,7,43,30;14,27,19,6,31,3,26;10,29,30,41,7,20;0,11,30,29,22,39,4,37,12,27,33,18;8,21,35,20,10,1
sphere5_s7103_48 42 1,8,26,11,32,23;0,8,29,34,23;3,36,32,23,27,9;20,36,2,9,25;40,41,17,34,28;26,35,10,7,31;16,19,11,32,36,14;19,31,5,10,16;22,35,26,0,1,29;25,39,27,2,3;14,41,35,5,7,16;26,31,19,6,32,0;27,33,13,15,24;20,36,33,12,15,30;10,41,33,36,6,16;24,37,30,13,12;10,14,6,19,7;33,41,4,34,23,27;20,21,38,37,30;7,31,11,6,16;3,36,13,30,18,21,25;18,20,25,39,38;8,35,40,28,29;2,32,0,1,34,17,27;15,37,38,39,27,12;20,21,39,9,3;11,31,5,35,8,0;24,39,9,2,23,17,33,12;22,29,34,4,40;22,28,34,1,8;18,20,13,15,37;11,26,5,7,19;2,23,0,11,6,36;14,41,17,27,12,13,36;1,23,17,4,28,29;5,26,8,22,40,41,10;3,20,13,33,14,6,32,2;15,24,38,18,30;18,21,39,24,37;24,27,9,25,21,38;4,41,35,22,28;10,14,33,17,4,40,35
sphere5_s7103_49 49 29,33,34,8,4;4,5,31,45,27;22,26,47,6,35;6,35,25,24,28,12,30,41,37;12,27,1,5,11,29,0,8,38,28;21,31,1,4,11,22,14;3,35,2,47,37;16,25,48,10,34,33,40;10,38,4,0,34;42,46,17,44,20;8,38,48,7,34;5,22,39,29,4;27,30,3,28,4;15,44,23,36,19;21,42,46,26,22,5;18,19,13,44,20,31;25,35,32,40,7;23,47,26,46,9,44;15,19,43,41,31;15,18,43,36,13;15,44,9,42,21,31;14,42,20,31,5;35,39,11,5,14,26,2;17,47,37,36,13,44;28,38,48,25,3;16,35,3,24,48,7;17,47,2,22,14,46;12,30,45,1,4;24,38,4,12,3;0,33,40,32,39,11,4;41,45,27,12,3;5,21,20,15,18,41,45,1;35,39,29,40,16;0,29,40,7,34;7,33,0,8,10;22,39,32,16,25,3,6,2;19,43,37,23,13;41,43,36,23,47,6,3;24,28,4,8,10,48;22,35,32,29,11;16,32,29,33,7;30,45,31,18,43,37,3;14,21,20,9,46;18,19,36,37,41;15,20,9,17,23,13;30,41,31,1,27;14,42,9,17,26;17,23,37,6,2,26;10,38,24,25,7
sphere5_s7103_50 43 41,42,10,25,5,40,6,29,37;10,42,30,4,32,39,13;19,21,12,17,8,39,32;20,38,7,28,24;1,30,36,9,32;0,40,20,24,11,16,29,23,25;0,29,16,33,27,14,26,40;3,38,22,27,28;13,39,2,17,23,25;19,31,36,4,32;1,42,0,25,13;5,16,33,28,24;18,29,17,2,21;8,39,1,10,25;26,34,22,27,6;35,41,36,31,21;5,11,33,6,29;12,29,23,8,2;12,29,37,35,21;2,21,31,9,32;3,38,34,26,40,5,24;2,19,31,15,35,18,12;14,34,38,7,27;5,25,8,17,29;11,28,3,20,5;8,13,10,0,5,23;14,34,20,40,6;7,28,33,6,14,22;11,24,3,7,27,33;0,6,16,5,23,17,12,18,37;1,4,36,41,42;9,19,21,15,36;2,39,1,4,9,19;11,16,6,27,28;14,26,20,38,22;37,41,15,21,18;30,41,15,31,9,4;35,41,0,29,18;3,20,34,22,7;8,13,1,32,2;0,5,20,26,6;0,42,30,36,15,35,37;0,41,30,1,10
sphere5_s7103_51 43 27,40,6,5,32,38;14,30,37,24,9;10,11,31,13,15,29;28,42,19,14,9;39,40,14,33,41;6,42,21,32,0;0,40,19,42,5;27,38,15,13,26,24,37,35,41,39;16,31,13,18,34;1,24,28,3,14;22,29,2,11,17,12;10,17,16,31,2;25,32,22,10,17,36;21,26,7,15,2,31,8,18,23;1,30,33,4,40,19,3,9;7,38,29,2,13;8,31,11,17,36,34;10,11,16,36,12;8,13,23,20,34;3,42,6,40,14;25,32,23,18,34;13,26,28,42,5,32,23;32,38,29,10,12;13,21,32,20,18;26,28,9,1,37,7;20,32,12,36,34;13,21,28,24,7;0,40,39,7,38;3,42,21,26,24,9;10,22,38,15,2;1,14,33,35,37;8,16,11,2,13;22,38,0,5,21,23,20,25,12;35,41,4,14,30;20,25,36,16,8,18;33,41,7,37,30;12,25,34,16,17;7,35,30,1,24;22,32,0,27,7,15,29;4,40,27,7,41;0,27,39,4,14,19,6;33,35,7,39,4;3,28,21,5,6,19
sphere5_s7103_52 42 28,39,2,11,9,20,27,16;13,36,33,15,24,35,8;5,11,0,39,21;10,34,37,13,36;17,30,19,29,22;2,11,40,41,21;14,31,16,32,36;17,25,27,41,22;18,26,37,13,1,35;0,11,19,30,20;14,36,3,34,23,38,24;2,5,40,19,9,0;32,33,15,14,31,39,28;1,36,3,37,8;6,31,12,15,24,10,36;1,24,14,12,33;0,28,32,6,31,27;7,25,30,4,22;8,26,23,38,35;29,40,11,9,30,4;25,27,0,9,30;27,31,39,2,5,41;4,29,41,7,17;10,34,26,18,38;1,15,14,10,38,35;7,17,30,20,27;8,18,23,34,37;20,25,7,41,21,31,16,0;0,39,12,32,16;19,40,41,22,4;4,17,25,20,9,19;6,14,12,39,21,27,16;12,33,36,6,16,28;12,32,36,1,15;10,23,26,37,3;8,18,38,24,1;1,13,3,10,14,6,32,33;3,34,26,8,13;18,35,24,10,23;0,28,12,31,21,2;19,29,41,5,11;7,22,29,40,5,21,27
sphere5_s7103_53 47 23,44,34,18,21,14;15,24,28,37,10,19;20,36,13,39,31;30,45,20,42,16;15,19,46,29,40;9,39,38,17,45,20,14;18,33,43,26,25;12,26,43,27,32;33,34,10,37,43;14,21,32,11,40,39,5;19,44,34,8,37,1;35,40,9,32,27;7,26,25,21,32;29,39,2,36,46;9,21,0,23,20,5;4,19,1,24,40;41,42,3,30,22;22,30,45,5,38;6,33,34,0,21,25;4,15,1,10,44,46;3,45,5,14,23,36,2,31,42;12,32,9,14,0,18,25;17,30,16,41,38;20,36,44,0,14;1,15,40,35,28;12,21,18,6,26;7,12,25,6,43;11,35,43,7,32;35,43,37,1,24;39,40,4,46,13;3,45,17,22,16;38,39,2,20,42,41;12,21,9,11,27,7;6,18,34,8,43;10,44,0,18,33,8;11,40,24,28,43,27;20,23,44,46,13,2;1,10,8,43,28;31,39,5,17,22,41;29,40,9,5,38,31,2,13;29,39,9,11,35,24,15,4;31,42,16,22,38;31,41,16,3,20;7,26,6,33,8,37,28,35,27;10,19,46,36,23,0,34;3,30,17,5,20;13,36,44,19,4,29
sphere5_s7103_54 49 15,45,20,23,40,33,13;29,37,13,15,14;28,33,13,37,38,24;14,15,45,44,42;17,39,22,21,36;18,28,24,26,43;11,39,17,38,26;30,34,26,43,27;12,31,9,46,44;21,22,46,8,31;30,32,19,25,47,34;26,46,22,39,6;8,31,36,41,16,44;2,33,0,15,1,37;29,48,42,3,15,1;0,45,3,14,1,13;42,48,41,12,44;6,38,41,36,4,39;27,43,5,28,19,32;18,32,10,25,28;44,45,0,23,46;9,22,4,36,31;9,21,4,39,11,46;46,47,40,0,20;2,38,26,5,28;35,47,10,19,28;24,38,6,11,46,34,7,43,5;18,43,7,30,32;2,33,35,25,19,18,5,24;1,37,38,41,48,14;7,34,10,32,27;8,12,36,21,9;18,19,10,30,27;2,28,35,40,0,13;7,30,10,47,46,26;28,33,40,47,25;12,31,21,4,17,41;1,29,38,2,13;2,24,26,6,17,41,29,37;6,11,22,4,17;33,35,47,23,0;29,38,17,36,12,16,48;16,48,14,3,44;18,27,7,26,5;8,12,16,42,3,45,20,46;0,15,3,44,20;9,22,11,26,34,47,23,20,44,8;25,35,40,23,46,34,10;16,42,14,29,41
sphere5_s7103_55 48 23,26,19,22,31,9;10,35,42,14,2;1,10,17,27,18,14;22,43,11,32,19;13,40,39,38,34;10,45,16,41,44,8,33;27,36,7,47,21;30,34,47,6,36;5,33,9,31,46,20,44;23,36,30,33,8,31,0;5,45,35,1,2,17,33;24,32,3,43,20;15,42,35,45,16;4,40,28,25,34;37,42,1,2,18;12,42,29,41,16;15,41,5,45,12;38,39,27,2,10,33;27,36,37,14,2;0,22,3,32,26;43,46,8,44,37,24,11;6,47,25,28,27;3,43,46,31,0,19;24,36,9,0,26;23,36,37,20,11,32,26;13,28,21,47,34;0,23,24,32,19;18,36,6,21,28,40,39,17,2;13,40,27,21,25;37,44,41,15,42;7,34,33,9,36;22,46,8,9,0;19,26,24,11,3;34,38,17,10,5,8,9,30;33,38,4,13,25,47,7,30;10,45,12,42,1;23,24,37,18,27,6,7,30,9;29,44,20,24,36,18,14,42;33,34,4,39,17;4,38,17,27,40;4,13,28,27,39;5,44,29,15,16;12,15,29,37,14,1,35;3,22,46,20,11;5,41,29,37,20,8;5,10,35,12,16;22,31,8,20,43;6,21,25,34,7
sphere5_s7103_56 44 29,31,6,30,12,36;9,43,33,11,19,40;3,34,22,35,42;2,34,17,28,14,42;5,15,24,10,39;25,26,15,4,39,37;8,15,30,0,31;12,30,15,24,16,41;6,15,13,20,31;32,43,1,40,29,36;16,24,4,39,27;1,33,17,34,22,19;23,41,7,30,0,36;15,26,43,20,8;21,42,3,28,43,20,18;6,8,13,26,5,4,24,7,30;10,24,7,41,38,27;11,34,3,28,33;19,21,14,20,31;18,21,35,22,11,1,40,31;8,31,18,14,43,13;18,19,35,42,14;19,35,2,34,11;12,41,38,37,36;10,16,7,15,4;5,26,43,32,37;5,25,43,13,15;10,39,37,38,16;3,17,33,43,14;0,31,40,9,36;6,15,7,12,0;0,29,40,19,18,20,8,6;9,43,25,37,36;1,11,17,28,43;2,3,17,11,22;21,42,2,22,19;9,32,37,23,12,0,29;5,39,27,38,23,36,32,25;23,41,16,27,37;10,27,37,5,4;29,31,19,1,9;12,23,38,16,7;21,35,2,3,14;9,32,25,26,13,20,14,28,33,1
sphere5_s7103_57 48 24,35,23,38,45;8,46,22,9,14,34;23,25,4,28,44,20,35;31,37,29,7,6,5;19,25,2,28,7,29;6,26,42,31,3;5,26,43,7,3;28,43,6,3,29,4;21,47,34,1,46;12,30,14,1,22;11,45,24,20,44;10,45,18,30,44;22,40,39,27,30,9;27,39,15,32,31;9,30,33,34,1;16,40,39,13,32;15,40,45,41,17,32;16,32,19,25,41;33,47,21,45,11,30;4,25,17,32,37,29;10,24,35,2,44;8,47,18,45,36,46;12,40,36,46,1,9;2,25,38,0,35;0,35,20,10,45;4,19,17,41,38,23,2;5,6,43,30,42;13,39,12,30,42,31;7,43,30,44,2,4;19,37,3,7,4;27,42,26,43,28,44,11,18,33,14,9,12;3,37,32,13,27,42,5;19,37,31,13,15,16,17;34,47,18,30,14;33,47,8,1,14;0,24,20,2,23;22,40,45,21,46;3,31,32,19,29;0,45,41,25,23;13,27,12,40,15;15,16,45,36,22,12,39;25,38,45,16,17;27,30,26,5,31;7,28,30,26,6;11,30,28,2,20,10;10,11,18,21,36,40,16,41,38,0,24;1,8,21,36,22;33,34,8,21,18
sphere5_s7103_58 48 23,24,13,10,22;8,33,16,39,25,44,32;3,26,45,6,10;10,41,37,18,26,2;24,47,11,14,12,23;17,32,44,11,43;13,46,45,2,10;17,43,14,40,8;1,33,31,36,40,7,17,32;18,37,20,29,21,27;6,13,0,22,39,34,41,3,2;5,43,14,4,47,30,25,44;14,40,36,23,4;6,46,24,0,10;11,43,7,40,12,4;22,39,16,28,23;15,28,33,1,39;5,32,8,7,43;9,37,3,26,27;38,47,24,46,45,26,42;29,34,41,37,9;35,42,27,9,29,39,25;15,39,10,0,23;0,24,4,12,36,31,28,15,22;4,47,19,46,13,0,23;30,35,21,39,1,44,11;27,42,19,45,2,3,18;26,42,21,9,18;31,33,16,15,23;20,34,39,21,9;35,38,47,11,25;28,33,8,36,23;5,17,8,1,44;1,8,31,28,16;20,29,39,10,41;21,42,38,30,25;23,31,8,40,12;9,18,3,41,20;30,35,42,19,47;15,22,10,34,29,21,25,1,16;7,8,36,12,14;3,10,34,20,37;21,35,38,19,26,27;7,17,5,11,14;1,32,5,11,25;19,46,6,2,26;6,13,24,19,45;4,24,19,38,30,11
sphere5_s7103_59 44 4,34,43,39,16,30;8,33,11,25,4;12,43,34,7,9;31,32,18,26,28;1,8,30,0,34,37,25;28,36,23,27,40,33,11;13,41,16,14,35;34,37,17,9,2;1,33,21,30,4;28,31,12,2,7,17,11;32,42,29,39,43;1,33,5,28,9,17,25;31,32,43,2,9;6,41,24,38,35;21,40,35,6,16;19,22,18,42,29,20,24;29,39,0,30,21,14,6,41,20;11,25,37,7,9;15,22,26,3,32,42;15,22,36,23,24;16,29,15,24,41;14,40,33,8,30,16;26,36,19,15,18;19,36,5,27,38,24;15,19,23,38,13,41,20;11,17,37,4,1;22,36,28,3,18;35,38,23,5,40;5,36,26,3,31,9,11;16,39,10,42,15,20;16,21,8,4,0;12,32,3,28,9;12,31,3,18,42,10,43;1,8,21,40,5,11;0,4,37,7,2,43;27,38,13,6,14,40;22,26,28,5,23,19;4,34,7,17,25;27,35,13,24,23;16,29,10,43,0;14,21,33,5,27,35;6,13,24,20,16;10,32,18,15,29;0,34,2,12,32,10,39
sphere5_s7103_60 46 1,12,21,25,28;0,12,18,30,28;7,40,44,20,10,29,42,11,19,33;30,45,9,4,28;3,28,27,11,42,9;15,32,35,23,41,26;22,44,38,21,8,34,36;2,40,24,23,41,33;12,21,6,34,18;3,45,29,42,4;13,39,20,2,29;19,27,4,42,2;0,1,18,8,21;30,39,10,29,45;27,37,15,32,16;5,32,14,37,26;28,43,32,14,27;20,39,30,36,22;30,34,8,12,1;11,27,37,33,2;17,39,10,2,44,22;31,38,6,8,12,0,25;6,44,20,17,36;7,24,35,5,41;38,40,7,23,35,31;31,43,28,0,21;5,41,33,37,15;11,19,37,14,16,28,4;3,4,27,16,43,25,0,1,30;2,10,13,45,9,42;3,45,13,39,17,36,34,18,1,28;32,35,24,38,21,25,43;5,15,14,16,43,31,35;2,7,41,26,37,19;18,30,36,6,8;31,32,5,23,24;17,22,6,34,30;14,27,19,33,26,15;24,40,44,6,21,31;13,30,17,20,10;24,38,44,2,7;5,26,33,7,23;4,11,2,29,9;25,31,32,16,28;6,22,20,2,40,38;3,30,13,29,9
sphere5_s7103_61 41 2,17,3,20,7,10;16,36,11,27,26;10,18,25,38,39,17,0;21,35,17,0,20;7,10,18,9,34;31,39,38,12,13,40;14,24,21,37,23;4,10,0,20,34;11,32,23,37,27;18,19,37,28,34,4;2,18,4,7,0;8,32,36,1,27;13,26,27,38,5;12,26,16,40,5;6,24,22,15,23;32,36,22,14,23;22,29,40,13,26,1,36;0,2,39,30,35,3;2,10,4,9,19,25;9,18,25,33,37;21,28,34,7,0,3;28,37,6,24,35,3,20;30,35,24,14,15,36,16,29;6,14,15,32,8,37;21,35,22,14,6;18,19,33,38,2;12,13,16,1,27;12,38,33,37,8,11,1,26;21,37,9,34,20;16,22,30,31,40;22,35,17,39,31,29;29,40,5,39,30;15,36,11,8,23;19,25,38,27,37;7,20,28,9,4;3,21,24,22,30,17;15,32,11,1,16,22;21,28,9,19,33,27,8,23,6;25,33,27,12,5,39,2;5,31,30,17,2,38;29,31,5,13,16
sphere5_s7103_62 47 2,10,29,3,24,17,44;19,28,27,41,4,15,12,22;10,41,12,18,45,44,0;7,15,29,0,24;10,41,1,15,29;27,28,14,37,34,20,40;33,35,37,14,31;3,15,12,8,24;7,24,17,23,25,46,12;44,45,39,25,23;4,41,2,0,29;42,43,16,37,35;22,40,27,41,2,18,46,8,7,15,1;22,38,33,35,40;21,31,6,37,5,28,19;3,7,12,1,4,29;11,37,34,30,43;8,24,0,44,23;2,12,46,39,45;1,28,14,21,22;32,36,34,5,40;14,31,38,22,19;12,40,13,38,21,19,1;17,44,9,25,8;3,7,8,17,0;9,39,46,8,23;42,43,30,36,32;5,28,1,41,12,40;1,19,14,5,27;4,10,0,3,15;26,43,16,34,36;14,21,38,33,6;40,42,26,36,20;6,35,13,38,31;16,37,5,20,36,30;6,33,13,40,42,11,37;26,30,34,20,32;6,35,11,16,34,5,14;21,31,33,13,22;9,25,46,18,45;12,22,13,35,42,32,20,5,27;4,10,2,12,27,1;26,43,11,35,40,32;26,42,11,16,30;9,45,2,0,17,23;9,44,2,18,39;8,12,18,39,25
sphere5_s7103_63 42 12,24,38,10,41,6;2,31,34,21,39;16,25,7,33,18,31,1,39,19,8;30,40,24,38,13;14,29,36,12,24;18,33,28,10,41;17,20,41,0,12,36;2,33,26,35,25;19,27,32,16,2;20,23,40,30,37,21,34,22;28,38,0,41,5;15,30,37,39,19,27;0,24,4,36,6;25,35,38,3,30,15,32,16;23,40,24,4,29;11,30,13,32,27;2,25,13,32,8;6,20,23,29,36;2,31,41,5,33;8,27,11,39,2;9,23,17,6,41,22;9,37,39,1,34;31,41,20,9,34;9,20,17,29,14,40;0,12,4,14,40,3,38;2,16,13,35,7;7,33,28,38,35;8,19,11,15,32;10,38,26,33,5;4,14,23,17,36;11,15,13,3,40,9,37;2,18,41,22,34,1;13,15,27,8,16;5,18,2,7,26,28;1,31,22,9,21;13,25,7,26,38;4,12,6,17,29;11,30,9,21,39;10,28,26,35,13,3,24,0;2,19,11,37,21,1;14,23,9,30,3,24;22,31,18,5,10,0,6,20
sphere5_s7103_64 41 17,32,40,38,5;24,29,4,14,33;20,34,13,10,37,30,15;25,39,31,17,32;21,23,28,29,1,14;17,24,29,38,0;24,31,39,29,33;14,19,15,30,29;11,30,28,23,35,18;25,40,38,29,39;2,13,27,26,37;8,30,37,26,18;16,22,21,19,15,20;34,36,27,10,2;7,19,21,4,1,33,29;12,19,7,30,2,20;20,34,36,22,12;0,32,3,31,24,5;8,35,27,26,11;12,21,14,7,15;16,34,2,15,12;12,19,14,4,23,22;12,16,36,23,21;35,36,22,21,4,28,8;6,31,17,5,29,1,33;3,39,9,40,32;11,37,10,27,18;13,36,35,18,26,10;8,30,29,4,23;1,24,5,38,9,39,6,33,14,7,30,28,4;8,11,37,2,15,7,29,28;6,24,17,3,39;0,17,3,25,40;6,24,1,14,29;16,20,2,13,36;8,18,27,36,23;13,34,16,22,23,35,27;11,30,2,10,26;9,40,0,5,29;3,25,9,29,6,31;9,25,32,0,38
sphere5_s7103_65 47 33,42,11,32,13,26;7,29,43,13,26;15,28,44,18,27;15,28,39,46,20;11,12,10,25,38;9,16,19,23,22;8,36,21,10,14;29,35,30,33,26,1;6,36,41,38,40,35,14;5,16,21,36,41,34,22;17,21,6,14,12,4,25;0,32,12,4,38,40,42;4,11,32,14,10;0,32,43,1,26;8,35,29,43,32,12,10,6;2,28,3,20,27;19,31,21,9,5;10,21,31,37,44,39,45,25;37,44,2,27,24;16,31,37,23,5;24,46,3,15,27;10,17,31,16,9,36,6;23,46,34,9,5;22,46,24,37,19,5;18,37,23,46,20,27;41,45,17,10,4,38;1,13,0,33,7;18,24,20,15,2;39,44,2,15,3;7,35,14,43,1;35,40,42,33,7;17,21,16,19,37;0,11,12,14,43,13;0,42,30,7,26;41,45,46,22,9;7,29,14,8,40,30;6,8,41,9,21;18,44,17,31,19,23,24;25,41,8,40,11,4;28,44,17,45,46,3;30,35,8,38,11,42;34,45,25,38,8,36,9;0,33,30,40,11;1,29,14,32,13;28,39,17,37,18,2;34,41,25,17,39,46;22,23,24,20,3,39,45,34
sphere5_s7103_66 45 15,31,30,14,19;22,41,17,31,43,6;26,35,16,6,43;28,40,39,38,24,13;25,34,9,10,37,16,35;12,33,20,21,9,34,18,19,32;2,16,37,22,1,43;43,44,13,42,27;23,36,29,33,20;5,21,10,4,34;23,37,4,9,21;14,40,28,42,27,30;5,33,29,41,32;3,24,44,7,42,28;19,40,11,30,0;17,31,0,19,32;2,6,37,4,35;32,41,1,31,15;19,39,38,34,5;18,39,40,14,0,15,32,5;5,21,23,8,33;5,20,23,10,9;1,41,36,23,37,6;10,37,22,36,8,20,21;3,13,44,26,25,38;4,34,38,24,26,35;2,35,25,24,44,43;31,43,7,42,11,30;3,40,11,42,13;36,41,12,33,8;0,14,11,27,31;27,43,1,17,15,0,30;17,41,12,5,19,15;5,12,29,8,20;4,25,38,18,5,9;2,26,25,4,16;29,41,22,23,8;10,23,22,6,16,4;3,39,18,34,25,24;18,19,40,3,38;19,39,3,28,11,14;17,32,12,29,36,22,1;13,28,11,27,7;7,44,26,2,6,1,31,27;7,43,26,24,13
sphere5_s7103_67 43 5,39,12,14,7;10,24,30,22,17;16,29,42,31,15;27,41,18,30,24;19,23,21,25,40;16,39,0,7,29;24,35,13,20,27;29,42,32,14,0,5;22,37,26,16,15,17;28,36,34,10,35,13;1,24,35,9,34,11,17;10,17,31,33,34;0,39,18,23,14;6,20,28,9,35;7,32,19,23,12,0;17,31,2,16,8;8,15,2,29,5,39,26;15,31,11,10,1,22,8;26,37,30,3,41,21,23,12,39;4,23,14,32,38,40;25,27,6,13,28;4,23,18,41,25;8,37,30,1,17;4,19,14,12,18,21;1,10,35,6,27,3,30;4,21,41,27,20,28,36,33,40;18,37,8,16,39;20,25,41,3,24,6;9,36,25,20,13;7,42,2,16,5;22,37,18,3,24,1;15,17,11,33,42,2;38,42,7,14,19;25,36,34,11,31,42,38,40;9,36,33,11,10;10,24,6,13,9;9,28,25,33,34;8,22,30,18,26;32,42,33,40,19;18,26,16,5,0,12;19,38,33,25,4;25,27,3,18,21;7,29,2,31,33,38,32
sphere5_s7103_68 45 4,41,10,36,34;24,42,39,7,35;8,12,23,18,28;11,24,40,27,10;0,41,44,26,34;38,43,28,13,37;12,31,44,17,32,25;22,39,1,35,32;2,12,25,43,28;18,23,10,37,13;31,41,0,36,11,3,27,38,37,9,23;3,24,16,36,10;2,8,25,6,31,23;18,28,5,37,9;19,20,22,39,42,29;24,35,17,30,16;15,24,11,36,34,26,30;32,35,15,30,44,6;9,23,2,28,13;14,20,33,21,27,29;14,19,33,32,22;38,43,25,33,19,27;14,20,32,7,39;9,18,2,12,31,10;15,35,1,42,40,3,11,16;32,33,21,43,8,12,6;4,44,30,16,34;19,21,38,10,3,40,29;5,43,8,2,18,13;14,19,27,40,42;15,16,26,44,17;10,41,44,6,12,23;25,33,20,22,7,35,17,6;25,32,20,19,21;0,4,26,16,36;15,24,1,7,32,17;0,34,16,11,10;9,10,38,5,13;5,43,21,27,10,37;7,22,14,42,1;27,29,42,24,3;0,4,44,31,10;29,40,24,1,39,14;5,38,21,25,8,28;4,26,30,17,6,31,41
sphere5_s7103_69 44 5,12,6,42,27;3,13,43,14,17;9,11,8,41,7;13,24,6,12,19,17,1;39,40,34,36,18;0,12,29,25,27;3,24,35,32,21,42,0,12;28,33,41,2,9;15,30,41,2,11,19,22;2,11,17,14,28,7;16,31,35,32,26;2,9,17,19,8;0,5,29,38,19,3,6;3,24,31,16,43,1;36,43,1,17,9,28,34;8,30,39,18,22;10,31,13,43,23,37,26;9,14,1,3,19,11;15,39,4,36,22;8,22,23,38,12,3,17,11;25,27,42,21,26;26,32,6,42,20;8,19,23,36,18,15;16,37,38,19,22,36,43;3,13,31,35,6;29,37,26,20,27,5;21,32,10,16,37,25,20;0,42,20,25,5;9,14,34,40,33,7;25,37,38,12,5;8,15,39,40,33,41;10,16,13,24,35;21,26,10,35,6;30,41,7,28,40;14,36,4,40,28;6,24,31,10,32;14,43,23,22,18,4,34;25,29,38,23,16,26;12,29,37,23,19;4,40,30,15,18;4,39,30,33,28,34;30,33,7,2,8;0,27,20,21,6;14,36,23,16,13,1
sphere5_s7103_70 50 10,49,13,47,4,22,34;2,20,38,23,39;1,20,19,8,39;11,44,31,18,7;0,47,27,32,21,8,39,23,22;7,48,26,27,47,13,45;18,24,29,13,45;5,48,20,11,3,18,45;2,39,4,21,19;13,29,43,37,49;0,49,37,46,33,34;38,41,44,3,7,20;25,36,30,43,46,33;9,29,6,45,5,47,0,49;34,40,41,25,33;31,42,30,35,18;21,32,26,48,17;20,48,16,21,19;24,35,15,31,3,7,45,6;17,21,8,2,20;1,2,19,17,48,7,11,38;16,32,4,8,19,17;34,40,28,23,4,0;22,28,38,1,39,4;18,35,43,29,6;36,44,41,14,33,12;5,48,16,32,27;4,47,5,26,32;22,23,38,41,40;9,13,6,24,43;36,42,15,35,43,12;15,42,44,3,18;16,21,4,27,26;14,34,10,46,12,25;22,40,14,33,10,0;18,24,43,30,15;30,42,44,25,12;43,46,10,49,9;11,41,28,23,1,20;1,23,4,8,2;22,34,14,41,28;11,38,28,40,14,25,44;30,36,44,31,15;37,46,12,30,35,24,29,9;11,41,25,36,42,31,3;5,7,18,6,13;37,43,12,33,10;0,4,27,5,13;5,7,20,17,16,26;0,10,37,9,13
sphere5_s7103_71 48 4,23,24,47,35;10,15,8,26,3;25,30,6,3,10,36;6,26,1,10,2;0,23,41,20,38,34,31,35;27,33,36,25,40,45,39,13;3,26,12,30,2;37,46,29,28,35,47,16;15,21,34,38,17,26,1;22,23,39,13,43,18,19;1,15,36,2,3;22,44,14,24,23;20,41,40,30,6,26,17;9,43,27,5,39;24,47,16,44,11;8,21,33,36,10,1;14,47,7,37,32,44;8,38,20,12,26;9,19,46,29,43;9,18,46,37,32,22;12,41,4,38,17;8,15,33,42,34;9,23,11,44,32,19;0,4,41,45,39,9,22,11,24;0,23,11,14,47;2,30,40,5,36;1,8,17,12,6,3;29,43,13,5,33,42;31,42,29,7,35;27,43,18,46,7,28,42;2,25,40,12,6;28,42,34,4,35;19,37,16,44,22;5,27,42,21,15,36;31,42,21,8,38,4;28,31,4,0,47,7;2,10,15,33,5,25;7,46,19,32,16;8,34,4,20,17;23,45,5,13,9;12,41,45,5,25,30;12,20,4,23,45,40;28,31,34,21,33,27,29;27,29,18,9,13;11,22,32,16,14;23,39,5,40,41;7,37,19,18,29;14,24,0,35,7,16
sphere5_s7103_72 43 11,30,12,36,2;4,8,23,17,5;16,36,0,11,31,10;6,27,7,25,13;13,22,8,1,5,39;1,4,39,38,17;28,37,13,3,27,20,35,31;9,25,3,27,33;1,4,22,15,23;7,25,38,24,33;28,31,2,16,40,26,15,14;0,30,35,31,2;29,36,0,30,19;4,22,37,6,3,25,39;10,15,22,37,28;8,23,26,10,14,22;2,36,29,34,42,24,40,10;24,41,23,1,5,38;20,21,34,42,32;21,34,29,12,30,35;18,21,35,6,27,33,32;18,20,35,19,34;4,13,37,14,15,8;8,15,26,41,17,1;17,41,40,16,42,32,33,9,38;38,39,13,3,7,9;10,15,23,41,40;7,33,20,6,3;10,31,6,37,14;12,36,16,34,19;0,11,35,19,12;10,28,6,35,11,2;24,33,20,18,42;7,27,20,32,24,9;19,21,18,42,16,29;6,31,11,30,19,21,20;12,29,16,2,0;6,28,14,22,13;25,39,5,17,24,9;25,38,5,4,13;10,26,41,24,16;17,24,40,26,23;16,34,18,32,24
sphere5_s7103_73 41 10,21,35,6,14,12,30;22,32,16,18,9;7,22,9,31,13,23;15,28,34,36,17;6,25,26,40,35;23,24,16,18,30,37,13;4,25,14,0,35;2,22,32,24,23;11,15,28,40,35;2,22,1,18,12,33,38,19,39,31;0,21,29,17,19,30;15,29,21,35,8;14,20,33,9,18,30,0;5,23,2,31,37;20,25,6,0,12;17,29,11,8,28,3;1,18,5,24,32;15,29,10,19,38,36,3;1,16,5,30,12,9;9,38,17,10,30,39;14,25,26,27,33,12;0,10,29,11,35;1,32,7,2,9;5,24,7,2,13;5,23,7,32,16;4,6,14,20,26;4,40,27,20,25;26,40,34,33,20;3,15,8,40,34;15,17,10,21,11;19,39,37,5,18,12,0,10;2,9,39,37,13;1,22,7,24,16;20,27,34,36,38,9,12;3,28,40,27,33,36;4,40,8,11,21,0,6;17,38,33,34,3;31,39,30,5,13;17,36,33,9,19;19,30,37,31,9;4,35,8,28,34,27,26
sphere5_s7103_74 44 9,37,17,25,35,38;4,12,36,18,34;14,34,18,42,31,8,9,37;6,30,19,32,11;1,12,26,14,34;21,40,15,10,7;28,30,3,11,41;28,43,10,5,21,41;9,25,17,31,2;0,37,2,8,25,29,38;5,15,13,23,43,7;6,41,20,32,3;16,26,4,1,36;15,33,27,23,10;2,34,4,26,37;33,40,5,10,13;12,26,37,22,39,36;0,25,8,31,37;2,42,39,36,1,34;27,38,35,30,3,32,24;21,41,11,32,40;5,40,20,41,7;31,37,16,39,42;27,35,43,10,13;32,40,33,27,19;29,35,0,17,8,9;12,16,37,14,4;23,35,29,38,19,24,33,13;7,43,30,6,41;25,35,27,38,9;6,28,43,35,19,3;22,37,17,8,2,42;24,40,20,11,3,19;15,40,24,27,13;2,14,4,1,18;25,29,27,23,43,30,19,38,0;1,18,39,16,12;0,9,2,14,26,16,22,31,17;27,29,9,0,35,19;18,42,22,16,36;15,33,24,32,20,21,5;20,21,7,28,6,11;2,18,39,22,31;7,28,30,35,23,10
sphere5_s7103_75 45 29,33,41,43,11;36,40,7,21,6,10;10,36,13,37,35;5,20,26,12,4;3,12,23,14,39,5;20,28,42,30,39,4,3;16,35,10,1,21;19,40,1,21,27,44,23;32,37,31,15,9,22;15,18,25,22,8;1,6,35,2,36;32,37,16,43,0,29;3,4,23,19,26;17,38,36,2,37,31;39,41,44,23,4;9,18,17,31,8;6,35,37,11,43,21;13,38,18,15,31;9,15,17,38,25;24,40,7,23,12,26;5,28,22,25,38,24,26,3;27,43,16,6,1,7;9,25,20,28,32,8;12,19,7,44,14,4;19,40,38,20,26;9,22,20,38,18;19,24,20,3,12;21,43,41,44,7;5,20,22,32,42;0,33,34,32,11;5,39,33,34,42;15,17,13,37,8;8,37,11,29,34,42,28,22;0,29,34,30,39,41;30,33,29,32,42;6,16,37,2,10;1,40,38,13,2,10;8,32,11,16,35,2,13,31;13,17,18,25,20,24,40,36;5,30,33,41,14,4;1,36,38,24,19,7;27,44,14,39,33,0,43;32,34,30,5,28;21,27,41,0,11,16;27,41,14,23,7
sphere5_s7103_76 43 7,34,14,25,5,4;2,29,36,12,27,8;1,29,6,19,32,18,8;14,30,31,23,34;7,17,41,42,5,0;15,25,0,4,42,21,38,13;10,19,2,29,28;4,17,35,39,23,34,0;21,38,27,1,2,18,33;37,39,35,11,24;16,22,19,6,28;24,26,41,17,35,9;16,22,32,13,27,1,36;5,38,27,12,32,18,15;3,30,25,0,34;31,40,18,13,5,25,30;12,22,10,28,36;4,7,35,11,41;2,8,33,20,40,15,13,32;2,32,22,10,6;37,39,40,18,33;5,38,8,33,37,24,26,42;12,16,10,19,32;31,39,7,34,3;21,26,11,9,37;5,15,30,14,0;41,42,21,24,11;8,38,13,12,1;16,36,29,6,10;1,2,6,28,36;3,14,25,15,31;23,39,40,15,30,3;2,19,22,12,13,18;8,21,37,20,18;3,14,0,7,23;9,39,7,17,11;16,28,29,1,12;9,39,20,33,21,24;5,21,8,27,13;9,37,20,40,31,23,7,35;15,31,39,20,18;26,42,4,17,11;26,41,4,5,21
sphere5_s7103_77 49 2,29,46,18,14;15,42,7,24,35;0,29,16,9,14;17,41,43,6,20;30,47,44,5,27;4,27,43,37,44;19,43,3,20,13,32;30,32,33,42,1,24,28;17,36,39,13,20;26,45,16,2,14;16,29,38,21,44,37;25,41,21,38,46;22,33,42,15,23;8,39,33,32,6,20;0,2,9,26,18;31,35,1,42,12,23;10,29,2,9,45,37;8,36,40,41,3,20;25,26,14,0,46;27,43,6,32,30;8,17,3,6,13;40,41,11,38,10,44,48,24,34;36,40,23,12,33,39;12,22,40,31,15;1,7,28,48,21,34,35;11,41,43,26,18,46;9,45,43,25,18,14;4,5,43,19,30;30,47,48,24,7;0,2,16,10,38,46;7,32,19,27,4,47,28;34,40,23,15,35;7,30,19,6,13,33;12,22,39,13,32,7,42;31,40,21,24,35;15,31,34,24,1;8,17,40,22,39;5,44,10,16,45,43;10,29,46,11,21;8,13,33,22,36;21,41,17,36,22,23,31,34;11,25,43,3,17,40,21;12,33,7,1,15;19,27,5,37,45,26,25,41,3,6;5,37,10,21,48,47,4;16,37,43,26,9;0,18,25,11,38,29;4,30,28,48,44;21,24,28,47,44
sphere5_s7103_78 42 22,28,12,9,27;9,13,34,15,12;5,21,6,24,32;16,20,11,36,39,31,18,19,22;12,28,7,25,15;11,20,32,2,21;21,36,39,17,24,2;10,29,28,4,25;29,30,23,37,10;1,13,27,0,12;7,29,8,37,18,19,14,25;5,20,3,36,21;4,28,0,9,1,15;1,9,27,14,34;19,27,13,34,25,10;4,25,34,1,12;3,20,32,24,22;35,39,6,24,22,28,40,41;26,37,10,19,3,31;14,27,22,3,18,10;3,16,32,5,11;6,36,11,5,2;3,16,24,17,28,0,27,19;30,40,38,37,8;17,22,16,32,2,6;10,14,34,15,4,7;18,37,33,35,31;14,19,22,0,9,13;4,12,0,22,17,40,30,29,7;7,10,8,30,28;23,40,28,29,8;3,39,35,26,18;5,20,16,24,2;35,41,38,37,26;14,25,15,1,13;17,39,31,26,33,41;6,21,11,3,39;18,26,33,38,23,8,10;33,37,23,40,41;17,35,31,3,36,6;23,30,28,17,41,38;33,35,17,40,38
sphere5_s7103_79 50 37,44,29,42,8;13,45,49,47,24,23;14,34,32,33,8,25;17,49,45,48,22;34,35,31,38,42,5,48,18,39;45,48,4,42,30,13;31,38,7,9,16;36,42,38,6,9,26;19,27,25,2,33,30,42,0,37;6,16,40,26,7;15,28,46,44,29;12,22,18,39,23,24;11,22,17,47,24;1,45,5,30,23;2,34,35,43,25;28,36,42,29,10;6,9,40,20,31;3,49,47,12,22;11,22,48,4,39;20,27,8,37,21,26,40;19,27,43,31,16,40;26,41,46,37,19;11,12,17,3,48,18;30,33,32,39,11,24,1,13;12,47,1,23,11;27,43,14,2,8;21,41,36,7,9,40,19;19,20,43,25,8;41,46,10,15,36;15,42,0,44,10;23,33,8,42,5,13;35,43,20,16,6,38,4;2,33,23,39,34;2,32,23,30,8;2,14,35,4,39,32;31,43,14,34,4;15,28,41,26,7,42;0,44,46,21,19,8;6,31,4,42,7;4,34,32,23,11,18;19,20,16,9,26;21,26,36,28,46;7,36,15,29,0,8,30,5,4,38;31,35,14,25,27,20;0,37,46,10,29;1,13,5,48,3,49;28,41,21,37,44,10;12,24,1,49,17;5,45,3,22,18,4;3,17,47,1,45
