sphere5_s7104_0 57 43,51,45,11,47,10;17,29,5,4,48;7,40,19,39,17;22,24,32,26,28;30,49,48,1,5,35;15,29,1,4,35;19,53,52,43,51;48,49,40,2,17;22,28,52,12,56;26,36,27,16,54;27,37,43,0,47;18,45,0,47,36;33,56,8,52,34,31;28,38,14,42,46;16,50,42,13,38;20,35,5,29,25;37,50,14,38,54,9,27;1,29,39,2,7,48;23,34,19,45,11,36;6,53,20,25,39,2,40,30,34,18,45,51;30,35,15,25,19,53;24,44,33,56,22;8,28,3,24,21,56;18,34,31,44,55,36;21,44,55,32,3,22;29,39,19,20,15;9,36,32,3,28,54;10,37,16,9,36,47;13,38,54,26,3,22,8,52,46;1,17,39,25,15,5;4,49,40,19,34,52,53,20,35;12,34,23,44,33;26,36,55,24,3;12,56,21,44,31;18,23,31,12,52,30,19;20,30,4,5,15;18,23,55,32,26,9,27,47,11;16,50,41,43,10,27;13,28,54,16,14;25,29,17,2,19;2,7,49,30,19;42,46,43,37,50;41,46,13,14,50;0,51,6,52,46,41,37,10;23,55,24,21,33,31;11,18,19,51,0;41,42,13,28,52,43;27,36,11,0,10;7,49,4,1,17;7,48,4,30,40;16,37,41,42,14;0,43,6,19,45;28,46,43,6,53,30,34,12,8;6,19,20,30,52;9,26,28,38,16;23,44,24,32,36;12,33,21,22,8
sphere5_s7104_1 56 25,43,53,48,47;46,55,41,6,7;36,37,50,27,15;12,39,32,28,38,26;9,36,45,11,30,44,39;47,48,33,15,36,41,42,17;24,40,42,41,1,7,38;20,46,1,6,38,28;24,26,12,54,31;4,36,37,22,39;29,34,11,51,35;10,51,30,4,45,34;3,39,17,54,8,26;41,52,23,21,55;19,43,53,16,27,50;27,33,5,36,2;14,53,48,33,27;25,47,5,42,49,54,12,39;35,51,30,44,32;14,43,25,22,37,50;21,46,7,28,32,23;20,46,55,13,23;19,37,9,39,25;29,32,20,21,13,52;6,40,31,8,26,38;0,43,19,22,39,17,47;24,38,3,12,8;15,33,16,14,50,2;3,38,7,20,32;23,32,35,10,34,52;4,44,18,51,11;24,40,49,54,8;23,29,35,18,44,39,3,28,20;15,27,16,48,5;45,52,29,10,11;18,51,10,29,32;4,9,37,2,15,5,41,52,45;2,36,9,22,19,50;3,28,7,6,24,26;3,12,17,25,22,9,4,44,32;6,24,31,49,42;13,52,36,5,42,6,1,55;17,49,40,6,41,5;0,25,19,14,53;4,39,32,18,30;34,52,36,4,11;20,21,55,1,7;17,25,0,48,5;16,53,0,47,5,33;17,42,40,31,54;2,27,14,19,37;18,35,10,11,30;34,45,36,41,13,23,29;14,16,48,0,43;17,49,31,8,12;1,46,21,13,41
sphere5_s7104_2 52 5,33,11,41,7,36,35,8;19,42,46,43,16;3,31,19,16,39;31,48,10,39,2;24,44,48,5,8,45;0,33,25,46,42,48,4,8;21,36,15,50,26;22,51,41,0,36,14;4,5,0,35,45;12,30,32,38,13;44,48,3,39,43;33,49,18,41,0;9,30,15,50,34,13;34,47,27,38,9,12;17,22,7,36,15,30;14,36,6,50,12,30;39,43,1,19,2;14,22,43,40,32,30;41,51,20,49,11;1,42,31,2,16;18,49,25,28,51;6,36,35,23,37,26;28,43,17,14,7,51;35,45,40,29,37,21;4,44,43,40,45;5,33,49,20,28,43,46;6,50,34,37,21;29,47,13,38,40;22,43,25,20,51;27,47,37,23,40;9,12,15,14,17,32;3,48,42,19,2;9,38,40,17,30;0,5,25,49,11;37,47,13,12,50,26;23,45,8,0,36,21;6,21,35,0,7,14,15;34,47,29,23,21,26;9,32,40,27,13;16,43,10,3,2;27,29,23,45,24,43,17,32,38;18,51,7,0,11;1,19,31,48,5,46;22,28,25,46,1,16,39,10,44,24,40,17;10,48,4,24,43;23,35,8,4,24,40;1,42,5,25,43;34,37,29,27,13;10,44,4,5,42,31,3;18,20,25,33,11;12,34,26,6,15;18,41,7,22,28,20
sphere5_s7104_3 58 16,23,25,34,14;4,17,35,48,49,38,29,39,25;23,50,54,36,33,16;40,45,53,29,38;1,17,5,54,50,25;20,21,54,4,17,47;22,24,56,15,52;32,43,46,55,44,27,12,14,34,18;43,46,57,30,41;30,57,51,37,11;11,53,18,32,41,30;45,53,10,30,9,37,28;14,16,33,27,7;44,55,37,28,48,35;12,16,0,34,7;42,56,6,52,17,35;12,14,0,23,2,33;1,4,5,47,52,15,35;39,53,10,32,7,34,25;54,56,24,26,21;5,21,26,31,47;5,20,26,19,54;6,24,26,31,52;2,50,25,0,16;6,22,26,19,56;1,39,18,34,0,23,50,4;19,24,22,31,20,21;35,42,36,33,12,7,44;48,49,40,45,11,37,13;1,39,53,3,38;9,57,8,41,10,11;22,26,20,47,52;7,43,41,10,18;12,16,2,36,27;18,25,0,14,7;27,42,15,17,1,48,13,44;2,33,27,42,54;13,28,11,9,51,55;1,49,40,3,29;1,25,18,53,29;28,45,3,38,49;32,43,8,30,10;54,56,15,35,27,36;8,46,7,32,41;13,55,7,27,35;11,53,3,40,28;8,43,7,55,51,57;5,17,52,31,20;28,49,1,35,13;1,38,40,28,48;2,23,25,4,54;9,37,55,46,57;22,31,47,17,15,6;11,45,3,29,39,18,10;42,56,19,21,5,4,50,2,36;13,44,7,46,51,37;42,54,19,24,6,15;9,30,8,46,51
sphere5_s7104_4 55 8,47,35,15,7,45,37;37,54,5,12,44;9,40,16,23,25,53;18,36,38,25,23;8,16,46,44,37;1,54,17,21,28,12;19,34,42,9,51,10;27,45,0,15,31,30;4,16,22,47,0,37;2,40,42,6,51,20,53;19,33,48,51,6;18,52,13,49,14,23;44,46,28,5,1;49,53,43,52,11;21,26,23,11,49,17;7,31,32,35,0;4,8,22,40,2,23,26,46;20,53,49,14,21,5,54;11,52,36,3,23;10,33,39,34,6;17,53,9,51,48,50,54;14,26,28,5,17;8,16,40,24,47;16,26,14,11,18,3,25,2;22,47,29,42,40;2,53,38,3,23;16,23,14,21,28,46;30,33,50,54,45,7;5,12,46,26,21;32,34,42,24,47,35;31,41,39,33,27,7;30,41,32,15,7;29,34,41,31,15,35;27,30,39,19,10,48,50;39,41,32,29,42,6,19;0,15,32,29,47;38,43,52,18,3;45,54,1,44,4,8,0;36,43,53,25,3;34,41,30,33,19;2,9,42,24,22,16;30,31,32,34,39;9,40,24,29,34,6;36,38,53,13,52;12,46,4,37,1;7,27,54,37,0;12,44,4,16,26,28;0,8,22,24,29,35;20,51,10,33,50;13,53,17,14,11;20,54,27,33,48;6,10,48,20,9;11,18,36,43,13;17,20,9,2,25,38,43,13,49;37,45,27,50,20,17,5,1
sphere5_s7104_5 54 25,26,7,49,35;24,42,52,38,25;14,33,8,3,10;8,41,47,44,29,10,2;18,19,21,44,22;17,23,15,26,38,36,11;35,49,28,37,34;31,49,0,26,15,9,27,13;33,39,41,3,2;32,43,27,7,15,19,50;2,3,29,48,14;5,36,30,51,17;39,45,16,40,22,47,41;16,45,27,7,31;2,33,43,32,48,10;7,26,5,23,37,28,19,9;12,40,31,13,45;5,23,53,20,51,11;22,40,31,19,4;21,50,9,15,28,49,31,18,4;17,51,46,35,53;19,50,29,44,4;12,47,44,4,18,40;5,17,53,34,37,15;42,51,46,25,1;24,46,35,0,26,38,1;0,25,38,5,15,7;7,9,43,33,45,13;6,37,15,19,49;21,50,48,10,3,44;42,52,36,11,51;19,49,7,13,16,40,18;9,43,14,48,50;8,39,45,27,43,14,2;23,53,35,6,37;6,49,0,25,46,20,53,34;38,52,30,11,5;6,28,15,23,34;36,52,1,25,26,5;12,45,33,8,41;12,16,31,18,22;3,8,39,12,47;30,52,1,24,51;9,32,14,33,27;4,22,47,3,29,21;12,39,33,27,13,16;24,25,35,20,51;12,22,44,3,41;32,50,29,10,14;6,35,0,7,31,19,28;19,21,29,48,32,9;17,20,46,24,42,30,11;36,38,1,42,30;17,20,35,34,23
sphere5_s7104_6 59 35,53,43,41,22,34,21;8,19,6,57,17,13,27;18,38,45,47,42,11;29,50,41,43,23;32,37,10,56,44,57;22,58,8,27,16;38,52,32,57,1,19,21,36,45;15,36,21,35,9,56;1,19,58,5,27;55,56,7,35,53;15,24,37,4,56;26,28,18,2,42,25;26,28,48,20,54;17,29,50,27,1;18,48,20,39,42;10,24,46,36,7,56;5,27,50,41,22;13,29,49,31,30,57,1;2,38,51,42,14,48,28,11;21,34,58,8,1,6;12,54,39,14,48;19,34,0,35,7,36,6;5,58,34,0,41,16;49,53,43,3,29;10,15,46,42,51,33,40,37;39,54,26,11,42;25,54,12,28,11;13,50,16,5,8,1;18,48,12,26,11;13,17,49,23,3,50;17,31,55,44,57;17,30,55,53,49;4,37,40,52,6,57;40,52,38,51,24;19,21,0,22,58;0,53,9,7,21;46,47,45,6,21,7,15;4,32,40,24,10;2,18,51,33,52,6,45;25,54,20,14,42;32,37,24,33,52;0,43,3,50,16,22;46,47,2,11,25,39,14,18,51,24;0,53,23,3,41;4,57,30,55,56;6,38,2,47,36;36,47,42,24,15;36,46,42,2,45;18,28,12,20,14;31,53,23,29,17;3,29,13,27,16,41;24,42,18,38,33;6,38,33,40,32;0,35,9,55,31,49,23,43;25,39,20,12,26;9,56,44,30,31,53;9,55,44,4,10,15,7;4,44,30,17,1,6,32;5,22,34,19,8
sphere5_s7104_7 57 21,36,32,23,29;2,38,47,51,12;1,38,42,46,39,9,43,12;14,55,47,51,52,50,44,45;34,35,29,13,44;11,52,50,33,24;12,51,52,11,43;37,46,42,14,16,15,25;40,49,53,25,37;11,43,2,39,24;27,30,26,17,54;5,52,6,43,9,24;6,51,1,2,43;4,44,45,21,29;3,55,42,7,16,45;48,53,25,7,16,36;14,45,21,36,15,7;41,54,10,26,56;22,53,49,41,29;28,35,34,30,27;26,56,49,50,44,30;0,36,16,45,13,29;31,53,18,29,23;31,32,0,29,22;33,39,9,11,5;7,37,8,53,15;20,56,17,10,30;10,30,19,28,54;19,35,41,54,27;0,21,13,4,35,41,18,22,23;34,44,20,26,10,27,19;23,32,48,53,22;23,31,48,36,0;40,50,5,24,39,46;4,35,19,30,44;19,28,41,29,4,34;0,21,16,15,48,32;7,46,40,8,25;47,55,42,2,1;24,33,46,2,9;33,50,49,8,37,46;28,35,29,18,49,56,17,54;2,46,7,14,55,38;9,11,6,12,2;4,34,30,20,50,3,45,13;13,44,3,14,16,21;7,37,40,33,39,2,42;38,55,3,51,1;15,53,31,32,36;40,50,20,56,41,18,53,8;33,40,49,20,44,3,52,5;6,12,1,47,3,52;5,11,6,51,3,50;22,31,48,15,25,8,49,18;17,41,28,27,10;38,47,3,14,42;20,26,17,41,49
sphere5_s7104_8 58 32,34,49,29,1;0,32,50,47,29;30,56,26,54,38;22,25,45,33,14,21;39,47,37,36,44;18,21,14,41,8,16;7,19,36,37,29;46,49,29,6,19,52;11,16,5,41,43;22,23,41,33,45,57;24,53,21,22,23;35,43,8,16,31;38,48,19,52,30;34,49,46,15,17;3,21,5,41,33;13,17,42,26,56,46;11,31,18,5,8;13,15,42,45,34;5,21,53,31,16;6,7,52,12,48,44,36;22,57,40,44,39;3,14,5,18,53,10,22;3,25,27,39,20,57,9,23,10,21;9,22,10,24,51,41;10,53,28,51,23;3,22,27,50,32,34,45;15,56,2,54,55,42;39,47,50,25,22;31,35,51,24,53;0,49,7,6,37,47,1;46,52,12,38,2,56;11,16,18,53,28,35;0,34,25,50,1;14,41,9,45,3;0,32,25,45,17,13,49;11,43,51,28,31;6,19,44,4,37;4,47,29,6,36;12,48,54,2,30;4,47,27,22,20,44;48,54,57,20,44;43,51,23,9,33,14,5,8;45,55,26,15,17;11,35,51,41,8;4,39,20,40,48,19,36;42,55,57,9,33,3,25,34,17;7,49,13,15,56,30,52;4,39,27,50,1,29,37;12,38,54,40,44,19;7,46,13,34,0,29;25,27,47,1,32;41,43,35,28,24,23;30,46,7,19,12;28,31,18,21,10,24;55,57,40,48,38,2,26;42,45,57,54,26;2,30,46,15,26;20,22,9,45,55,54,40
sphere5_s7104_9 58 12,54,15,30,43;15,54,23,56,29,38,21,53,31;10,36,42,19,38,21;4,44,33,13,37;3,44,24,20,37;26,55,27,25,9;35,49,11,53,45;43,52,35,45,10,12;23,50,18,34,56;15,25,5,26,22;12,36,2,21,53,45,7;6,53,31,25,49;0,54,51,36,10,7,43;28,40,14,37,3,33,50;13,40,16,38,29,20,37;1,54,0,30,17,22,9,25,31;19,38,14,40,47;15,22,41,46,30;34,39,57,50,8;16,38,2,42,47;4,24,48,56,29,14,37;1,53,10,2,38;15,17,41,26,9;8,50,51,54,1,56;39,48,20,4,44;9,15,31,11,49,27,5;5,55,41,22,9;5,55,32,49,25;13,40,47,42,36,51,50;14,20,56,1,38;0,43,46,17,15;1,53,11,25,15;41,52,35,49,27,55;44,57,50,13,3;39,48,56,8,18;6,49,32,52,7,45;12,51,28,42,2,10;3,4,20,14,13;16,19,2,21,1,29,14;34,48,24,44,57,18;13,28,47,16,14;32,52,46,17,22,26,55;19,47,28,36,2;7,52,46,30,0,12;3,4,24,39,57,33;10,53,6,35,7;17,41,52,43,30;16,19,42,28,40;34,39,24,20,56;6,35,32,27,25,11;8,23,51,28,13,33,57,18;12,36,28,50,23,54;32,41,46,43,7,35;1,31,11,6,45,10,21;1,15,0,12,51,23;5,26,41,32,27;8,23,1,29,20,48,34;33,44,39,18,50
sphere5_s7104_10 51 19,27,20,32,21,46;36,42,33,12,23;36,39,13,19,40;41,49,31,35,48,26;19,27,17,18,9,12,30,13;12,15,45,29,34,9;10,50,26,17,22,28;25,49,41,50,46;24,44,32,20,28;34,47,18,4,12,5;6,50,14,43,28;16,42,33,15,45;5,15,33,1,23,30,4,9;30,39,2,19,4;10,50,46,21,37,43;5,12,33,11,45;11,42,31,38,45;18,48,26,6,22,27,4;47,48,17,4,9;0,27,4,13,2,40,25,46;22,27,0,32,8,28;14,37,44,32,0,46;20,27,17,6,28;12,30,39,36,1;8,44,37,43,28;7,49,40,19,46;6,50,41,3,48,17;20,22,17,4,19,0;8,24,43,10,6,22,20;38,45,5,34,35;12,23,39,13,4;35,38,16,42,49,3;0,20,8,44,21;11,42,1,12,15;9,47,35,29,5;47,48,3,31,38,29,34;1,42,40,2,39,23;24,43,14,21,44;31,35,29,45,16;2,36,23,30,13;19,25,49,42,36,2;7,50,26,3,49;1,36,40,49,31,16,11,33;10,14,37,24,28;8,24,37,21,32;5,15,11,16,38,29;14,21,0,19,25,7,50;35,48,18,9,34;35,47,18,17,26,3;7,25,40,42,31,3,41;6,10,14,46,7,41,26
sphere5_s7104_11 59 35,48,27,29,55,58;55,58,52,56,3,4,24;23,39,29,55,13;47,56,1,4,36;7,24,1,3,36;40,42,51,7,8;38,57,18,20,31;4,24,51,5,8,36;46,47,36,7,5,40;19,52,25,12,14,17,27,26;32,40,34,41,43;14,41,44,15,12;11,15,22,25,9,14;21,23,2,55,24;11,41,17,9,12;22,30,54,44,11,12;37,50,28,35,48;9,27,20,31,49,34,41,14;27,29,57,6,20;9,52,28,50,26;17,27,18,6,31;24,51,31,38,23,13;15,30,45,25,12;2,39,38,21,13;21,51,7,4,1,55,13;45,47,56,52,9,12,22;9,27,37,50,19;9,17,20,18,29,0,48,37,26;16,50,19,52,35;2,55,0,27,18,57,39;15,22,45,46,54;49,51,21,38,6,20,17;10,40,46,33,43;32,43,53,54,46;17,49,42,40,10,41;16,48,0,58,52,28;8,47,3,4,7;16,50,26,27,48;6,57,39,23,21,31;2,23,38,57,29;10,32,46,8,5,42,34;11,14,17,34,10,43,53,44;5,40,34,49,51;32,33,53,41,10;11,41,53,54,15;25,47,46,30,22;8,47,45,30,54,33,32,40;8,46,45,25,56,3,36;16,35,0,27,37;31,51,42,34,17;16,37,26,19,28;21,24,7,5,42,49,31;9,19,28,35,58,1,56,25;33,43,41,44,54;30,46,33,53,44,15;2,29,0,58,1,24,13;3,47,25,52,1;6,38,39,29,18;1,55,0,35,52
sphere5_s7104_12 51 26,42,50,27,22,11;16,29,42,26,7;3,27,45,17,18;2,27,50,6,18;39,47,40,34,36;9,21,33,17,45,22,11,13;12,24,10,42,50,3,18,15;26,46,25,16,1;20,38,21,41,28;5,21,38,14,37,46,13;32,42,6,24,46;13,26,0,22,5;6,24,37,14,15;11,26,46,9,5;12,15,30,20,38,9,37;17,33,43,30,14,12,6,18;29,48,25,7,1;15,33,5,45,2,18;6,15,17,2,3;35,40,34,49,31,46;8,38,14,30,28;5,9,38,8,41,33;5,11,0,27,45;36,49,44,42,29;6,12,37,46,10;39,47,35,46,7,16,48;0,42,1,7,46,13,11;2,3,50,0,22,45;20,30,43,41,8;16,48,36,23,42,1;20,28,43,15,14;32,44,49,19,46;31,44,42,10,46;15,17,5,21,41,43;36,49,19,40,4;19,40,47,25,46;4,39,48,29,23,49,34;9,14,12,24,46;8,20,14,9,21;4,47,25,48,36;19,35,47,4,34;28,43,33,21,8;0,26,1,29,23,44,32,10,6,50;28,41,33,15,30;31,32,42,23,49;5,17,2,27,22;7,26,13,9,37,24,10,32,31,19,35,25;4,39,25,35,40;16,29,36,39,25;23,36,34,19,31,44;3,27,0,42,6
sphere5_s7104_13 57 19,31,50,53,17,35,6;21,24,25,3,22;23,46,47,41,56,26;5,36,22,1,25,50;19,55,45,29,38,31,50,6;3,36,34,53,50;24,35,0,19,4,50,25;10,33,49,27,37,32;15,39,48,41,47;13,38,29,18,10,32;7,33,18,9,32;24,35,17,43,21;23,46,15,30,33,18,51;9,38,19,14,32;32,37,55,19,13;8,39,30,12,46,47;28,48,40,44,42,51,52;34,53,0,35,11,43;12,33,10,9,29,51;31,38,13,14,55,4,6,0;44,55,27,49,54,40;1,24,11,43,22;3,36,43,21,1;12,46,2,26,51;1,21,11,35,6,25;3,50,6,24,1;51,52,56,2,23;7,49,20,55,37;16,48,41,56,52;42,45,4,38,9,18,51;39,54,33,12,15;19,38,4,50,0;14,37,7,10,9,13;7,10,18,12,30,54,49;5,36,43,17,53;11,24,6,0,17;3,5,34,43,22;14,32,7,27,55;19,31,4,29,9,13;30,54,48,8,15;16,44,20,54,48;2,47,8,48,28,56;29,45,44,16,51;11,21,22,36,34,17;20,55,45,42,16,40;29,42,44,55,4;12,23,2,47,15;2,41,8,15,46;16,28,41,8,39,54,40;7,27,20,54,33;3,5,53,0,31,4,6,25;16,52,26,23,12,18,29,42;16,51,26,56,28;5,50,0,17,34;30,39,48,40,20,49,33;20,44,45,4,19,14,37,27;2,41,28,52,26
sphere5_s7104_14 56 20,21,16,43,18,36,29;34,49,42,50,46,6,54,8,14,2;14,45,24,34,1;29,36,28,26,15;20,29,15,25,9,54,8,27,10,12,19,33;23,51,49,34,30,22;16,46,1,54,9;30,52,37,47,13;1,14,27,4,54;16,25,4,54,6;37,47,27,4,12;35,43,53,26,17;19,52,37,10,4;45,47,7,30,24;2,45,27,8,1;4,25,53,26,3,29;9,25,43,0,21,46,6;32,35,11,26,28;32,36,0,43,35;40,55,42,39,31,38,52,12,4,33;0,21,33,4,29;40,41,46,16,0,20,33;5,30,52,48,23;44,48,22,5,51;13,45,2,34,30;9,16,43,53,15,4;11,53,15,3,28,17;4,8,14,45,47,10;32,36,3,26,17;4,20,0,36,3,15;7,52,22,5,34,24,13;38,44,51,39,19;28,36,18,35,17;21,40,19,4,20;1,49,5,30,24,2;11,43,18,32,17;28,32,18,0,29,3;10,47,7,52,12;31,44,48,52,19;19,42,49,51,31;19,55,41,21,33;21,40,55,50,46;19,39,49,1,50,55;11,35,18,0,16,25,53;23,48,38,31,51;13,47,27,14,2,24;6,16,21,41,50,1;13,45,27,10,37,7;23,44,38,52,22;1,34,5,51,39,42;41,46,1,42,55;5,23,44,31,39,49;7,30,22,48,38,19,12,37;11,26,15,25,43;4,8,1,6,9;19,40,41,50,42
sphere5_s7104_15 56 15,45,17,38,37,20,44;5,25,9,35,36;7,49,22,32,39;6,49,7,42,8,54;13,47,43,15,44,46,14;6,54,31,55,25,1,36,51;5,54,3,49,51;40,42,3,49,2,39;14,31,54,3,42;11,52,25,1,35;44,46,31,55,50,53,32,20;24,35,9,52,21;24,29,32,53,21;4,47,19,42,14;8,31,46,4,13,42;4,44,0,45,43;17,38,26,18,30;16,38,0,45,27,48,33,30;16,30,41,23,26;20,47,13,42,40;32,39,40,19,47,37,0,44,10;50,52,11,24,12,53;2,49,51,28,29,32;34,37,26,18,41;12,29,28,35,11,21;1,5,55,50,52,9;16,38,37,23,18;37,47,43,45,17,48;24,29,22,51,36,35;12,24,28,22,32;33,41,18,16,17;8,14,46,10,55,5,54;20,39,2,22,29,12,53,10;30,41,34,48,17;23,37,48,33,41;11,24,28,36,1,9;1,5,51,28,35;27,47,20,0,38,26,23,34,48;16,17,0,37,26;20,32,2,7,40;7,42,19,20,39;30,33,34,23,18;7,40,19,13,14,8,3;4,47,27,45,15;4,15,0,20,10,46;0,15,43,27,17;10,44,4,14,31;4,13,19,20,37,27,43;17,33,34,37,27;2,7,3,6,51,22;21,52,25,55,10,53;5,6,49,22,28,36;21,50,25,9,11;10,32,12,21,50;5,6,3,8,31;5,31,10,50,25
sphere5_s7104_16 53 33,44,23,34,40;14,28,7,11,21;19,23,34,48,38,36;10,44,51,47,8,45;13,47,50,15,42,35,32;44,51,46,20,30;15,41,17,38,42;37,39,12,11,1,28;13,24,45,3,47;47,50,21,11,52;3,44,18,31,45;27,52,9,21,1,7,12,16;30,39,7,11,16,20;4,47,8,24,32;1,28,49,50,21;41,50,4,42,6;27,46,20,12,11;36,38,6,41,49,28;10,31,25,33,44;2,23,44,39,37,36;5,46,16,12,30;1,14,50,9,11;26,29,40,25,31,45,43;2,19,44,0,34;43,45,8,13,32;22,40,33,18,31;22,29,35,32,43;11,52,51,46,16;1,14,49,17,36,37,7;38,48,40,22,26,35;12,39,44,5,20;10,18,25,22,45;4,35,26,43,24,13;18,44,0,40,25;2,23,0,40,48;4,32,26,29,38,42;17,38,2,19,37,28;7,39,19,36,28;29,48,2,36,17,6,42,35;7,37,19,44,30,12;22,25,33,0,34,48,29;15,50,49,17,6;4,35,38,6,15;24,45,22,26,32;3,10,18,33,0,23,19,39,30,5,51;24,43,22,31,10,3,8;16,27,51,5,20;4,13,8,3,51,52,9,50;29,38,2,34,40;14,28,17,41,50;9,47,4,15,41,49,14,21;5,44,3,47,52,27,46;9,47,51,27,11
sphere5_s7104_17 58 22,26,37,52,30,15;39,57,38,12,50;8,50,47,4,13;14,25,43,21,48,44;13,40,42,23,47,2;8,13,40,14,25;44,54,16,55,31,48;34,56,22,18,12,50,8;5,13,2,50,7,34,35,43,25;53,56,24,17,19;27,35,43,26,37;41,49,20,55,31;38,46,33,18,7,50,1;4,40,5,8,2;3,25,5,40,54,44;17,24,22,0,30;6,55,20,40,54;15,24,9,19,30;22,29,36,33,12,7;45,53,9,17,30;28,40,16,55,11,49;32,41,48,3,43;0,26,29,18,7,56,24,15;42,57,39,47,4;15,17,9,56,22;3,14,5,8,43;0,22,29,43,10,37;10,35,51,53,45,52,37;20,40,42,46,33,36,49;18,22,26,43,32,36;0,52,45,19,17,15;41,48,6,55,11;21,41,36,29,43;28,46,12,18,36;51,56,7,8,35;10,27,51,34,8,43;29,32,41,49,28,33,18;10,27,52,0,26;12,46,42,57,1;1,57,23,47,50;20,28,42,4,13,5,14,54,16;11,49,36,32,21,48,31;23,57,38,46,28,40,4;26,29,32,21,3,25,8,35,10;6,54,14,3,48;27,53,19,30,52;12,38,42,28,33;23,39,50,2,4;3,21,41,31,6,44;20,28,36,41,11;1,39,47,2,8,7,12;34,56,53,27,35;0,30,45,27,37;51,56,9,19,45,27;6,44,14,40,16;11,20,16,6,31;34,51,53,9,24,22,7;23,42,38,1,39
sphere5_s7104_18 54 10,37,47,39,52;28,36,49,3,31,45,18;15,50,9,27,17,22;11,31,1,49,10;6,43,35,12,51;13,16,26,14,33,30;32,41,51,4,43;21,38,47,39,42,8;7,42,48,20,25,21;31,46,27,2,50;32,37,0,52,49,3,11,43;3,31,23,43,10;13,30,36,35,4,51;5,16,42,48,51,12,30;40,49,33,5,26;22,34,29,50,2;5,13,42,39,26;27,44,24,22,2;28,34,29,45,1;38,41,53,25,21;51,53,25,8,48;7,38,19,25,8;24,34,15,2,17;11,43,35,28,31;22,34,28,44,17;19,53,20,8,21;5,14,40,39,16;17,44,46,9,2;1,36,35,23,31,46,44,24,34,18;45,50,15,34,18;12,13,5,33,36;3,11,23,28,46,9,50,45,1;6,41,37,10,43;30,36,49,14,5;18,28,24,22,15,29;28,36,12,4,43,23;1,28,35,12,30,33,49;10,32,41,47,0;7,21,19,41,47;40,52,0,47,7,42,16,26;14,49,52,39,26;19,38,47,37,32,6,51,53;7,8,48,13,16,39;11,23,35,4,6,32,10;17,27,46,28,24;29,50,31,1,18;28,31,9,27,44;7,38,41,37,0,39;13,42,8,20,51;1,36,33,14,40,52,10,3;29,45,31,9,2,15;20,53,41,6,4,12,13,48;40,49,10,0,39;20,51,41,19,25
sphere5_s7104_19 59 32,36,12,2,56;47,58,46,28,13,23,21;0,56,29,54,12;18,57,26,11,44,24;10,43,21,50,7;23,33,45,48,22,41,37,19,21;25,40,31,10,7;6,10,4,50,25;46,58,38,18,24;27,29,56,30,18,16,41;14,16,31,6,7,4,43;13,26,3,44,28;48,54,2,0,36;11,26,23,1,28;10,16,35,42,43;21,47,53,49,55,50;10,14,35,41,9,18,38,53,49,34,51,31;25,40,20,39,50;45,57,3,24,8,38,16,9,30;21,43,42,37,5;17,39,51,31,40;15,47,1,23,5,19,43,4,50;27,41,5,48,54;5,33,26,13,1,21;44,46,8,18,3;17,40,6,7,50;11,13,23,33,57,3;9,29,54,22,41;11,13,1,46,44;9,27,54,2,56;9,18,45,32,56;10,16,51,20,40,6;0,36,45,30,56;5,23,26,57,45;16,49,55,52,51;37,41,16,14,42;45,48,12,0,32;19,42,35,41,5;16,53,47,58,8,18;50,52,51,20,17;17,25,6,31,20;35,37,5,22,27,9,16;19,37,35,14,43;10,14,42,19,21,4;24,46,28,11,3;5,48,36,32,30,18,57,33;24,44,28,1,58,8;15,21,1,58,38,53;5,45,36,12,54,22;16,34,55,15,53;39,52,55,15,21,4,7,25,17;16,34,52,39,20,31;39,50,55,34,51;16,38,47,15,49;27,29,2,12,48,22;15,50,52,34,49;0,2,29,9,30,32;18,45,33,26,3;8,46,1,47,38
sphere5_s7104_20 57 18,31,21,47,13,19,15;21,51,26,2,6,31;1,26,4,40,6;23,53,33,42,39,16;11,40,2,26,32;34,52,46,55,35,20;29,31,1,2,40;11,29,31,18,9;24,33,42,12,56;18,23,16,11,7;48,50,17,52,34;4,40,29,7,9,16,32;8,42,39,28,56;19,44,43,45,47,0;37,43,41,27,54;0,18,56,28,26,19;11,32,39,3,23,9;10,50,36,46,52;0,31,7,9,23,53,24,56,15;13,44,51,26,15,0;35,47,25,48,34,5;1,51,37,49,47,0,31;27,30,38,50,36;3,53,18,9,16;8,33,53,18,56;48,50,38,45,47,20;28,39,32,4,2,1,51,19,15;22,30,41,14,54,36;26,39,12,56,15;7,11,40,6,31;41,45,38,22,27;0,18,7,29,6,1,21;4,11,16,39,26;8,24,53,3,42;5,52,10,48,20;20,47,49,55,5;46,54,27,22,50,17;54,55,49,21,51,44,43,14;25,50,22,30,45;26,28,12,42,3,16,32;4,11,29,6,2;30,45,43,14,27;8,12,39,3,33;14,37,44,13,45,41;13,19,51,37,43;30,41,43,13,47,25,38;36,54,55,5,52,17;13,45,25,20,35,49,21,0;25,50,10,34,20;21,37,55,35,47;25,48,10,17,36,22,38;1,21,37,44,19,26;5,34,10,17,46;18,24,33,3,23;36,46,55,37,14,27;37,54,46,5,35,49;12,28,15,18,24,8
sphere5_s7104_21 54 2,38,11,13,22;8,48,47,10,5;0,38,39,19,47,10,22;21,35,39,19,48,8;28,44,34,25,45;8,40,22,10,1;7,24,50,12,14;6,24,17,27,51,53,14;5,40,42,21,3,48,1;15,18,23,11,31;5,22,2,47,1;23,49,38,0,13,31,9;25,34,50,6,14,26;31,43,30,22,0,11;6,7,53,26,12;9,18,46,43,31;29,46,52,28,45;24,28,52,32,27,7;9,15,46,32,33,23;47,48,3,39,2;51,53,26,29,37;3,35,43,42,8;30,40,5,10,2,0,13;9,18,33,35,49,11;17,28,44,50,6,7;4,34,12,26,45;29,45,25,12,14,53,20;32,41,51,7,17;17,24,44,4,45,16,52;16,46,37,20,26,45;22,40,42,43,13;13,43,15,9,11;17,52,46,18,33,41,27;32,41,35,23,18;4,44,50,12,25;3,21,43,36,41,33,23,49,39;37,46,43,35,41;36,46,29,20,51,41;0,2,39,49,11;3,35,49,38,2,19;22,30,42,8,5;32,33,35,36,37,51,27;30,43,21,8,40;30,42,21,35,36,46,15,31,13;4,28,24,50,34;26,29,16,28,4,25;16,29,37,36,43,15,18,32,52;19,48,1,10,2;3,8,1,47,19;11,23,35,39,38;34,44,24,6,12;20,53,7,27,41,37;17,28,16,46,32;20,51,7,14,26
sphere5_s7104_22 54 1,8,30,33,48;0,8,12,10,48;30,33,9,49,43;40,50,49,9,16;16,38,37,33,26,18,40;9,37,38,29,23,14;15,19,51,44,25;39,53,32,19,36;0,1,12,43,30;5,37,33,2,49,3,16,38,14;1,12,49,50,18,26,48;22,31,34,41,21;1,8,43,49,10;23,27,24,46,29;5,9,38,35,28,23;6,19,32,17,52,25;4,38,9,3,40;32,42,45,20,52,15;40,50,10,26,4;6,15,32,7,36,31,22,47,51;24,35,45,17,52;41,53,47,22,11;11,31,19,47,21;27,28,14,5,29,13;20,35,46,13,27,52;15,52,42,44,6;4,33,48,10,18;42,52,24,13,23,28,45;23,27,45,35,14;13,23,5,38,46;2,33,0,8,43;19,36,34,11,22;44,51,53,7,19,15,17,42;2,30,0,48,26,4,37,9;39,41,11,31,36;20,24,46,38,14,28,45;19,31,34,39,7;5,9,33,4,38;4,16,9,14,35,46,29,5,37;34,41,53,7,36;18,50,3,16,4;34,39,53,21,11;27,52,25,44,32,17,45;8,30,2,49,12;32,51,6,25,42;27,42,17,20,35,28;13,24,35,38,29;19,51,53,21,22;0,33,26,10,1;3,9,2,43,12,10,50;18,40,3,49,10;32,44,6,19,47,53;15,25,42,27,24,20,17;21,41,39,7,32,51,47
sphere5_s7104_23 53 9,35,12,11,43;16,25,5,28,47;26,30,46,36,34;8,43,41,44,24,18,42,45,27;33,52,10,34,40,31;15,50,38,25,1,28,19;15,19,39,18,24,49;26,34,20,14,16;13,23,27,3,43,9,17;0,35,17,8,43;4,52,51,36,34;0,43,41,27,23,48,12;32,35,0,11,48;8,23,48,32,17;16,47,29,20,7;6,19,5,50,49;1,25,26,7,14,47;9,35,32,13,8;6,24,3,42,39;6,15,5,28,39;34,40,29,14,7;39,42,37,33,31,29,47,28;45,50,38,30,46,51,52,37,42;8,13,48,11,27;6,18,3,44,49;1,16,26,38,5;16,25,38,30,2,34,7;41,44,49,45,3,8,23,11;21,39,19,5,1,47;31,40,20,14,47,21;2,26,38,22,46;29,40,4,33,21;12,35,17,13,48;37,52,4,31,21;20,40,4,10,36,2,26,7;0,9,17,32,12;10,51,46,2,34;33,52,22,42,21;26,30,22,50,5,25;21,42,18,6,19,28;20,34,4,31,29;27,44,3,43,11;21,39,18,3,45,22,37;0,11,41,3,8,9;27,41,3,24,49;22,50,49,27,3,42;22,51,36,2,30;1,28,21,29,14,16;13,23,11,12,32;6,24,44,27,45,50,15;5,15,49,45,22,38;22,46,36,10,52;33,37,22,51,10,4
sphere5_s7104_24 53 41,44,16,26,48;36,40,47,9,34,28;15,51,20,18,6;8,23,31,38,4;38,50,49,8,3;21,22,46,39,10;15,19,43,18,2;33,51,20,45,42,48;29,49,4,3,23;13,48,26,27,47,1,34;27,35,39,5,21;46,52,38,50,39;31,52,46,42,28,36;9,48,33,15,19,34;32,37,22,46,30;2,51,33,13,19,6;25,26,0,44,30,32;28,45,24,43,19;2,6,43,24,20;6,15,13,34,28,17,43;24,45,7,51,2,18;22,37,25,26,27,10,5;21,37,14,46,5;8,29,40,31,3;20,45,17,43,18;16,26,21,37,32;9,48,0,16,25,21,27;9,47,35,10,21,26;1,36,12,42,45,17,19,34;8,49,47,40,23;16,44,46,14,32;12,52,38,3,23,40,36;14,37,25,16,30;7,51,15,13,48;1,9,13,19,28;10,27,47,50,39;1,40,31,12,28;21,22,14,32,25;11,50,4,3,31,52;5,46,11,50,35,10;1,36,31,23,29,47;42,46,44,0,48;41,46,12,28,45,7,48;17,24,18,6,19;41,46,30,16,0;20,24,17,28,42,7;41,42,12,52,11,39,5,22,14,30,44;9,27,35,50,49,29,40,1;9,13,33,7,42,41,0,26;47,50,4,8,29;35,47,49,4,38,11,39;2,15,33,7,20;12,31,38,11,46
sphere5_s7104_25 58 7,55,52,3,22;2,35,51,9,14;1,35,10,37,14;23,28,52,0,22;38,39,11,6,30,23,47,21,50;28,52,55,21,47;4,11,15,29,16,30;0,55,17,31,13,22;12,40,37,24,17,44,18;19,43,14,1,51,42;31,32,37,2,35;4,6,15,53,46,39;8,40,15,53,26,41,18;30,32,31,7,22,23;37,43,9,1,2;29,40,12,53,11,6;29,37,32,30,6;31,42,19,24,8,44,50,55,7;8,44,57,41,12;9,43,24,17,42;46,48,45,38,39;4,50,55,5,47;7,13,23,3,0;3,28,47,4,30,13,22;17,19,43,37,8;33,57,36,27,34;33,56,45,48,53,12,41;25,34,54,49,36;5,52,3,23,47;16,37,40,15,6;6,16,32,13,23,4;17,42,51,35,10,32,13,7;10,31,13,30,16,37;25,57,41,26,56,34;33,56,54,27,25;1,2,10,31,51;38,49,27,25,57;16,29,40,8,24,43,14,2,10,32;4,39,20,45,49,36,57,50;4,38,20,46,11;8,12,15,29,37;18,57,33,26,12;17,31,51,9,19;9,19,24,37,14;8,18,57,50,17;49,54,56,26,48,20,38;20,48,53,11,39;23,28,5,21,4;20,46,53,26,45;45,54,27,36,38;44,57,38,4,21,55,17;9,42,31,35,1;5,28,3,0,55;46,48,26,12,15,11;34,56,45,49,27;0,7,17,50,21,5,52;33,34,54,45,26;25,33,41,18,44,50,38,36
sphere5_s7104_26 51 3,49,11,5,4;13,47,21,2,27,28;1,27,15,45,21;0,49,39,38,4;10,38,3,0,5,33;4,33,36,9,11,0;39,44,17,31,35;14,28,46,19,26,32,24,22;26,39,49,11,9;36,42,26,8,11,5;38,44,17,25,33,4;8,9,5,0,49;18,34,37,50,41;1,47,20,40,28;15,48,22,7,28,27;14,48,45,2,27;20,29,31,35,40;10,44,6,31,50,41,25;23,34,12,41,36;7,26,39,35,46;16,29,47,13,40;1,2,45,43,47;14,48,30,37,24,7;18,34,24,32,42,36;7,32,23,34,37,22;33,36,41,17,10;8,39,19,7,32,42,9;14,15,2,1,28;13,40,46,7,14,27,1;16,20,47,43,31;31,50,37,22,48,43;30,50,17,6,35,16,29,43;7,24,23,42,26;25,36,5,4,10;18,23,24,37,12;6,39,19,46,40,16,31;18,23,42,9,5,33,25,41;24,34,12,50,30,22;10,44,39,3,4;6,44,38,3,49,8,26,19,35;13,28,46,35,16,20;17,50,12,18,36,25;9,36,23,32,26;30,31,29,47,21,45,48;6,39,38,10,17;15,48,43,21,2;35,40,28,7,19;1,13,20,29,43,21;14,15,45,43,30,22;0,3,39,8,11;30,31,17,41,12,37
sphere5_s7104_27 57 15,29,39,23,55;16,41,28,3,19;24,53,54,47,6;4,28,1,19,11,20,7,40,46;31,52,46,3,28;9,37,15,34,38;23,47,2,24,8,30;20,23,33,40,3;24,51,45,30,6;5,37,36,42,38;27,48,22,49,56;19,36,21,20,3;17,44,39,23,26,43,16;22,35,50,17,48;29,44,50,35,34,15;5,34,14,29,0,55,21,37;19,36,25,48,17,12,43,41,1;12,44,50,13,48,16;53,54,33,32,45,51;16,36,11,3,1;21,55,23,7,3,11;20,55,15,37,36,11;13,35,49,10,48;7,20,55,0,39,12,26,30,6,47,33;8,51,53,2,6;36,42,27,48,16;32,43,12,23,30,45;25,48,10,56,38,42;3,4,31,41,1;14,44,39,0,15;26,45,8,6,23;4,52,43,41,28;43,52,46,40,33,18,45,26;7,23,47,54,18,32,40;5,15,14,35,49,56,38;14,50,13,22,49,34;16,19,11,21,37,9,42,25;5,9,36,21,15;34,56,27,42,9,5;12,23,0,29,44;3,7,33,32,46;31,43,16,1,28;25,36,9,38,27;32,52,31,41,16,12,26;14,29,39,12,17,50;18,32,26,30,8,51;3,4,52,32,40;6,23,33,54,2;25,27,10,22,13,17,16;34,56,10,22,35;14,35,13,17,44;8,24,53,18,45;4,31,43,32,46;18,54,2,24,51;18,53,2,47,33;20,21,15,0,23;34,38,27,10,49
sphere5_s7104_28 57 4,25,6,48,43,15;40,46,47,2,19;1,47,11,55,20,22,33,43,19;5,36,18,39,8;0,25,9,35,31,15;3,36,48,33,7,38,8;36,48,0,25,34;23,38,5,33,14;13,39,3,5,38,41;34,52,35,4,25;17,49,27,12,32;45,55,2,47,38,26;32,42,29,56,27,10;8,39,37,43,19,40,41;23,51,42,29,33,7;16,31,4,0,43;15,31,30,37,43;10,49,24,51,32;34,52,39,3,36;1,2,43,13,40;22,50,21,49,44,55,2;50,56,27,49,20;20,50,29,33,2;7,38,26,51,14;28,49,17,51,53;0,4,9,34,6;23,51,53,54,45,11,38;10,12,56,21,49;44,49,24,53,54;12,56,50,22,33,14,42;16,31,35,52,39,37;15,16,30,35,4;42,51,17,10,12;2,43,48,5,7,14,29,22;9,52,18,36,6,25;4,9,52,30,31;3,5,48,6,34,18;16,43,13,39,30;7,23,26,11,47,46,41,8,5;8,13,37,30,52,18,3;1,46,41,13,19;8,13,40,46,38;32,51,14,29,12;16,37,13,19,2,33,48,0,15;45,54,28,49,20,55;44,54,26,11,55;1,40,41,38,47;1,2,11,38,46;6,36,5,33,43,0;10,17,24,28,44,20,21,27;20,22,29,56,21;32,42,14,23,26,53,24,17;9,34,18,39,30,35;28,54,26,51,24;44,45,26,53,28;11,45,44,20,2;21,50,29,12,27
sphere5_s7104_29 58 2,20,8,26,25,19,3,31,39,32;6,12,47,10,30;0,20,22,13,7,48,32;19,45,11,31,0;29,57,26,36,51,42;13,18,28,23,22;30,53,48,12,1;2,13,18,55,14,53,48;0,20,12,36,26;35,41,56,43,49;1,30,14,21,44,47;3,31,27,34,45;33,40,48,6,1,47,20,8,36,51,54;2,7,18,5,22;7,53,30,10,21,55;16,24,34,27,50;15,24,52,29,42,56,50;45,52,29,57,25,19;5,13,7,55,28;3,45,17,25,0;0,2,22,44,47,12,8;28,55,14,10,44,23;2,13,5,23,44,20;5,28,21,44,22;45,52,16,15,34;0,26,57,17,19;8,36,4,57,25,0;11,31,39,35,41,50,15,34;5,23,21,55,18;4,57,17,52,16,42;6,53,14,10,1;3,11,27,39,0;0,39,46,48,2;12,40,38,37,54;24,45,11,27,15;9,41,27,39,38,49;12,51,4,26,8;33,54,43,49,38;39,46,40,33,37,49,35;0,32,46,38,35,27,31;12,33,38,46,48;50,56,9,35,27;54,56,16,29,4,51;37,54,56,9,49;22,23,21,10,47,20;3,19,17,52,24,34,11;32,48,40,38,39;12,20,44,10,1;32,46,40,12,6,53,7,2;37,38,35,9,43;41,56,16,15,27;12,36,4,42,54;24,45,17,29,16;6,30,14,7,48;42,56,43,37,33,12,51;21,28,18,7,14;42,54,43,9,41,50,16;4,29,17,25,26
sphere5_s7104_30 58 2,29,11,50,57;13,51,20,4,55;0,29,40,19,57;30,54,38,51,14;20,29,12,55,1;15,50,6,10,16;5,10,37,7,11,50;6,37,8,27,34,18,48,44,11;46,47,21,37,7,27;35,44,11,52,41,32,42,39;5,6,37,26,16;9,52,33,19,20,29,0,50,6,7,44;22,40,29,4,55;1,51,14,36,22,55;3,30,36,13,51;5,50,33,17,16;10,26,32,41,17,15,5;15,33,52,41,16;28,48,7,34,53,56,21,37;25,38,20,11,33,57,2,40;19,38,51,1,4,29,11;8,47,56,18,37;12,40,23,43,36,13,55;31,45,43,22,40,25;27,46,49,53,34;19,38,31,23,40;37,42,32,16,10;24,46,8,7,34;18,48,35,39,37;0,2,40,12,4,20,11;3,54,45,43,36,14;45,54,38,25,23;9,42,26,16,41;50,57,19,11,52,17,15;24,27,7,18,53;9,44,48,28,39;14,30,43,22,13;26,42,39,28,18,21,8,7,6,10;3,51,20,19,25,31,54;28,35,9,42,37;12,22,23,25,19,2,29;9,52,17,16,32;26,37,39,9,32;30,36,22,23,45;9,35,48,7,11;31,54,30,43,23;8,47,49,24,27;8,46,49,56,21;18,28,35,44,7;46,47,56,53,24;5,15,33,57,0,11,6;3,38,20,1,13,14;9,11,33,17,41;18,56,49,24,34;3,30,45,31,38;1,4,12,22,13;47,49,53,18,21;33,50,0,2,19
sphere5_s7104_31 58 23,26,5,56,34,51;25,30,15,22,21;8,14,53,30,15;19,54,44,21,17,57;15,22,17,57,29,48;0,26,16,40,56;20,23,10,37,7;28,52,37,6,20;14,47,48,15,2;16,52,50,14,26;23,26,53,37,6;13,33,40,16,36;42,49,52,28,46,51;11,33,38,31,36;47,50,9,26,53,2,8;8,48,4,22,1,30,2;49,52,9,26,5,40,11,36;21,22,4,57,3;27,45,35,42,49;3,54,39,29,57;6,23,46,28,7;3,44,25,1,22,17;4,15,1,21,17;10,26,0,51,46,20,6;34,56,33,38,35,42;1,30,53,37,55,44,21;10,23,0,5,16,9,14,53;18,45,31,36,49;7,52,12,46,20;4,48,43,32,39,19,57;1,25,53,2,15;13,36,27,45,38;29,43,37,55,39;11,13,38,24,56,40;24,56,0,51,42;38,45,18,42,24;13,31,27,49,16,11;6,7,52,41,43,32,55,25,53,10;35,45,31,13,33,24;19,29,32,55,54;11,16,5,56,33;43,47,50,52,37;18,35,24,34,51,12,49;41,47,48,29,32,37;3,21,25,55,54;35,38,31,27,18;20,28,12,51,23;14,50,41,43,48,8;8,15,4,29,43,47;16,52,12,42,18,27,36;14,47,41,52,9;0,23,46,12,42,34;16,49,12,28,7,37,41,50,9;25,30,2,14,26,10,37;3,19,39,55,44;25,44,54,39,32,37;24,34,0,5,40,33;4,29,19,3,17
sphere5_s7104_32 60 53,59,36,45,21,28;32,58,56,25,55;28,33,5,42,35;7,17,54,15,12,16;34,51,30,12,15,49;27,33,2,42,44,41,37,9;13,55,25,59,36;3,17,40,46,50,9,53,47,16;31,33,27,39,48;5,37,53,7,50,27;35,38,14,18,42;23,52,29,31,40;3,16,30,4,15;6,55,32,26,45,36;10,18,26,45,21,38;3,12,4,49,22,24,54;30,47,7,3,12;20,51,40,7,3,54,57;26,44,42,10,14;22,24,57,20,43;17,51,34,43,19,57;0,45,14,38,28;19,24,15,49,43;40,51,30,52,11;19,22,15,54,57;1,55,6,59,56;18,44,32,13,45,14;5,33,8,39,50,9;2,33,29,53,0,21,38,35;47,53,28,33,31,11,52;16,47,52,23,51,4,12;8,33,29,11,40,48;1,58,41,44,26,13,55;2,28,29,31,8,27,5;4,51,20,43,49;2,28,38,10,42;0,45,13,6,59;5,9,53,59,56,58,41;10,35,28,21,14;46,50,27,8,48;23,51,17,7,46,48,31,11;5,44,32,58,37;2,35,10,18,44,5;34,49,22,19,20;18,26,32,41,5,42;0,21,14,26,13,36;39,50,7,40,48;16,30,52,29,53,7;8,39,46,40,31;34,43,22,15,4;39,46,7,9,27;23,40,17,20,34,4,30;11,23,30,47,29;0,59,37,9,7,47,29,28;24,57,17,3,15;6,13,32,1,25;1,58,37,59,25;24,54,17,20,19;1,32,41,37,56;0,53,37,56,25,6,36
sphere5_s7104_33 53 43,44,34,31,8,19;23,25,36,37,45,46,10;8,12,49,40,31;24,47,51,7,14;21,23,6,18,17;26,44,16,15,9,29,38;43,44,16,23,4,18;36,51,3,14,37;2,12,21,17,19,0,31;33,50,29,5,15;1,46,41,35,20,23;22,45,46,41,28;2,8,21,23,49;26,44,34,28,22;37,45,38,39,24,3,7;16,30,48,33,9,5;6,44,5,15,30,23;4,21,8,19,18;4,6,43,19,17;18,43,0,8,17;34,42,23,10,35;4,23,12,8,17;11,45,26,13,28;4,21,12,49,42,20,10,1,25,32,30,16,6;39,50,27,47,3,14;47,51,36,1,23,32,52,27;5,44,13,22,45,38;25,52,33,50,24,47;11,41,35,34,13,22;38,39,50,9,5;16,23,32,48,15;34,40,2,8,0;23,25,52,48,30;48,52,27,50,9,15;20,42,40,31,0,44,13,28,35;20,34,28,41,10;25,51,7,37,1;1,36,7,14,45;29,39,14,45,26,5;29,38,14,24,50;31,34,42,49,2;11,28,35,10,46;20,34,40,49,23;6,44,0,19,18;6,43,0,34,13,26,5,16;11,22,26,38,14,37,1,46;11,45,1,10,41;25,51,3,24,27;33,52,32,30,15;2,12,23,42,40;24,39,29,9,33,27;25,47,3,7,36;33,48,32,25,27
sphere5_s7104_34 58 32,48,44,3,37;30,40,9,2,43;8,9,1,43,19;0,44,17,51,37;27,52,43,19,10;29,31,21,41,14,16;15,39,38,32,24,30,29,16;46,49,39,38,25,56;10,36,11,44,28,9,2,19;40,49,28,8,2,1;8,36,27,4,19;34,44,8,36,50;16,33,23,57,45,53;18,54,55,42,26,23,33,20;18,41,5,16,20;6,39,40,30,16;12,33,20,14,5,29,6,15,30,53;3,51,46,49,28,44;13,54,41,14,20;4,43,2,8,10;14,16,33,13,18;22,35,31,5,41;35,55,54,41,21;12,57,26,13,33;30,43,48,32,6;7,38,32,37,56;13,42,47,57,23;36,50,52,4,10;9,49,17,44,8;5,31,47,45,53,30,6,16;24,43,1,40,15,16,53,29,6;5,29,47,35,21;0,48,24,6,38,25,37;12,16,20,13,23;11,44,43,52,50;22,55,42,47,31,21;11,50,27,10,8;0,3,51,56,25,32;7,25,32,6,39;40,49,7,38,6,15;39,49,9,1,30,15;14,18,54,22,21,5;13,26,47,35,55;24,30,1,2,19,4,52,34,44,48;11,34,43,48,0,3,17,28,8;29,53,12,57,47;7,49,17,51,56;29,31,35,42,26,57,45;0,32,24,43,44;7,46,17,28,9,40,39;11,36,27,52,34;3,17,46,56,37;34,50,27,4,43;29,30,16,12,45;13,18,41,22,55;22,35,42,13,54;7,25,37,51,46;12,23,26,47,45
sphere5_s7104_35 59 25,36,31,52,34;8,33,24,42,47,46;10,11,5,40,28;15,49,38,41,45,51;36,55,18,10,28;2,11,22,23,40;7,35,8,21,13;6,35,48,27,13;1,33,14,39,35,6,21,56,46;53,58,56,21,13,27;2,11,18,4,28;2,10,18,22,5;38,47,16,54,49;9,27,7,6,21;37,57,45,51,39,8,33;3,49,54,20,44,39,51;19,56,46,47,12,54,52;19,31,50,53,58;32,48,25,22,11,10,4,55;31,52,16,56,58,17;26,54,15,44,29;8,56,9,13,6;11,18,25,23,5;36,40,5,22,25;33,37,30,42,1;0,36,23,22,18,48,34;34,43,29,20,54;9,13,7,48,53;36,40,2,10,4;26,43,35,44,20;38,41,57,37,24,42;19,52,0,36,50,17;50,55,18,48,53;1,8,14,37,24;26,43,48,25,0,52,54;6,7,48,43,29,44,39,8;0,25,23,40,28,4,55,50,31;14,57,30,24,33;30,41,3,49,12,47,42;8,35,44,15,51,14;23,36,28,2,5;30,38,3,45,57;1,24,30,38,47;26,34,48,35,29;15,20,29,35,39;3,51,14,57,41;8,56,16,47,1;12,38,42,1,46,16;18,32,53,27,7,35,43,34,25;3,15,54,12,38;32,55,36,31,17,53;3,15,39,14,45;19,31,0,34,54,16;9,58,17,50,32,48,27;20,26,34,52,16,12,49,15;32,50,36,4,18;8,46,16,19,58,9,21;14,37,30,41,45;9,53,17,19,56
sphere5_s7104_36 55 4,50,35,28,9,30,6;4,8,11,18,20,50;20,52,23,16,53;28,33,19,39,35;0,50,1,8,45,46,6;22,49,26,12,42;0,4,46,10,30;21,24,37,16,36,33;1,4,45,54,41,11;0,28,49,26,30;40,43,30,6,46,14;22,49,28,36,38,18,1,8,41,27;5,26,43,40,42;45,54,47,17,48;42,44,15,34,46,10,40;44,47,17,34,14;36,38,53,2,23,37,7;13,47,15,34,48;20,53,38,11,1;3,33,32,25,39;1,50,52,2,53,18;24,51,32,33,7;5,49,11,27,42;16,37,31,52,2;21,51,31,37,7;32,51,52,39,19;5,12,43,30,9,49;29,42,22,11,41;0,9,49,11,36,33,3,35;47,54,41,27,42,44;0,9,26,43,10,6;23,52,51,24,37;25,51,21,33,19;3,28,36,7,21,32,19;14,15,17,48,46;3,28,0,50,52,39;16,38,11,28,33,7;7,16,23,31,24;16,36,11,18,53;35,52,25,19,3;14,42,12,43,10;8,11,27,29,54;14,44,29,27,22,5,12,40;26,30,10,40,12;15,47,29,42,14;13,54,8,4,46,48;4,45,48,34,14,10,6;15,44,29,54,13,17;34,46,45,13,17;5,22,11,28,9,26;0,4,1,20,52,35;21,24,31,52,25,32;2,20,50,35,39,25,51,31,23;16,38,18,20,2;13,45,8,41,29,47
sphere5_s7104_37 54 33,47,8,19,30;14,39,5,4,11;6,46,15,25,26;34,42,49,46,15;1,5,32,43,11;28,32,4,1,39,16;46,49,7,23,17,26,2;6,23,8,29,49;29,47,0,19,50,9,12,23,7;8,50,51,13,12;40,51,36,15,25;22,31,44,43,4,1,14,35,37;13,17,23,8,9;12,17,53,51,9;1,39,21,35,11;3,46,2,25,10,36,37,34;21,39,5,28,45;12,13,53,26,6,23;19,30,52,24,20,36,50;18,30,0,8,50;36,37,22,24,18;14,35,34,45,16,39;11,31,24,20,37;12,17,6,7,8;28,45,42,52,18,20,22,31,48;2,15,10,40,26;40,53,17,6,2,25;32,43,44,48,28;5,32,27,48,24,45,16;8,47,41,49,7;18,19,0,33,38,52;44,48,24,22,11;5,28,27,43,4;30,38,41,47,0;3,42,45,21,35,37,15;14,21,34,37,11;50,51,10,15,37,20,18;20,36,15,34,35,11,22;30,33,41,49,42,52;1,14,21,16,5;51,53,26,25,10;33,47,29,49,38;38,49,3,34,45,24,52;27,32,4,11,44;31,48,27,43,11;24,28,16,21,34,42;6,49,3,15,2;8,29,41,33,0;31,44,27,28,24;6,46,3,42,38,41,29,7;36,51,9,8,19,18;40,53,13,9,50,36,10;30,38,42,24,18;40,51,13,17,26
sphere5_s7104_38 59 29,40,44,22,56,57,48,42;2,49,6,47,42;1,49,38,32,48,42;9,22,44,16,45;14,51,5,34,10,26;11,34,4,51,57,48,50,28,39;12,47,1,49,43,7;17,43,6,12,41;10,33,23,37,34;3,22,35,24,45;26,54,12,36,58,33,8,34,4;39,52,37,34,5;6,47,29,54,10,36,41,7;18,30,20,17,41;4,51,15,55,26;46,53,55,14,51,57;19,45,3,44,25;7,43,31,20,13,41;36,58,30,13,41;16,45,24,46,53,25;21,28,31,17,13,30;20,28,39,52,27,30;3,9,35,56,0,44;37,52,27,33,8;9,45,19,46,35;16,44,55,53,19;10,54,40,55,14,4;30,33,23,52,21;20,21,39,5,50,31;40,54,12,47,42,0;27,33,58,18,13,20,21;17,43,38,32,50,28,20;48,50,31,38,2;27,30,58,10,8,23;5,11,37,8,10,4;46,56,22,9,24;10,58,18,41,12;11,34,8,23,52;43,49,2,32,31;11,52,21,28,5;29,54,26,55,44,0;12,36,18,13,17,7;29,47,1,2,48,0;7,17,31,38,49,6;16,25,55,40,0,22,3;16,19,24,9,3;56,57,15,53,19,24,35;6,12,29,42,1;2,42,0,57,5,50,32;1,2,38,43,6;5,28,31,32,48;4,14,15,57,5;11,39,21,27,23,37;15,46,19,25,55;29,40,26,10,12;25,44,40,26,14,15,53;0,22,35,46,57;46,56,0,48,5,51,15;10,36,18,30,33
sphere5_s7104_39 52 20,37,29,18,46;13,33,22,14,35;6,7,10,30,3,8;15,19,44,30,2,8,32,45;11,28,32,36,43;40,51,34,49,47;2,7,31,13,12,8;2,6,31,23,43,10;3,32,12,6,2;12,28,11,25,27,33;2,7,43,36,48,30;23,43,4,28,9,25;9,28,32,8,6,13,33;1,33,12,6,31,35;17,22,1,35,24,20,37,21;26,50,19,3,45,16;15,26,51,39,45;14,22,27,25,42,21;29,42,31,46,0;3,15,50,49,47,44;0,37,14,24,46;14,37,29,42,17;14,17,27,33,1;11,43,7,31,42,25;31,46,20,14,35;17,42,23,11,9,27;15,50,34,51,16;9,33,22,17,25;9,12,32,4,11;18,42,21,37,0;3,44,41,48,10,2;24,46,18,42,23,7,6,13,35;41,45,3,8,12,28,4,36,48;9,27,22,1,13,12;26,51,5,49,50;1,13,31,24,14;10,48,32,4,43;14,21,29,0,20;40,47,41,45,39;40,51,16,45,38;39,51,5,47,38;32,45,38,47,44,30,48;18,29,21,17,25,23,31;11,23,7,10,36,4;19,47,41,30,3;32,41,38,39,16,15,3;24,31,18,0,20;19,44,41,38,40,5,49;10,30,41,32,36;19,50,34,5,47;15,26,34,49,19;39,40,5,34,26,16
