search2_m3_r1_R7 32 1,2,10,3,5,6;0,6,7,9,20,2;0,1,20,21,10;0,10,11,12,13,31,4,5;3,31,13,14,15,5;0,3,4,15,6;0,5,15,7,1;1,6,15,16,17,9;9,17,18,19,20;1,7,17,8,20;0,2,21,30,11,3;3,10,30,22,12;3,11,22,23,13;3,12,23,14,4,31;4,13,23,24,26,16,15;4,14,16,7,6,5;7,15,14,26,27,17;7,16,27,18,8,9;8,17,27,25,19;8,18,25,28,29,20;1,9,8,19,29,21,2;2,20,29,30,10;11,30,24,23,12;12,22,24,14,13;14,23,22,30,29,28,26;18,27,26,28,19;14,24,28,25,27,16;16,26,25,18,17;19,25,26,24,29;19,28,24,30,21,20;10,21,29,24,22,11;3,13,4
search2_m3_r34_R7 32 1,2,10,3,5,6;0,6,7,9,20,2;0,1,20,21,10;0,10,11,12,13,4,5;3,13,14,15,5;0,3,4,15,6;0,5,15,7,1;1,6,15,31,16,17,9;9,17,18,19,20;1,7,17,8,20;0,2,21,30,11,3;3,10,30,22,12;3,11,22,23,13;3,12,23,14,4;4,13,23,24,26,16,15;4,14,16,31,7,6,5;7,31,15,14,26,27,17;7,16,27,18,8,9;8,17,27,25,19;8,18,25,28,29,20;1,9,8,19,29,21,2;2,20,29,30,10;11,30,24,23,12;12,22,24,14,13;14,23,22,30,29,28,26;18,27,26,28,19;14,24,28,25,27,16;16,26,25,18,17;19,25,26,24,29;19,28,24,30,21,20;10,21,29,24,22,11;7,15,16
search2_m3_r309_R7 31 1,2,10,3,5,6;0,6,7,9,20,2;0,1,20,21,10;0,10,11,12,13,4,5;3,13,14,15,5;0,3,4,15,6;0,5,15,7,1;1,6,15,16,17,9;9,17,18,19,20;1,7,17,8,20;0,2,21,30,11,3;3,10,30,22,12;3,11,22,23,13;3,12,23,14,4;4,13,23,24,26,16,15;4,14,16,7,6,5;7,15,14,26,27,17;7,16,27,18,8,9;8,17,27,25,19;8,18,25,29,20;1,9,8,19,29,21,2;2,20,29,30,10;11,30,24,23,12;12,22,24,14,13;14,23,22,30,29,28,26;18,27,28,29,19;14,24,28,27,16;16,26,28,25,18,17;24,29,25,27,26;19,25,28,24,30,21,20;10,21,29,24,22,11
search2_m3_r971_R7 33 1,2,10,3,5,6;0,6,7,9,20,2;0,1,20,21,10;0,10,11,12,13,4,5;3,13,14,15,5;0,3,4,15,6;0,5,15,7,1;1,6,15,26,16,9;9,18,19,20;1,7,16,17,18,8,20;0,2,21,30,11,3;3,10,30,22,12;3,11,22,23,13;3,12,23,14,4;4,13,23,24,26,15;4,14,26,7,6,5;7,26,27,17,9;9,16,27,18;8,9,17,27,25,31,19;8,18,31,25,28,29,20;1,9,8,19,29,21,2;2,20,29,30,10;11,30,24,23,12;12,22,24,14,13;14,23,22,30,29,26;18,27,32,28,19,31;7,15,14,24,29,28,32,27,16;16,26,32,25,18,17;19,25,32,26,29;19,28,26,24,30,21,20;10,21,29,24,22,11;18,25,19;25,27,26,28
search2_m3_r974_R7 32 1,2,10,3,5,6;0,6,7,9,20,2;0,1,20,21,10;0,10,11,12,13,4,5;3,13,14,15,5;0,3,4,15,6;0,5,15,7,1;1,6,15,26,16,9;9,18,19,20;1,7,16,17,18,8,20;0,2,21,30,11,3;3,10,30,22,12;3,11,22,23,13;3,12,23,14,4;4,13,23,24,26,15;4,14,26,7,6,5;7,26,27,17,9;9,16,27,18;8,9,17,27,25,19;8,18,25,28,29,20;1,9,8,19,29,21,2;2,20,29,30,10;11,30,24,23,12;12,22,24,14,13;14,23,22,30,29,26;18,27,31,28,19;7,15,14,24,29,28,27,16;16,26,28,31,25,18,17;19,25,31,27,26,29;19,28,26,24,30,21,20;10,21,29,24,22,11;25,27,28
search2_m3_r976_R7 32 1,2,10,3,5,6;0,6,7,9,20,2;0,1,20,21,10;0,10,11,12,13,4,5;3,13,14,15,5;0,3,4,15,6;0,5,15,7,1;1,6,15,26,16,9;9,18,19,20;1,7,16,17,18,8,20;0,2,21,30,11,3;3,10,30,22,12;3,11,22,23,13;3,12,23,14,4;4,13,23,24,26,15;4,14,26,7,6,5;7,26,27,17,9;9,16,27,18;8,9,17,27,25,19;8,18,25,28,29,20;1,9,8,19,29,21,2;2,20,29,30,10;11,30,24,23,12;12,22,24,14,13;14,23,22,30,29,26;18,27,31,28,19;7,15,14,24,29,27,16;16,26,29,28,31,25,18,17;19,25,31,27,29;19,28,27,26,24,30,21,20;10,21,29,24,22,11;25,27,28
search2_m3_r988_R7 32 1,2,10,3,5,6;0,6,7,9,20,2;0,1,20,21,10;0,10,11,12,13,4,5;3,13,14,15,5;0,3,4,15,6;0,5,15,7,1;1,6,15,26,16,9;9,18,19,20;1,7,16,17,18,8,20;0,2,21,30,11,3;3,10,30,22,12;3,11,22,23,13;3,12,23,14,4;4,13,23,24,26,15;4,14,26,7,6,5;7,26,27,17,9;9,16,27,18;8,9,17,27,25,19;8,18,25,31,28,29,20;1,9,8,19,29,21,2;2,20,29,30,10;11,30,24,23,12;12,22,24,14,13;14,23,22,30,29,26;18,27,31,19;7,15,14,24,29,27,16;16,26,29,28,31,25,18,17;19,31,27,29;19,28,27,26,24,30,21,20;10,21,29,24,22,11;19,25,27,28
search2_m3_r1028_R7 35 1,2,10,3,5,6;0,6,7,9,20,2;0,1,20,21,10;0,10,11,12,13,4,5;3,13,14,15,5;0,3,4,15,6;0,5,15,7,1;1,6,15,34,26,16,9;9,18,19,20;1,7,16,17,18,8,20;0,2,21,30,11,3;3,10,30,22,12;3,11,22,23,13;3,12,23,14,4;4,13,23,24,26,15;4,14,26,34,7,6,5;7,26,27,17,9;9,16,27,18;8,9,17,27,25,19;8,18,25,32,31,28,29,20;1,9,8,19,29,21,2;2,20,29,30,10;11,30,24,23,12;12,22,24,14,13;14,23,22,30,29,26;18,27,32,19;7,34,15,14,24,29,27,16;16,26,29,28,33,31,32,25,18,17;19,31,33,27,29;19,28,27,26,24,30,21,20;10,21,29,24,22,11;19,32,27,33,28;19,25,27,31;27,28,31;7,15,26
search2_m3_r1046_R7 34 1,2,10,3,5,6;0,6,7,9,20,2;0,1,20,21,10;0,10,11,12,13,4,5;3,13,14,15,5;0,3,4,15,6;0,5,15,7,1;1,6,15,26,16,9;9,18,19,20;1,7,16,17,18,8,20;0,2,21,30,11,3;3,10,30,22,12;3,11,22,23,13;3,12,23,14,4;4,13,23,24,26,15;4,14,26,7,6,5;7,26,27,17,9;9,16,27,18;8,9,17,27,25,19;8,18,25,32,31,33,28,29,20;1,9,8,19,29,21,2;2,20,29,30,10;11,30,24,23,12;12,22,24,14,13;14,23,22,30,29,26;18,27,32,19;7,15,14,24,29,27,16;16,26,29,28,33,31,32,25,18,17;19,33,27,29;19,28,27,26,24,30,21,20;10,21,29,24,22,11;19,32,27,33;19,25,27,31;19,31,27,28
search2_m3_r1062_R7 36 1,2,10,3,5,6;0,6,7,9,20,2;0,1,20,21,10;0,10,11,12,13,4,5;3,13,14,15,5;0,3,4,15,6;0,5,15,7,1;1,6,15,26,16,9;9,18,19,20;1,7,16,17,18,8,20;0,2,21,30,11,3;3,10,30,22,12;3,11,22,23,13;3,12,23,14,4;4,13,23,24,26,15;4,14,26,7,6,5;7,26,27,34,17,9;9,16,34,18;8,9,17,34,27,25,19;8,18,25,32,31,33,28,29,20;1,9,8,19,29,21,2;2,20,29,30,10;11,30,24,23,12;12,22,24,14,13;14,23,22,30,35,29,26;18,27,32,19;7,15,14,24,29,27,16;16,26,29,28,33,31,32,25,18,34;19,33,27,29;19,28,27,26,24,35,30,21,20;10,21,29,35,24,22,11;19,32,27,33;19,25,27,31;19,31,27,28;16,27,18,17;24,30,29
search2_m3_r1156_R7 36 1,2,10,3,5,6;0,6,7,9,20,2;0,1,20,21,10;0,10,11,12,13,4,5;3,13,14,15,5;0,3,4,15,6;0,5,15,7,1;1,6,15,26,16,9;9,18,19,20;1,7,16,17,18,8,20;0,2,21,30,11,3;3,10,30,22,12;3,11,22,23,13;3,12,23,14,4;4,13,23,24,26,15;4,14,26,7,6,5;7,26,27,34,17,9;9,16,34,18;8,9,17,34,27,25,19;8,18,25,35,32,31,33,28,29,20;1,9,8,19,29,21,2;2,20,29,30,10;11,30,24,23,12;12,22,24,14,13;14,23,22,30,29,26;18,27,35,19;7,15,14,24,29,27,16;16,26,29,28,33,31,32,35,25,18,34;19,33,27,29;19,28,27,26,24,30,21,20;10,21,29,24,22,11;19,32,27,33;19,35,27,31;19,31,27,28;16,27,18,17;19,25,27,32
search2_m3_r1505_R7 36 1,2,10,3,5,6;0,6,7,9,20,2;0,1,20,21,10;0,10,11,12,13,4,5;3,13,14,15,5;0,3,4,15,6;0,5,15,7,1;1,6,15,26,16,9;9,17,18,19,20;1,7,16,34,17,8,20;0,2,21,30,11,3;3,10,30,22,12;3,11,22,23,13;3,12,23,14,4;4,13,23,24,26,15;4,14,26,7,6,5;7,26,29,27,34,9;8,9,34,18;8,17,34,27,25,19;8,18,25,35,32,31,33,28,29,20;1,9,8,19,29,21,2;2,20,29,30,10;11,30,24,23,12;12,22,24,14,13;14,23,22,30,29,26;18,27,35,19;7,15,14,24,29,16;16,29,28,33,31,32,35,25,18,34;19,33,27,29;16,26,24,30,21,20,19,28,27;10,21,29,24,22,11;19,32,27,33;19,35,27,31;19,31,27,28;9,16,27,18,17;19,25,27,32
search2_m3_r1522_R7 36 1,2,10,3,5,6;0,6,7,9,20,2;0,1,20,21,10;0,10,11,12,13,4,5;3,13,14,15,5;0,3,4,15,6;0,5,15,7,1;1,6,15,26,16,9;9,17,18,19;1,7,16,27,34,17,8,19,20;0,2,21,30,11,3;3,10,30,22,12;3,11,22,23,13;3,12,23,14,4;4,13,23,24,26,15;4,14,26,7,6,5;7,26,29,27,9;8,9,34,18;8,17,34,27,25,19;8,18,25,35,32,31,33,28,29,20,9;1,9,19,29,21,2;2,20,29,30,10;11,30,24,23,12;12,22,24,14,13;14,23,22,30,29,26;18,27,35,19;7,15,14,24,29,16;9,16,29,28,33,31,32,35,25,18,34;19,33,27,29;16,26,24,30,21,20,19,28,27;10,21,29,24,22,11;19,32,27,33;19,35,27,31;19,31,27,28;9,27,18,17;19,25,27,32
search2_m3_r1602_R7 36 1,2,10,3,5,6;0,6,7,9,20,2;0,1,20,21,10;0,10,11,12,13,4,5;3,13,14,15,5;0,3,4,15,6;0,5,15,7,1;1,6,15,26,16,9;17,34,18,25;1,7,16,34,17,25,20;0,2,21,30,11,3;3,10,30,22,12;3,11,22,23,13;3,12,23,14,4;4,13,23,24,26,15;4,14,26,7,6,5;7,26,27,34,9;8,25,9,34;8,34,27,25;20,25,35,32,31,33,28,29;1,9,25,19,29,21,2;2,20,29,30,10;11,30,24,23,12;12,22,24,14,13;14,23,22,30,29,26;8,18,27,35,19,20,9,17;7,15,14,24,29,27,16;16,26,29,28,33,31,32,35,25,18,34;19,33,27,29;19,28,27,26,24,30,21,20;10,21,29,24,22,11;19,32,27,33;19,35,27,31;19,31,27,28;8,17,9,16,27,18;19,25,27,32
search2_m3_r1648_R7 36 1,2,10,3,5,6;0,6,7,9,20,2;0,1,20,21,10;0,10,11,12,13,4,5;3,13,14,15,5;0,3,4,15,6;0,5,15,7,1;1,6,15,26,16,9;17,34,18,25;1,7,16,34,17,25,20;0,2,21,30,11,3;3,10,30,22,12;3,11,22,23,13;3,12,23,14,4;4,13,23,24,26,15;4,14,26,7,6,5;7,26,27,34,9;8,25,9,34;8,34,27,25;20,25,35,32,31,33,28,26,29;1,9,25,19,29,21,2;2,20,29,30,10;11,30,24,23,12;12,22,24,14,13;14,23,22,30,29,26;8,18,27,35,19,20,9,17;7,15,14,24,29,19,28,27,16;16,26,28,33,31,32,35,25,18,34;19,33,27,26;19,26,24,30,21,20;10,21,29,24,22,11;19,32,27,33;19,35,27,31;19,31,27,28;8,17,9,16,27,18;19,25,27,32
