p24#361 24 1,2,3,4,5;0,5,6,7,8,9,10,2;0,1,10,11,3;0,2,11,12,4;0,3,12,13,5;0,4,13,14,6,1;1,5,14,15,7;1,6,15,16,8;1,7,16,17,9;1,8,17,18,19,10;1,9,19,11,2;2,10,19,20,12,3;3,11,20,21,13,4;4,12,21,14,5;5,13,21,15,6;6,14,21,22,16,7;7,15,22,17,8;8,16,22,23,18,9;9,17,23,20,19;9,18,20,11,10;11,19,18,23,21,12;12,20,23,22,15,14,13;15,21,23,17,16;17,22,21,20,18
p24#392 24 1,2,3,4,5,6;0,6,7,8,2;0,1,8,9,10,3;0,2,10,11,12,13,4;0,3,13,14,5;0,4,14,15,6;0,5,15,7,1;1,6,15,16,17,18,19,8;1,7,19,9,2;2,8,19,20,21,10;2,9,21,11,3;3,10,21,22,12;3,11,22,23,17,13;3,12,17,16,14,4;4,13,16,15,5;5,14,16,7,6;7,15,14,13,17;7,16,13,12,23,18;7,17,23,20,19;7,18,20,9,8;9,19,18,23,22,21;9,20,22,11,10;11,21,20,23,12;12,22,20,18,17
p24#547 24 1,2,3,4,5;0,5,6,7,2;0,1,7,8,3;0,2,8,9,10,11,4;0,3,11,12,13,5;0,4,13,6,1;1,5,13,14,15,16,17,7;1,6,17,18,8,2;2,7,18,9,3;3,8,18,19,20,10;3,9,20,21,11;3,10,21,22,12,4;4,11,22,14,13;4,12,14,6,5;6,13,12,22,15;6,14,22,23,16;6,15,23,19,17;6,16,19,18,7;7,17,19,9,8;9,18,17,16,23,20;9,19,23,21,10;10,20,23,22,11;11,21,23,15,14,12;15,22,21,20,19,16
p24#735 24 1,2,3,4,5,6;0,6,7,8,9,10,2;0,1,10,11,3;0,2,11,12,13,4;0,3,13,14,5;0,4,14,15,6;0,5,15,7,1;1,6,15,16,8;1,7,16,17,9;1,8,17,18,19,20,10;1,9,20,11,2;2,10,20,12,3;3,11,20,19,21,13;3,12,21,14,4;4,13,21,22,23,15,5;5,14,23,16,7,6;7,15,23,17,8;8,16,23,18,9;9,17,23,22,19;9,18,22,21,12,20;9,19,12,11,10;12,19,22,14,13;14,21,19,18,23;14,22,18,17,16,15
p24#807 24 1,2,3,4,5;0,5,6,7,8,2;0,1,8,9,3;0,2,9,10,11,4;0,3,11,12,5;0,4,12,6,1;1,5,12,13,14,7;1,6,14,15,8;1,7,15,16,9,2;2,8,16,10,3;3,9,16,17,18,11;3,10,18,19,20,12,4;4,11,20,13,6,5;6,12,20,21,14;6,13,21,15,7;7,14,21,22,23,17,16,8;8,15,17,10,9;10,16,15,23,18;10,17,23,19,11;11,18,23,22,20;11,19,22,21,13,12;13,20,22,15,14;15,21,20,19,23;15,22,19,18,17
p24#830 24 1,2,3,4,5;0,5,6,7,8,9,10,2;0,1,10,11,3;0,2,11,12,13,4;0,3,13,14,5;0,4,14,6,1;1,5,14,15,16,7;1,6,16,17,8;1,7,17,18,9;1,8,18,19,20,10;1,9,20,11,2;2,10,20,21,12,3;3,11,21,22,23,13;3,12,23,15,14,4;4,13,15,6,5;6,14,13,23,16;6,15,23,17,7;7,16,23,18,8;8,17,23,22,19,9;9,18,22,21,20;9,19,21,11,10;11,20,19,22,12;12,21,19,18,23;12,22,18,17,16,15,13
p24#904 24 1,2,3,4,5;0,5,6,7,8,9,2;0,1,9,10,3;0,2,10,11,4;0,3,11,12,13,14,15,5;0,4,15,6,1;1,5,15,16,7;1,6,16,17,8;1,7,17,18,19,9;1,8,19,20,10,2;2,9,20,11,3;3,10,20,21,12,4;4,11,21,22,13;4,12,22,23,14;4,13,23,17,16,15;4,14,16,6,5;6,15,14,17,7;7,16,14,23,18,8;8,17,23,22,19;8,18,22,21,20,9;9,19,21,11,10;11,20,19,22,12;12,21,19,18,23,13;13,22,18,17,14
p24#935 24 1,2,3,4,5;0,5,6,7,8,2;0,1,8,9,3;0,2,9,10,4;0,3,10,11,12,13,14,5;0,4,14,6,1;1,5,14,15,7;1,6,15,16,17,8;1,7,17,18,9,2;2,8,18,10,3;3,9,18,19,11,4;4,10,19,20,12;4,11,20,21,13;4,12,21,22,15,14;4,13,15,6,5;6,14,13,22,16,7;7,15,22,23,17;7,16,23,20,19,18,8;8,17,19,10,9;10,18,17,20,11;11,19,17,23,21,12;12,20,23,22,13;13,21,23,16,15;16,22,21,20,17
p24#997 24 1,2,3,4,5;0,5,6,7,8,2;0,1,8,9,10,3;0,2,10,11,4;0,3,11,12,5;0,4,12,6,1;1,5,12,13,14,7;1,6,14,15,16,8;1,7,16,17,9,2;2,8,17,18,10;2,9,18,19,11,3;3,10,19,20,21,13,12,4;4,11,13,6,5;6,12,11,21,14;6,13,21,15,7;7,14,21,20,22,16;7,15,22,17,8;8,16,22,23,18,9;9,17,23,19,10;10,18,23,20,11;11,19,23,22,15,21;11,20,15,14,13;15,20,23,17,16;17,22,20,19,18
p24#1020 24 1,2,3,4,5;0,5,6,7,2;0,1,7,8,3;0,2,8,9,4;0,3,9,10,5;0,4,10,11,6,1;1,5,11,12,13,14,7;1,6,14,15,8,2;2,7,15,9,3;3,8,15,16,17,18,10,4;4,9,18,11,5;5,10,18,19,12,6;6,11,19,20,13;6,12,20,21,14;6,13,21,22,15,7;7,14,22,16,9,8;9,15,22,23,17;9,16,23,20,19,18;9,17,19,11,10;11,18,17,20,12;12,19,17,23,21,13;13,20,23,22,14;14,21,23,16,15;16,22,21,20,17
p24#1024 24 1,2,3,4,5;0,5,6,7,8,2;0,1,8,9,3;0,2,9,10,4;0,3,10,11,5;0,4,11,6,1;1,5,11,12,13,14,7;1,6,14,15,16,8;1,7,16,17,9,2;2,8,17,10,3;3,9,17,18,19,20,11,4;4,10,20,12,6,5;6,11,20,21,13;6,12,21,22,14;6,13,22,15,7;7,14,22,23,16;7,15,23,18,17,8;8,16,18,10,9;10,17,16,23,19;10,18,23,22,21,20;10,19,21,12,11;12,20,19,22,13;13,21,19,23,15,14;15,22,19,18,16
p24#1145 24 1,2,3,4,5,6;0,6,7,8,2;0,1,8,9,3;0,2,9,10,11,4;0,3,11,12,5;0,4,12,13,6;0,5,13,7,1;1,6,13,14,8;1,7,14,15,16,17,9,2;2,8,17,10,3;3,9,17,18,19,11;3,10,19,20,12,4;4,11,20,21,22,13,5;5,12,22,14,7,6;7,13,22,15,8;8,14,22,21,16;8,15,21,23,18,17;8,16,18,10,9;10,17,16,23,19;10,18,23,20,11;11,19,23,21,12;12,20,23,16,15,22;12,21,15,14,13;16,21,20,19,18
p24#1335 24 1,2,3,4,5,6;0,6,7,8,9,2;0,1,9,10,11,12,3;0,2,12,13,4;0,3,13,14,5;0,4,14,15,6;0,5,15,7,1;1,6,15,16,8;1,7,16,17,18,9;1,8,18,19,10,2;2,9,19,20,11;2,10,20,21,22,12;2,11,22,13,3;3,12,22,14,4;4,13,22,21,23,17,16,15,5;5,14,16,7,6;7,15,14,17,8;8,16,14,23,18;8,17,23,19,9;9,18,23,20,10;10,19,23,21,11;11,20,23,14,22;11,21,14,13,12;14,21,20,19,18,17
p24#1425 24 1,2,3,4,5;0,5,6,7,8,2;0,1,8,9,3;0,2,9,10,11,4;0,3,11,12,13,14,15,5;0,4,15,6,1;1,5,15,16,17,7;1,6,17,18,8;1,7,18,9,2;2,8,18,19,10,3;3,9,19,20,11;3,10,20,12,4;4,11,20,21,13;4,12,21,22,14;4,13,22,23,16,15;4,14,16,6,5;6,15,14,23,17;6,16,23,18,7;7,17,23,22,19,9,8;9,18,22,21,20,10;10,19,21,12,11;12,20,19,22,13;13,21,19,18,23,14;14,22,18,17,16
p24#1438 24 1,2,3,4,5;0,5,6,7,8,2;0,1,8,9,3;0,2,9,10,11,4;0,3,11,12,5;0,4,12,13,14,6,1;1,5,14,15,16,7;1,6,16,17,18,19,8;1,7,19,9,2;2,8,19,20,10,3;3,9,20,21,11;3,10,21,12,4;4,11,21,13,5;5,12,21,22,14;5,13,22,15,6;6,14,22,23,16;6,15,23,17,7;7,16,23,21,18;7,17,21,20,19;7,18,20,9,8;9,19,18,21,10;10,20,18,17,23,22,13,12,11;13,21,23,15,14;15,22,21,17,16
p24#1484 24 1,2,3,4,5,6;0,6,7,8,9,2;0,1,9,10,3;0,2,10,11,12,4;0,3,12,13,14,5;0,4,14,15,16,17,6;0,5,17,7,1;1,6,17,18,8;1,7,18,19,20,9;1,8,20,10,2;2,9,20,11,3;3,10,20,21,12;3,11,21,13,4;4,12,21,22,14;4,13,22,23,15,5;5,14,23,19,16;5,15,19,18,17;5,16,18,7,6;7,17,16,19,8;8,18,16,15,23,20;8,19,23,22,21,11,10,9;11,20,22,13,12;13,21,20,23,14;14,22,20,19,15
p24#2517 24 1,2,3,4,5;0,5,6,7,8,2;0,1,8,9,10,3;0,2,10,11,12,13,4;0,3,13,14,5;0,4,14,6,1;1,5,14,15,7;1,6,15,16,8;1,7,16,17,9,2;2,8,17,18,10;2,9,18,11,3;3,10,18,19,12;3,11,19,20,13;3,12,20,21,15,14,4;4,13,15,6,5;6,14,13,21,16,7;7,15,21,22,23,17,8;8,16,23,18,9;9,17,23,19,11,10;11,18,23,22,20,12;12,19,22,21,13;13,20,22,16,15;16,21,20,19,23;16,22,19,18,17
p24#3225 24 1,2,3,4,5,6,7;0,7,8,9,2;0,1,9,10,3;0,2,10,11,4;0,3,11,12,13,5;0,4,13,14,15,6;0,5,15,16,7;0,6,16,8,1;1,7,16,17,18,9;1,8,18,19,10,2;2,9,19,11,3;3,10,19,20,12,4;4,11,20,21,22,13;4,12,22,14,5;5,13,22,17,15;5,14,17,16,6;6,15,17,8,7;8,16,15,14,22,21,23,18;8,17,23,19,9;9,18,23,20,11,10;11,19,23,21,12;12,20,23,17,22;12,21,17,14,13;17,21,20,19,18
p24#3228 24 1,2,3,4,5,6,7;0,7,8,9,10,2;0,1,10,11,3;0,2,11,12,4;0,3,12,13,14,5;0,4,14,15,16,6;0,5,16,17,7;0,6,17,8,1;1,7,17,18,9;1,8,18,19,10;1,9,19,20,11,2;2,10,20,12,3;3,11,20,21,13,4;4,12,21,22,23,14;4,13,23,15,5;5,14,23,18,16;5,15,18,17,6;6,16,18,8,7;8,17,16,15,23,22,19,9;9,18,22,21,20,10;10,19,21,12,11;12,20,19,22,13;13,21,19,18,23;13,22,18,15,14
p24#4041 24 1,2,3,4,5;0,5,6,7,8,9,2;0,1,9,10,3;0,2,10,11,4;0,3,11,12,5;0,4,12,13,14,6,1;1,5,14,15,7;1,6,15,16,8;1,7,16,17,18,9;1,8,18,19,10,2;2,9,19,11,3;3,10,19,12,4;4,11,19,13,5;5,12,19,20,21,14;5,13,21,15,6;6,14,21,22,16,7;7,15,22,17,8;8,16,22,23,18;8,17,23,19,9;9,18,23,20,13,12,11,10;13,19,23,22,21;13,20,22,15,14;15,21,20,23,17,16;17,22,20,19,18
p24#4048 24 1,2,3,4,5;0,5,6,7,8,9,2;0,1,9,10,3;0,2,10,11,4;0,3,11,12,5;0,4,12,13,6,1;1,5,13,14,7;1,6,14,15,8;1,7,15,16,17,9;1,8,17,18,19,10,2;2,9,19,11,3;3,10,19,12,4;4,11,19,18,20,21,13,5;5,12,21,14,6;6,13,21,22,15,7;7,14,22,16,8;8,15,22,23,17;8,16,23,18,9;9,17,23,20,12,19;9,18,12,11,10;12,18,23,22,21;12,20,22,14,13;14,21,20,23,16,15;16,22,20,18,17
p24#4063 24 1,2,3,4,5;0,5,6,7,8,9,10,2;0,1,10,11,3;0,2,11,12,4;0,3,12,13,5;0,4,13,6,1;1,5,13,14,7;1,6,14,15,8;1,7,15,16,9;1,8,16,17,10;1,9,17,18,19,20,11,2;2,10,20,12,3;3,11,20,13,4;4,12,20,19,21,22,14,6,5;6,13,22,15,7;7,14,22,23,16,8;8,15,23,17,9;9,16,23,18,10;10,17,23,21,19;10,18,21,13,20;10,19,13,12,11;13,19,18,23,22;13,21,23,15,14;15,22,21,18,17,16
p24#6222 24 1,2,3,4,5,6;0,6,7,8,9,2;0,1,9,10,11,3;0,2,11,12,4;0,3,12,13,5;0,4,13,14,6;0,5,14,7,1;1,6,14,15,16,8;1,7,16,17,9;1,8,17,18,10,2;2,9,18,19,11;2,10,19,20,21,12,3;3,11,21,15,13,4;4,12,15,14,5;5,13,15,7,6;7,14,13,12,21,22,16;7,15,22,17,8;8,16,22,23,18,9;9,17,23,19,10;10,18,23,20,11;11,19,23,22,21;11,20,22,15,12;15,21,20,23,17,16;17,22,20,19,18
p24#6815 24 1,2,3,4,5,6;0,6,7,8,2;0,1,8,9,10,3;0,2,10,11,4;0,3,11,12,5;0,4,12,13,14,15,6;0,5,15,7,1;1,6,15,16,17,18,8;1,7,18,19,9,2;2,8,19,20,10;2,9,20,11,3;3,10,20,12,4;4,11,20,21,13,5;5,12,21,22,14;5,13,22,16,15;5,14,16,7,6;7,15,14,22,17;7,16,22,23,18;7,17,23,19,8;8,18,23,21,20,9;9,19,21,12,11,10;12,20,19,23,22,13;13,21,23,17,16,14;17,22,21,19,18
p24#7148 24 1,2,3,4,5;0,5,6,7,8,9,2;0,1,9,10,3;0,2,10,11,4;0,3,11,12,5;0,4,12,13,14,6,1;1,5,14,15,16,7;1,6,16,17,8;1,7,17,18,19,9;1,8,19,10,2;2,9,19,11,3;3,10,19,12,4;4,11,19,20,13,5;5,12,20,21,14;5,13,21,15,6;6,14,21,22,23,16;6,15,23,17,7;7,16,23,18,8;8,17,23,22,19;8,18,22,20,12,11,10,9;12,19,22,21,13;13,20,22,15,14;15,21,20,19,18,23;15,22,18,17,16
p24#7193 24 1,2,3,4,5;0,5,6,7,8,9,2;0,1,9,10,11,3;0,2,11,12,4;0,3,12,13,5;0,4,13,6,1;1,5,13,14,15,16,7;1,6,16,17,8;1,7,17,18,9;1,8,18,19,10,2;2,9,19,20,11;2,10,20,21,15,14,12,3;3,11,14,13,4;4,12,14,6,5;6,13,12,11,15;6,14,11,21,22,16;6,15,22,17,7;7,16,22,18,8;8,17,22,23,19,9;9,18,23,20,10;10,19,23,21,11;11,20,23,22,15;15,21,23,18,17,16;18,22,21,20,19
