p32.r62#15615 32 1,2,3,4,5,6,7;0,7,8,9,10,2;0,1,10,11,3;0,2,11,12,13,4;0,3,13,14,15,5;0,4,15,16,6;0,5,16,17,7;0,6,17,8,1;1,7,17,18,9;1,8,18,19,20,21,10;1,9,21,11,2;2,10,21,12,3;3,11,21,22,23,24,13;3,12,24,14,4;4,13,24,25,15;4,14,25,26,27,16,5;5,15,27,17,6;6,16,27,28,18,8,7;8,17,28,19,9;9,18,28,29,20;9,19,29,22,21;9,20,22,12,11,10;12,21,20,29,23;12,22,29,30,25,24;12,23,25,14,13;14,24,23,30,26,15;15,25,30,31,27;15,26,31,28,17,16;17,27,31,29,19,18;19,28,31,30,23,22,20;23,29,31,26,25;26,30,29,28,27 appfree=1 rsstfree=1
p31.r42#17081 31 1,2,3,4,5;0,5,6,7,8,9,2;0,1,9,10,11,3;0,2,11,12,13,4;0,3,13,14,5;0,4,14,6,1;1,5,14,15,16,7;1,6,16,17,8;1,7,17,18,9;1,8,18,10,2;2,9,18,19,20,21,11;2,10,21,12,3;3,11,21,22,13;3,12,22,23,14,4;4,13,23,24,15,6,5;6,14,24,25,26,16;6,15,26,17,7;7,16,26,27,28,19,18,8;8,17,19,10,9;10,18,17,28,20;10,19,28,29,22,21;10,20,22,12,11;12,21,20,29,30,23,13;13,22,30,24,14;14,23,30,25,15;15,24,30,29,27,26;15,25,27,17,16;17,26,25,29,28;17,27,29,20,19;20,28,27,25,30,22;22,29,25,24,23 appfree=1 rsstfree=1
p31.r42#111686 31 1,2,3,4,5,6,7;0,7,8,9,10,2;0,1,10,11,12,3;0,2,12,13,4;0,3,13,14,15,5;0,4,15,16,6;0,5,16,17,7;0,6,17,8,1;1,7,17,18,19,20,9;1,8,20,21,10;1,9,21,22,11,2;2,10,22,23,24,12;2,11,24,13,3;3,12,24,14,4;4,13,24,25,26,27,15;4,14,27,16,5;5,15,27,28,18,17,6;6,16,18,8,7;8,17,16,28,19;8,18,28,26,29,20;8,19,29,21,9;9,20,29,30,22,10;10,21,30,23,11;11,22,30,25,24;11,23,25,14,13,12;14,24,23,30,29,26;14,25,29,19,28,27;14,26,28,16,15;16,27,26,19,18;19,26,25,30,21,20;21,29,25,23,22 appfree=1 rsstfree=1
p31.r8#596615 31 1,2,3,4,5,6;0,6,7,8,9,10,2;0,1,10,11,3;0,2,11,12,4;0,3,12,13,14,5;0,4,14,15,6;0,5,15,7,1;1,6,15,16,8;1,7,16,17,18,9;1,8,18,19,10;1,9,19,11,2;2,10,19,20,21,12,3;3,11,21,13,4;4,12,21,22,23,14;4,13,23,15,5;5,14,23,24,16,7,6;7,15,24,17,8;8,16,24,25,26,18;8,17,26,19,9;9,18,26,27,20,11,10;11,19,27,28,21;11,20,28,29,22,13,12;13,21,29,30,23;13,22,30,24,15,14;15,23,30,25,17,16;17,24,30,29,28,27,26;17,25,27,19,18;19,26,25,28,20;20,27,25,29,21;21,28,25,30,22;22,29,25,24,23 appfree=1 rsstfree=1
p31.r9#2271 31 1,2,3,4,5,6;0,6,7,8,9,2;0,1,9,10,3;0,2,10,11,12,13,4;0,3,13,14,15,5;0,4,15,16,6;0,5,16,7,1;1,6,16,17,8;1,7,17,18,19,20,9;1,8,20,21,10,2;2,9,21,11,3;3,10,21,22,12;3,11,22,23,13;3,12,23,14,4;4,13,23,24,25,26,15;4,14,26,16,5;5,15,26,27,17,7,6;7,16,27,18,8;8,17,27,25,19;8,18,25,28,29,20;8,19,29,21,9;9,20,29,22,11,10;11,21,29,30,23,12;12,22,30,24,14,13;14,23,30,28,25;14,24,28,19,18,27,26;14,25,27,16,15;16,26,25,18,17;19,25,24,30,29;19,28,30,22,21,20;22,29,28,24,23 appfree=1 rsstfree=1
p32.r14#18473 32 1,2,3,4,5,6;0,6,7,8,9,2;0,1,9,10,3;0,2,10,11,12,4;0,3,12,13,14,5;0,4,14,15,16,17,6;0,5,17,7,1;1,6,17,18,19,20,8;1,7,20,21,22,9;1,8,22,10,2;2,9,22,11,3;3,10,22,23,24,25,12;3,11,25,13,4;4,12,25,26,14;4,13,26,27,15,5;5,14,27,28,16;5,15,28,18,17;5,16,18,7,6;7,17,16,28,19;7,18,28,29,20;7,19,29,30,21,8;8,20,30,23,22;8,21,23,11,10,9;11,22,21,30,24;11,23,30,26,25;11,24,26,13,12;13,25,24,30,31,27,14;14,26,31,28,15;15,27,31,29,19,18,16;19,28,31,30,20;20,29,31,26,24,23,21;26,30,29,28,27 appfree=1 rsstfree=1
p32.r15#66381 32 1,2,3,4,5,6;0,6,7,8,9,2;0,1,9,10,3;0,2,10,11,4;0,3,11,12,13,5;0,4,13,14,6;0,5,14,15,16,7,1;1,6,16,17,18,8;1,7,18,19,20,9;1,8,20,21,10,2;2,9,21,11,3;3,10,21,22,12,4;4,11,22,23,24,13;4,12,24,14,5;5,13,24,25,15,6;6,14,25,26,16;6,15,26,17,7;7,16,26,27,18;7,17,27,28,19,8;8,18,28,29,20;8,19,29,21,9;9,20,29,22,11,10;11,21,29,23,12;12,22,29,28,30,31,24;12,23,31,25,14,13;14,24,31,26,15;15,25,31,30,27,17,16;17,26,30,28,18;18,27,30,23,29,19;19,28,23,22,21,20;23,28,27,26,31;23,30,26,25,24 appfree=1 rsstfree=1
p32.r27#364289 32 1,2,3,4,5,6;0,6,7,8,9,10,2;0,1,10,11,12,3;0,2,12,13,4;0,3,13,14,15,5;0,4,15,16,6;0,5,16,7,1;1,6,16,17,8;1,7,17,18,9;1,8,18,19,20,10;1,9,20,21,11,2;2,10,21,22,23,12;2,11,23,13,3;3,12,23,14,4;4,13,23,24,25,15;4,14,25,16,5;5,15,25,26,17,7,6;7,16,26,27,18,8;8,17,27,28,19,9;9,18,28,29,20;9,19,29,21,10;10,20,29,30,22,11;11,21,30,24,23;11,22,24,14,13,12;14,23,22,30,31,26,25;14,24,26,16,15;16,25,24,31,27,17;17,26,31,28,18;18,27,31,30,29,19;19,28,30,21,20;21,29,28,31,24,22;24,30,28,27,26 appfree=1 rsstfree=1
p32.r104#111093 32 1,2,3,4,5;0,5,6,7,8,2;0,1,8,9,10,3;0,2,10,11,12,4;0,3,12,13,14,5;0,4,14,6,1;1,5,14,15,16,7;1,6,16,17,18,8;1,7,18,19,9,2;2,8,19,20,21,10;2,9,21,11,3;3,10,21,22,23,12;3,11,23,13,4;4,12,23,24,14;4,13,24,15,6,5;6,14,24,25,26,16;6,15,26,17,7;7,16,26,27,18;7,17,27,28,19,8;8,18,28,20,9;9,19,28,29,30,22,21;9,20,22,11,10;11,21,20,30,31,23;11,22,31,24,13,12;13,23,31,25,15,14;15,24,31,30,29,27,26;15,25,27,17,16;17,26,25,29,28,18;18,27,29,20,19;20,28,27,25,30;20,29,25,31,22;22,30,25,24,23 appfree=1 rsstfree=1
p32.r124#32325 32 1,2,3,4,5,6;0,6,7,8,2;0,1,8,9,10,3;0,2,10,11,4;0,3,11,12,5;0,4,12,13,14,15,6;0,5,15,7,1;1,6,15,16,17,8;1,7,17,18,9,2;2,8,18,19,20,21,10;2,9,21,11,3;3,10,21,22,23,12,4;4,11,23,24,13,5;5,12,24,25,14;5,13,25,26,15;5,14,26,16,7,6;7,15,26,27,17;7,16,27,18,8;8,17,27,28,29,19,9;9,18,29,30,20;9,19,30,22,21;9,20,22,11,10;11,21,20,30,23;11,22,30,24,12;12,23,30,31,25,13;13,24,31,26,14;14,25,31,28,27,16,15;16,26,28,18,17;18,27,26,31,29;18,28,31,30,19;19,29,31,24,23,22,20;24,30,29,28,26,25 appfree=1 rsstfree=1
p32.r10#7284 32 1,2,3,4,5;0,5,6,7,8,2;0,1,8,9,3;0,2,9,10,11,12,4;0,3,12,13,5;0,4,13,14,15,6,1;1,5,15,16,7;1,6,16,17,18,8;1,7,18,19,9,2;2,8,19,20,10,3;3,9,20,21,11;3,10,21,22,12;3,11,22,13,4;4,12,22,23,14,5;5,13,23,24,15;5,14,24,16,6;6,15,24,25,17,7;7,16,25,26,27,18;7,17,27,28,19,8;8,18,28,20,9;9,19,28,29,21,10;10,20,29,22,11;11,21,29,30,23,13,12;13,22,30,31,24,14;14,23,31,25,16,15;16,24,31,26,17;17,25,31,30,27;17,26,30,29,28,18;18,27,29,20,19;20,28,27,30,22,21;22,29,27,26,31,23;23,30,26,25,24 appfree=1 rsstfree=1
p32.r7#23310 32 1,2,3,4,5;0,5,6,7,2;0,1,7,8,3;0,2,8,9,10,11,12,4;0,3,12,13,5;0,4,13,14,15,6,1;1,5,15,16,7;1,6,16,17,18,8,2;2,7,18,9,3;3,8,18,19,10;3,9,19,20,11;3,10,20,21,12;3,11,21,22,13,4;4,12,22,14,5;5,13,22,23,15;5,14,23,24,16,6;6,15,24,25,26,17,7;7,16,26,19,18;7,17,19,9,8;9,18,17,26,27,28,20,10;10,19,28,21,11;11,20,28,29,30,22,12;12,21,30,23,14,13;14,22,30,31,24,15;15,23,31,25,16;16,24,31,27,26;16,25,27,19,17;19,26,25,31,29,28;19,27,29,21,20;21,28,27,31,30;21,29,31,23,22;23,30,29,27,25,24 appfree=1 rsstfree=1
p32.r24#65943 32 1,2,3,4,5,6;0,6,7,8,2;0,1,8,9,3;0,2,9,10,11,4;0,3,11,12,5;0,4,12,13,6;0,5,13,14,7,1;1,6,14,15,8;1,7,15,16,17,18,9,2;2,8,18,10,3;3,9,18,19,20,11;3,10,20,21,12,4;4,11,21,22,23,24,13,5;5,12,24,14,6;6,13,24,25,26,15,7;7,14,26,16,8;8,15,26,27,17;8,16,27,28,19,18;8,17,19,10,9;10,18,17,28,29,20;10,19,29,21,11;11,20,29,22,12;12,21,29,30,23;12,22,30,25,24;12,23,25,14,13;14,24,23,30,31,27,26;14,25,27,16,15;16,26,25,31,28,17;17,27,31,29,19;19,28,31,30,22,21,20;22,29,31,25,23;25,30,29,28,27 appfree=1 rsstfree=1
p32.r36#295483 32 1,2,3,4,5,6;0,6,7,8,2;0,1,8,9,3;0,2,9,10,11,12,4;0,3,12,13,5;0,4,13,14,6;0,5,14,15,7,1;1,6,15,16,17,8;1,7,17,18,9,2;2,8,18,19,10,3;3,9,19,20,11;3,10,20,21,12;3,11,21,22,13,4;4,12,22,23,14,5;5,13,23,24,15,6;6,14,24,16,7;7,15,24,25,17;7,16,25,26,18,8;8,17,26,27,19,9;9,18,27,20,10;10,19,27,28,29,21,11;11,20,29,22,12;12,21,29,30,31,23,13;13,22,31,25,24,14;14,23,25,16,15;16,24,23,31,26,17;17,25,31,30,28,27,18;18,26,28,20,19;20,27,26,30,29;20,28,30,22,21;22,29,28,26,31;22,30,26,25,23 appfree=1 rsstfree=1
p32.r4#541421 32 1,2,3,4,5,6;0,6,7,8,9,2;0,1,9,10,11,3;0,2,11,12,13,4;0,3,13,14,5;0,4,14,15,16,6;0,5,16,7,1;1,6,16,17,8;1,7,17,18,19,9;1,8,19,10,2;2,9,19,20,21,22,23,11;2,10,23,12,3;3,11,23,24,13;3,12,24,25,14,4;4,13,25,15,5;5,14,25,26,27,17,16;5,15,17,7,6;7,16,15,27,18,8;8,17,27,28,20,19;8,18,20,10,9;10,19,18,28,21;10,20,28,29,22;10,21,29,24,23;10,22,24,12,11;12,23,22,29,30,25,13;13,24,30,26,15,14;15,25,30,31,27;15,26,31,28,18,17;18,27,31,29,21,20;21,28,31,30,24,22;24,29,31,26,25;26,30,29,28,27 appfree=1 rsstfree=1
p32.r62#129406 32 1,2,3,4,5;0,5,6,7,8,2;0,1,8,9,3;0,2,9,10,11,4;0,3,11,12,13,5;0,4,13,14,6,1;1,5,14,15,7;1,6,15,16,8;1,7,16,17,9,2;2,8,17,18,10,3;3,9,18,19,20,11;3,10,20,12,4;4,11,20,21,22,13;4,12,22,14,5;5,13,22,23,24,15,6;6,14,24,25,16,7;7,15,25,26,17,8;8,16,26,27,18,9;9,17,27,19,10;10,18,27,28,20;10,19,28,21,12,11;12,20,28,29,22;12,21,29,23,14,13;14,22,29,30,24;14,23,30,25,15;15,24,30,31,26,16;16,25,31,27,17;17,26,31,28,19,18;19,27,31,29,21,20;21,28,31,30,23,22;23,29,31,25,24;25,30,29,28,27,26 appfree=1 rsstfree=1
best-c-A7f3-w2-it412 37 1,5,6,3,7,2;0,2,9,19,5;0,7,4,9,1;0,6,11,12,7;2,7,12,10,9;0,1,19,8,6;0,5,8,25,11,3;0,3,12,4,2;5,19,15,25,6;1,2,4,10,15,19;4,12,14,15,9;3,6,25,16,12;3,11,16,13,14,10,4,7;12,16,18,24,14;10,12,13,24,25,15;8,19,9,10,14,25;11,25,20,21,17,18,13,12;16,21,26,22,18;13,16,17,22,23,28,24;1,9,15,8,5;16,25,24,30,21;16,20,30,35,31,26,17;17,26,27,23,18;18,22,27,32,28;13,18,28,29,30,20,25,14;6,8,15,14,24,20,16,11;17,21,31,27,22;22,26,31,32,23;18,23,32,33,29,24;24,28,33,34,30;20,24,29,34,35,21;21,35,36,32,27,26;23,27,31,36,33,28;28,32,36,34,29;29,33,36,35,30;21,30,34,36,31;31,35,34,33,32
best-c-A7f3-w2-it413 37 1,5,6,3,7,2;0,2,9,19,5;0,7,4,9,1;0,6,11,12,7;2,7,12,10,9;0,1,19,8,6;0,5,8,25,11,3;0,3,12,4,2;5,19,15,25,6;1,2,4,10,15,19;4,12,14,15,9;3,6,25,16,12;3,11,16,13,14,10,4,7;12,16,18,24,14;10,12,13,24,25,15;8,19,9,10,14,25;11,25,20,21,17,18,13,12;16,21,26,22,18;13,16,17,22,23,28,24;1,9,15,8,5;16,25,24,30,21;16,20,30,35,31,26,17;17,26,27,23,18;18,22,27,32,28;13,18,28,29,30,20,25,14;6,8,15,14,24,20,16,11;17,21,31,27,22;22,26,31,32,23;18,23,32,33,29,24;24,28,33,34,30;20,24,29,34,35,21;21,35,36,32,27,26;23,27,31,36,33,28;28,32,36,34,29;29,33,36,35,30;21,30,34,36,31;31,35,34,33,32
best-c-A7f3-w2-it414 37 1,5,6,3,7,2;0,2,9,19,5;0,7,4,9,1;0,6,11,12,7;2,7,12,10,9;0,1,19,8,6;0,5,8,25,11,3;0,3,12,4,2;5,19,15,25,6;1,2,4,10,15,19;4,12,14,15,9;3,6,25,16,12;3,11,16,13,14,10,4,7;12,16,18,24,14;10,12,13,24,25,15;8,19,9,10,14,25;11,25,20,21,17,18,13,12;16,21,26,22,18;13,16,17,22,23,28,24;1,9,15,8,5;16,25,24,30,21;16,20,30,35,31,26,17;17,26,27,23,18;18,22,27,32,28;13,18,28,29,30,20,25,14;6,8,15,14,24,20,16,11;17,21,31,27,22;22,26,31,32,23;18,23,32,33,29,24;24,28,33,34,30;20,24,29,34,35,21;21,35,36,32,27,26;23,27,31,36,33,28;28,32,36,34,29;29,33,36,35,30;21,30,34,36,31;31,35,34,33,32
best-c-A7f3-w2-it416 37 1,5,6,3,7,2;0,2,9,19,5;0,7,4,9,1;0,6,11,12,7;2,7,12,10,9;0,1,19,8,6;0,5,8,25,11,3;0,3,12,4,2;5,19,15,25,6;1,2,4,10,15,19;4,12,14,15,9;3,6,25,16,12;3,11,16,13,14,10,4,7;12,16,18,24,14;10,12,13,24,25,15;8,19,9,10,14,25;11,25,20,21,17,18,13,12;16,21,26,22,18;13,16,17,22,23,28,24;1,9,15,8,5;16,25,24,30,21;16,20,30,35,31,26,17;17,26,27,23,18;18,22,27,32,28;13,18,28,29,30,20,25,14;6,8,15,14,24,20,16,11;17,21,31,27,22;22,26,31,32,23;18,23,32,33,29,24;24,28,33,34,30;20,24,29,34,35,21;21,35,36,32,27,26;23,27,31,36,33,28;28,32,36,34,29;29,33,36,35,30;21,30,34,36,31;31,35,34,33,32
best-c-A7f3-w2-it417 37 1,5,6,3,7,2;0,2,9,19,5;0,7,4,9,1;0,6,11,12,7;2,7,12,10,9;0,1,19,8,6;0,5,8,25,11,3;0,3,12,4,2;5,19,15,25,6;1,2,4,10,15,19;4,12,14,15,9;3,6,25,16,12;3,11,16,13,14,10,4,7;12,16,18,24,14;10,12,13,24,25,15;8,19,9,10,14,25;11,25,20,21,17,18,13,12;16,21,26,22,18;13,16,17,22,23,28,24;1,9,15,8,5;16,25,24,30,21;16,20,30,35,31,26,17;17,26,27,23,18;18,22,27,32,28;13,18,28,29,30,20,25,14;6,8,15,14,24,20,16,11;17,21,31,27,22;22,26,31,32,23;18,23,32,33,29,24;24,28,33,34,30;20,24,29,34,35,21;21,35,36,32,27,26;23,27,31,36,33,28;28,32,36,34,29;29,33,36,35,30;21,30,34,36,31;31,35,34,33,32
best-c-A7f4-w0-it367 37 1,6,7,2,3;0,3,5,10,6;0,7,19,8,3;0,2,8,11,4,5,1;3,11,12,14,9,5;1,3,4,9,10;0,1,10,15,7;0,6,15,19,2;2,19,25,11,3;4,14,19,15,10,5;1,5,9,15,6;3,8,25,12,4;4,11,25,20,16,14;14,16,18,28,24;4,12,16,13,24,19,9;6,10,9,19,7;12,20,30,21,17,18,13,14;16,21,26,22,18;13,16,17,22,23,28;2,7,15,9,14,24,25,8;12,25,24,30,16;16,30,35,31,26,17;17,26,27,23,18;18,22,27,32,28;13,28,29,30,20,25,19,14;8,19,24,20,12,11;17,21,31,27,22;22,26,31,32,23;13,18,23,32,33,29,24;24,28,33,34,30;16,20,24,29,34,35,21;21,35,36,32,27,26;23,27,31,36,33,28;28,32,36,34,29;29,33,36,35,30;21,30,34,36,31;31,35,34,33,32
best-c-A7f4-w0-it370 37 1,6,7,2,3;0,3,5,10,6;0,7,19,8,3;0,2,8,11,4,5,1;3,11,12,14,9,5;1,3,4,9,10;0,1,10,15,7;0,6,15,19,2;2,19,25,11,3;4,14,19,15,10,5;1,5,9,15,6;3,8,25,12,4;4,11,25,20,16,14;14,16,18,28,24;4,12,16,13,24,19,9;6,10,9,19,7;12,20,30,21,17,18,13,14;16,21,26,22,18;13,16,17,22,23,28;2,7,15,9,14,24,25,8;12,25,24,30,16;16,30,35,31,26,17;17,26,27,23,18;18,22,27,32,28;13,28,29,30,20,25,19,14;8,19,24,20,12,11;17,21,31,27,22;22,26,31,32,23;13,18,23,32,33,29,24;24,28,33,34,30;16,20,24,29,34,35,21;21,35,36,32,27,26;23,27,31,36,33,28;28,32,36,34,29;29,33,36,35,30;21,30,34,36,31;31,35,34,33,32
best-c-A7f4-w0-it371 37 1,6,7,2,3;0,3,5,10,6;0,7,19,8,3;0,2,8,11,4,5,1;3,11,12,14,9,5;1,3,4,9,10;0,1,10,15,7;0,6,15,19,2;2,19,25,11,3;4,14,19,15,10,5;1,5,9,15,6;3,8,25,12,4;4,11,25,20,16,14;14,16,18,28,24;4,12,16,13,24,19,9;6,10,9,19,7;12,20,30,21,17,18,13,14;16,21,26,22,18;13,16,17,22,23,28;2,7,15,9,14,24,25,8;12,25,24,30,16;16,30,35,31,26,17;17,26,27,23,18;18,22,27,32,28;13,28,29,30,20,25,19,14;8,19,24,20,12,11;17,21,31,27,22;22,26,31,32,23;13,18,23,32,33,29,24;24,28,33,34,30;16,20,24,29,34,35,21;21,35,36,32,27,26;23,27,31,36,33,28;28,32,36,34,29;29,33,36,35,30;21,30,34,36,31;31,35,34,33,32
best-c-A7f4-w0-it372 37 1,6,7,2,3;0,3,5,10,6;0,7,19,8,3;0,2,8,11,4,5,1;3,11,12,14,9,5;1,3,4,9,10;0,1,10,15,7;0,6,15,19,2;2,19,25,11,3;4,14,19,15,10,5;1,5,9,15,6;3,8,25,12,4;4,11,25,20,16,14;14,16,18,28,24;4,12,16,13,24,19,9;6,10,9,19,7;12,20,30,21,17,18,13,14;16,21,26,22,18;13,16,17,22,23,28;2,7,15,9,14,24,25,8;12,25,24,30,16;16,30,35,31,26,17;17,26,27,23,18;18,22,27,32,28;13,28,29,30,20,25,19,14;8,19,24,20,12,11;17,21,31,27,22;22,26,31,32,23;13,18,23,32,33,29,24;24,28,33,34,30;16,20,24,29,34,35,21;21,35,36,32,27,26;23,27,31,36,33,28;28,32,36,34,29;29,33,36,35,30;21,30,34,36,31;31,35,34,33,32
best-c-walk-best-A7f1-1-w0-it520 37 4,5,8,25,11;2,19,7,6,15;1,15,14,12,19;5,10,15,6,8;0,11,9,10,5;0,4,10,3,8;1,7,8,3,15;1,19,24,20,25,8,6;0,5,3,6,7,25;4,11,14,15,10;3,5,4,9,15;0,25,14,9,4;2,14,20,16,19;16,18,28,24,19;2,15,9,11,25,20,12;1,6,3,10,9,14,2;12,20,21,17,18,13,19;16,21,26,22,18;13,16,17,22,23,28;1,2,12,16,13,24,7;7,24,21,16,12,14,25;16,20,24,30,35,31,26,17;17,26,27,23,18;18,22,27,32,28;7,19,13,28,29,30,21,20;0,8,7,20,14,11;17,21,31,27,22;22,26,31,32,23;13,18,23,32,33,29,24;24,28,33,34,30;21,24,29,34,35;21,35,36,32,27,26;23,27,31,36,33,28;28,32,36,34,29;29,33,36,35,30;21,30,34,36,31;31,35,34,33,32
best-c-walk-best-A7f1-1-w0-it521 37 4,5,8,25,11;2,19,7,6,15;1,15,14,12,19;5,10,15,6,8;0,11,9,10,5;0,4,10,3,8;1,7,8,3,15;1,19,24,20,25,8,6;0,5,3,6,7,25;4,11,14,15,10;3,5,4,9,15;0,25,14,9,4;2,14,20,16,19;16,18,28,24,19;2,15,9,11,25,20,12;1,6,3,10,9,14,2;12,20,21,17,18,13,19;16,21,26,22,18;13,16,17,22,23,28;1,2,12,16,13,24,7;7,24,21,16,12,14,25;16,20,24,30,35,31,26,17;17,26,27,23,18;18,22,27,32,28;7,19,13,28,29,30,21,20;0,8,7,20,14,11;17,21,31,27,22;22,26,31,32,23;13,18,23,32,33,29,24;24,28,33,34,30;21,24,29,34,35;21,35,36,32,27,26;23,27,31,36,33,28;28,32,36,34,29;29,33,36,35,30;21,30,34,36,31;31,35,34,33,32
best-c-walk-best-A7f1-1-w0-it525 37 4,5,8,25,11;2,19,7,6,15;1,15,14,12,19;5,10,15,6,8;0,11,9,10,5;0,4,10,3,8;1,7,8,3,15;1,19,24,20,25,8,6;0,5,3,6,7,25;4,11,14,15,10;3,5,4,9,15;0,25,14,9,4;2,14,20,16,19;16,18,28,24,19;2,15,9,11,25,20,12;1,6,3,10,9,14,2;12,20,21,17,18,13,19;16,21,26,22,18;13,16,17,22,23,28;1,2,12,16,13,24,7;7,24,21,16,12,14,25;16,20,24,30,35,31,26,17;17,26,27,23,18;18,22,27,32,28;7,19,13,28,29,30,21,20;0,8,7,20,14,11;17,21,31,27,22;22,26,31,32,23;13,18,23,32,33,29,24;24,28,33,34,30;21,24,29,34,35;21,35,36,32,27,26;23,27,31,36,33,28;28,32,36,34,29;29,33,36,35,30;21,30,34,36,31;31,35,34,33,32
