global: classes 160979 positive classes 123 rate 7.641e-04; holes 156033; patterns 34; max sum-winding over ALL classes 0
pattern | holes | classes | posclasses | exp | exp-obs | DL states | allDL cycles | min filled frac | max sum-w | min sum-w | orders
55556 | 11807 | 12559 | 0 | 9.60 | 9.60 | 600288 | 0 | 0.2500 | 0 | -261 | 14-24
55566 | 8975 | 9186 | 0 | 7.02 | 7.02 | 481431 | 0 | 0.2500 | 0 | -251 | 16-24
55577 | 5148 | 5447 | 0 | 4.16 | 4.16 | 217247 | 0 | 0.2903 | -4 | -208 | 19-24
56757 | 3973 | 4053 | 0 | 3.10 | 3.10 | 190777 | 0 | 0.2500 | 0 | -187 | 20-24
55676 | 3820 | 3911 | 0 | 2.99 | 2.99 | 177440 | 0 | 0.2500 | 0 | -230 | 19-24
56666 | 3398 | 3541 | 0 | 2.71 | 2.71 | 157361 | 0 | 0.2500 | 0 | -222 | 19-24
55667 | 8264 | 8400 | 4 | 6.42 | 2.42 | 356731 | 0 | 0.2500 | 0 | -268 | 19-24
55677 | 2798 | 2959 | 0 | 2.26 | 2.26 | 111924 | 0 | 0.2500 | 0 | -248 | 21-24
55767 | 1987 | 2037 | 0 | 1.56 | 1.56 | 75656 | 0 | 0.2500 | 0 | -225 | 20-24
55757 | 6829 | 6919 | 4 | 5.29 | 1.29 | 308688 | 1 | 0.2500 | 0 | -230 | 18-24
56577 | 1446 | 1502 | 0 | 1.15 | 1.15 | 67522 | 0 | 0.2903 | -4 | -172 | 21-24
56667 | 2729 | 2805 | 1 | 2.14 | 1.14 | 126804 | 0 | 0.2500 | 0 | -232 | 20-24
55557 | 16028 | 16801 | 12 | 12.84 | 0.84 | 903803 | 1 | 0.2500 | 0 | -230 | 16-24
55666 | 6190 | 6263 | 4 | 4.79 | 0.79 | 269809 | 1 | 0.2500 | 0 | -328 | 17-24
56767 | 658 | 722 | 0 | 0.55 | 0.55 | 31001 | 0 | 0.2500 | 0 | -180 | 22-24
56567 | 8308 | 8406 | 6 | 6.42 | 0.42 | 430825 | 0 | 0.2500 | 0 | -198 | 19-24
56677 | 408 | 433 | 0 | 0.33 | 0.33 | 20456 | 0 | 0.2500 | 0 | -262 | 22-24
55777 | 377 | 426 | 0 | 0.33 | 0.33 | 12218 | 0 | 0.3889 | -4 | -192 | 22-24
57667 | 344 | 418 | 0 | 0.32 | 0.32 | 15990 | 0 | 0.2500 | 0 | -180 | 22-24
57577 | 385 | 407 | 0 | 0.31 | 0.31 | 17320 | 0 | 0.2500 | 0 | -189 | 22-24
66666 | 256 | 273 | 0 | 0.21 | 0.21 | 10624 | 0 | 0.2500 | 0 | -204 | 21-24
56776 | 204 | 227 | 0 | 0.17 | 0.17 | 10384 | 0 | 0.3158 | -8 | -170 | 22-24
66667 | 208 | 217 | 0 | 0.17 | 0.17 | 11187 | 0 | 0.2500 | 0 | -176 | 22-24
57677 | 46 | 71 | 0 | 0.05 | 0.05 | 2259 | 0 | 0.2500 | 0 | -160 | 23-24
56777 | 40 | 53 | 0 | 0.04 | 0.04 | 1724 | 0 | 0.4000 | -24 | -154 | 23-24
66767 | 23 | 35 | 0 | 0.03 | 0.03 | 1162 | 0 | 0.2500 | 0 | -140 | 23-24
66677 | 5 | 9 | 0 | 0.01 | 0.01 | 317 | 0 | 0.2500 | 0 | -112 | 24-24
56676 | 2424 | 2531 | 2 | 1.93 | -0.07 | 120930 | 0 | 0.2500 | 0 | -196 | 21-24
56566 | 6338 | 6413 | 7 | 4.90 | -2.10 | 340467 | 0 | 0.2500 | 0 | -204 | 17-24
55567 | 17434 | 17904 | 16 | 13.68 | -2.32 | 821002 | 0 | 0.2500 | 0 | -248 | 18-24
56657 | 4622 | 4657 | 8 | 3.56 | -4.44 | 247032 | 0 | 0.2500 | 0 | -213 | 18-24
55555 | 2879 | 3270 | 8 | 2.50 | -5.50 | 257830 | 6 | 0.3636 | -4 | -148 | 12-24
55656 | 9030 | 9205 | 13 | 7.03 | -5.97 | 490724 | 2 | 0.2500 | 0 | -216 | 16-24
55657 | 18652 | 18919 | 38 | 14.46 | -23.54 | 874174 | 0 | 0.2500 | 0 | -228 | 17-24
