global: classes 160979 positive classes 123 rate 7.641e-04; holes 156033; patterns 81; max sum-winding over ALL classes 0
pattern | holes | classes | posclasses | exp | exp-obs | DL states | allDL cycles | min filled frac | max sum-w | min sum-w | orders
55556 | 11807 | 12559 | 0 | 9.60 | 9.60 | 600288 | 0 | 0.2500 | 0 | -261 | 14-24
55566 | 8975 | 9186 | 0 | 7.02 | 7.02 | 481431 | 0 | 0.2500 | 0 | -251 | 16-24
55558 | 7481 | 7925 | 2 | 6.06 | 4.06 | 391885 | 0 | 0.2500 | 0 | -230 | 18-24
55568 | 6311 | 6617 | 2 | 5.06 | 3.06 | 300163 | 0 | 0.2500 | 0 | -218 | 20-24
56666 | 3398 | 3541 | 0 | 2.71 | 2.71 | 157361 | 0 | 0.2500 | 0 | -222 | 19-24
55676 | 2928 | 2959 | 0 | 2.26 | 2.26 | 135120 | 0 | 0.2500 | 0 | -230 | 19-24
55758 | 2875 | 2904 | 0 | 2.22 | 2.22 | 127270 | 0 | 0.3202 | -2 | -222 | 19-24
55577 | 2798 | 2865 | 0 | 2.19 | 2.19 | 124479 | 0 | 0.3462 | -4 | -200 | 19-24
56757 | 2434 | 2443 | 0 | 1.87 | 1.87 | 115420 | 0 | 0.2500 | 0 | -170 | 20-24
55668 | 2223 | 2303 | 0 | 1.76 | 1.76 | 93342 | 0 | 0.2500 | 0 | -260 | 20-24
55578 | 2031 | 2198 | 0 | 1.68 | 1.68 | 82129 | 0 | 0.2903 | -4 | -208 | 21-24
56568 | 2116 | 2173 | 0 | 1.66 | 1.66 | 112594 | 0 | 0.3014 | -2 | -193 | 21-24
55677 | 1983 | 2015 | 0 | 1.54 | 1.54 | 79304 | 0 | 0.2500 | 0 | -248 | 21-24
55767 | 1165 | 1174 | 0 | 0.90 | 0.90 | 44104 | 0 | 0.2500 | 0 | -225 | 20-24
56577 | 1071 | 1080 | 0 | 0.83 | 0.83 | 49674 | 0 | 0.3568 | -18 | -172 | 21-24
55666 | 6190 | 6263 | 4 | 4.79 | 0.79 | 269809 | 1 | 0.2500 | 0 | -328 | 17-24
56667 | 2252 | 2302 | 1 | 1.76 | 0.76 | 102522 | 0 | 0.2500 | 0 | -232 | 20-24
55686 | 892 | 952 | 0 | 0.73 | 0.73 | 42320 | 0 | 0.2500 | 0 | -216 | 21-24
55667 | 6041 | 6097 | 4 | 4.66 | 0.66 | 263389 | 0 | 0.2500 | 0 | -268 | 19-24
56758 | 757 | 770 | 0 | 0.59 | 0.59 | 35016 | 0 | 0.3679 | -2 | -170 | 21-24
55858 | 726 | 767 | 0 | 0.59 | 0.59 | 29552 | 0 | 0.2500 | 0 | -218 | 20-24
55768 | 673 | 697 | 0 | 0.53 | 0.53 | 26153 | 0 | 0.2500 | 0 | -220 | 21-24
56857 | 569 | 589 | 0 | 0.45 | 0.45 | 29752 | 0 | 0.2500 | 0 | -187 | 21-24
55678 | 452 | 505 | 0 | 0.39 | 0.39 | 17849 | 0 | 0.3158 | -4 | -216 | 22-24
56668 | 477 | 503 | 0 | 0.38 | 0.38 | 24282 | 0 | 0.2500 | 0 | -186 | 22-24
56767 | 468 | 486 | 0 | 0.37 | 0.37 | 22774 | 0 | 0.2500 | 0 | -176 | 22-24
56578 | 361 | 401 | 0 | 0.31 | 0.31 | 17252 | 0 | 0.2903 | -4 | -166 | 22-24
55588 | 319 | 384 | 0 | 0.29 | 0.29 | 10639 | 0 | 0.3793 | -12 | -195 | 22-24
56677 | 370 | 382 | 0 | 0.29 | 0.29 | 18746 | 0 | 0.3095 | -8 | -262 | 22-24
55687 | 303 | 353 | 0 | 0.27 | 0.27 | 12412 | 0 | 0.3095 | -8 | -226 | 22-24
56686 | 317 | 352 | 0 | 0.27 | 0.27 | 17570 | 0 | 0.2500 | 0 | -174 | 22-24
66666 | 256 | 273 | 0 | 0.21 | 0.21 | 10624 | 0 | 0.2500 | 0 | -204 | 21-24
57577 | 267 | 269 | 0 | 0.21 | 0.21 | 11657 | 0 | 0.3462 | -16 | -189 | 22-24
57667 | 257 | 267 | 0 | 0.20 | 0.20 | 11760 | 0 | 0.3389 | -4 | -160 | 22-24
56858 | 213 | 251 | 0 | 0.19 | 0.19 | 10589 | 0 | 0.2500 | 0 | -160 | 22-24
55777 | 235 | 247 | 0 | 0.19 | 0.19 | 7469 | 0 | 0.3889 | -4 | -192 | 22-24
66667 | 192 | 196 | 0 | 0.15 | 0.15 | 10318 | 0 | 0.2500 | 0 | -176 | 22-24
56776 | 180 | 190 | 0 | 0.15 | 0.15 | 9363 | 0 | 0.3158 | -8 | -170 | 22-24
55868 | 149 | 166 | 0 | 0.13 | 0.13 | 5399 | 0 | 0.3889 | -4 | -224 | 21-24
55778 | 97 | 113 | 0 | 0.09 | 0.09 | 3628 | 0 | 0.4103 | -4 | -159 | 22-24
56768 | 99 | 109 | 0 | 0.08 | 0.08 | 4177 | 0 | 0.2500 | 0 | -180 | 22-24
57668 | 77 | 95 | 0 | 0.07 | 0.07 | 3734 | 0 | 0.2500 | 0 | -180 | 23-24
55688 | 60 | 86 | 0 | 0.07 | 0.07 | 2359 | 0 | 0.4103 | -16 | -216 | 23-24
56867 | 59 | 78 | 0 | 0.06 | 0.06 | 2867 | 0 | 0.2500 | 0 | -156 | 23-24
57758 | 69 | 75 | 0 | 0.06 | 0.06 | 3179 | 0 | 0.2500 | 0 | -145 | 22-24
58668 | 10 | 56 | 0 | 0.04 | 0.04 | 496 | 0 | 0.2500 | 0 | -116 | 23-24
56868 | 32 | 49 | 0 | 0.04 | 0.04 | 1183 | 0 | 0.2500 | 0 | -154 | 23-24
57578 | 38 | 45 | 0 | 0.03 | 0.03 | 1878 | 0 | 0.2500 | 0 | -150 | 23-24
57677 | 35 | 39 | 0 | 0.03 | 0.03 | 1719 | 0 | 0.2500 | 0 | -160 | 23-24
56678 | 31 | 38 | 0 | 0.03 | 0.03 | 1355 | 0 | 0.4103 | -20 | -147 | 23-24
56786 | 24 | 37 | 0 | 0.03 | 0.03 | 1021 | 0 | 0.4115 | -24 | -162 | 24-24
56777 | 30 | 36 | 0 | 0.03 | 0.03 | 1410 | 0 | 0.4000 | -24 | -154 | 23-24
55878 | 21 | 29 | 0 | 0.02 | 0.02 | 543 | 0 | 0.4083 | -16 | -152 | 23-24
57768 | 10 | 28 | 0 | 0.02 | 0.02 | 492 | 0 | 0.2500 | 0 | -104 | 24-24
66767 | 17 | 22 | 0 | 0.02 | 0.02 | 918 | 0 | 0.2500 | 0 | -140 | 23-24
66668 | 16 | 21 | 0 | 0.02 | 0.02 | 869 | 0 | 0.2500 | 0 | -168 | 23-24
56588 | 14 | 21 | 0 | 0.02 | 0.02 | 596 | 0 | 0.4103 | -20 | -146 | 24-24
55787 | 14 | 18 | 0 | 0.01 | 0.01 | 464 | 0 | 0.4286 | -24 | -156 | 23-24
57858 | 11 | 18 | 0 | 0.01 | 0.01 | 606 | 0 | 0.2500 | 0 | -106 | 24-24
56687 | 7 | 13 | 0 | 0.01 | 0.01 | 355 | 0 | 0.2500 | 0 | -108 | 24-24
55788 | 6 | 11 | 0 | 0.01 | 0.01 | 114 | 0 | 0.4286 | -32 | -134 | 24-24
66768 | 5 | 11 | 0 | 0.01 | 0.01 | 204 | 0 | 0.2500 | 0 | -132 | 24-24
66677 | 5 | 9 | 0 | 0.01 | 0.01 | 317 | 0 | 0.2500 | 0 | -112 | 24-24
56778 | 5 | 9 | 0 | 0.01 | 0.01 | 160 | 0 | 0.4286 | -24 | -112 | 24-24
55888 | 4 | 8 | 0 | 0.01 | 0.01 | 0 | 0 | 0.5385 | -60 | -96 | 24-24
56877 | 4 | 6 | 0 | 0.00 | 0.00 | 138 | 0 | 0.4706 | -24 | -112 | 24-24
57678 | 1 | 4 | 0 | 0.00 | 0.00 | 48 | 0 | 0.2500 | 0 | -72 | 24-24
56878 | 1 | 2 | 0 | 0.00 | 0.00 | 16 | 0 | 0.4706 | -48 | -84 | 24-24
66868 | 1 | 2 | 0 | 0.00 | 0.00 | 40 | 0 | 0.4286 | -24 | -108 | 24-24
56676 | 2107 | 2179 | 2 | 1.66 | -0.34 | 103360 | 0 | 0.2500 | 0 | -196 | 21-24
56567 | 6192 | 6233 | 6 | 4.76 | -1.24 | 318231 | 0 | 0.2500 | 0 | -198 | 19-24
55757 | 3228 | 3248 | 4 | 2.48 | -1.52 | 151866 | 1 | 0.3420 | -2 | -230 | 18-24
56658 | 1349 | 1369 | 3 | 1.05 | -1.95 | 72943 | 0 | 0.2500 | 0 | -194 | 20-24
56566 | 6338 | 6413 | 7 | 4.90 | -2.10 | 340467 | 0 | 0.2500 | 0 | -204 | 17-24
56657 | 3273 | 3288 | 5 | 2.51 | -2.49 | 174089 | 0 | 0.2500 | 0 | -213 | 18-24
55557 | 8547 | 8876 | 10 | 6.78 | -3.22 | 511918 | 1 | 0.3265 | -2 | -219 | 16-24
55567 | 11123 | 11287 | 14 | 8.62 | -5.38 | 520839 | 0 | 0.3320 | -4 | -248 | 18-24
55555 | 2879 | 3270 | 8 | 2.50 | -5.50 | 257830 | 6 | 0.3636 | -4 | -148 | 12-24
55656 | 9030 | 9205 | 13 | 7.03 | -5.97 | 490724 | 2 | 0.2500 | 0 | -216 | 16-24
55658 | 7126 | 7313 | 14 | 5.59 | -8.41 | 329268 | 0 | 0.2500 | 0 | -216 | 19-24
55657 | 11526 | 11606 | 24 | 8.87 | -15.13 | 544906 | 0 | 0.2500 | 0 | -228 | 17-24
