jd631_169_1246 35 1,2,3,4,5;0,2,5,7,8,10,13,22;0,1,3,6,9,12,29;0,2,4,8,12,25,29,32;0,3,5,16,25;0,1,4,7,10,13,15,16,19,21;2,9,15,17,22,24,25;1,5,9,12,15,17,21,26,31;1,3,11,12,21,22,29,32,33;2,6,7,12,25,31,34;1,5,13,15,19,21,24,25,29,34;8,12,15,16,19,21,22,25;2,3,7,8,9,11,16,26,29,31,32,34;1,5,10,17,18,21,26;18,23,26,27,28;5,6,7,10,11,22,33;4,5,11,12,18,20,25,28,30;6,7,13,20,21,24,25,27,29;13,14,16,26,28,30;5,10,11,20,22,24,34;16,17,19,24,25;5,7,8,10,11,13,17,24;1,6,8,11,15,19,26,27,32,33;14,25,27,28,29;6,10,17,19,20,21,29,34;3,4,6,9,10,11,16,17,20,23,28,29;7,12,13,14,18,22,27;14,17,22,23,26,29,32;14,16,18,23,25,30;2,3,8,10,12,17,23,24,25,27;16,18,28;7,9,12;3,8,12,22,27;8,15,22;9,10,12,19,24
jd631_205_1384 34 1,2,3,4,5;0,2,5,7,8,10,13,22;0,1,3,6,9,12,22,29;0,2,4,8,12,25,29,32;0,3,5,16,25;0,1,4,7,10,13,15,16,19,21;2,9,15,17,22,24,25;1,5,9,12,15,17,21,26,31;1,3,11,12,15,21,22,29,32,33;2,6,7,12,25,31;1,5,13,15,19,21,24,25,29;8,12,15,16,19,21,22,25;2,3,7,8,9,11,16,26,29,31,32;1,5,10,17,18,21,26;18,23,26,27,28;5,6,7,8,10,11,22,33;4,5,11,12,18,20,25,28,30;6,7,13,20,21,24,25,27,29;13,14,16,26,28,30;5,10,11,20,22,24;16,17,19,24,25;5,7,8,10,11,13,17,24;1,2,6,8,11,15,19,26,27,29,33;14,25,27,28,32;6,10,17,19,20,21,29;3,4,6,9,10,11,16,17,20,23,28,29;7,12,13,14,18,22,27;14,17,22,23,26,29,32;14,16,18,23,25,30;2,3,8,10,12,17,22,24,25,27;16,18,28;7,9,12;3,8,12,23,27;8,15,22
jd631_205_2654 34 1,2,3,4,5;0,2,5,7,8,10,22;0,1,3,6,9,12,22,29;0,2,4,8,12,25,29,32;0,3,5,16,25;0,1,4,7,10,13,15,16,19,21;2,9,15,17,22,24,25;1,5,9,12,15,17,19,21,26,31;1,3,11,12,15,21,22,29,32,33;2,6,7,12,25,31;1,5,13,15,19,21,24,25,29;8,12,15,16,19,21,22,25;2,3,7,8,9,11,16,26,29,31,32;5,10,17,18,21,26;18,23,26,27,28;5,6,7,8,10,11,22,33;4,5,11,12,18,20,25,28,30;6,7,13,20,21,24,25,27,29;13,14,16,26,28,30;5,7,10,11,20,22,24;16,17,19,24,25;5,7,8,10,11,13,17,24;1,2,6,8,11,15,19,26,27,29,33;14,25,27,28,32;6,10,17,19,20,21,29;3,4,6,9,10,11,16,17,20,23,28,29;7,12,13,14,18,22,27;14,17,22,23,26,29,32;14,16,18,23,25,30;2,3,8,10,12,17,22,24,25,27;16,18,28;7,9,12;3,8,12,23,27;8,15,22
jd631_249_3312 36 1,2,3,4,5;0,2,5,7,8,10,13,22;0,1,3,6,9,12,22,29;0,2,4,8,12,25,29,32,34;0,3,5,16,25,34;0,1,4,7,10,13,15,16,19,21;2,9,15,17,22,24,25;1,5,9,12,15,17,21,26,31;1,3,11,12,15,21,22,29,32,33;2,6,7,12,25,31;1,5,13,15,19,21,24,25,29;8,12,15,16,19,21,22,25;2,3,7,8,9,11,16,26,29,31,32;1,5,10,17,18,21,26;18,23,26,27,28;5,6,7,8,10,11,22,33;4,5,11,12,18,20,25,28,30;6,7,13,20,21,24,25,27,32;13,14,16,26,28,30;5,10,11,20,22,24;16,17,19,24,25;5,7,8,10,11,13,17,24;1,2,6,8,11,15,19,26,27,29,33;14,25,27,28,29,35;6,10,17,19,20,21,29;3,4,6,9,10,11,16,17,20,23,28,29,34;7,12,13,14,18,22,27;14,17,22,23,26,29,32,35;14,16,18,23,25,30;2,3,8,10,12,22,23,24,25,27,35;16,18,28;7,9,12;3,8,12,17,27;8,15,22;3,4,25;23,27,29
jd631_249_6865 36 1,2,3,4,5;0,2,5,7,8,10,13,22;0,1,3,6,9,12,22,29;0,2,4,8,12,25,29,32,34;0,3,5,16,25,34;0,1,4,7,10,13,15,16,19,21;2,9,15,17,22,24,25;1,5,9,10,12,15,21,26,31;1,3,11,12,15,21,22,29,32,33;2,6,7,12,25,31;1,5,7,13,15,19,21,24,25,29;8,12,15,16,19,21,22,25;2,3,7,8,9,11,16,26,29,31,32;1,5,10,17,18,21,26;18,23,26,27,28;5,6,7,8,10,11,22,33;4,5,11,12,18,20,25,28,30;6,13,20,21,24,25,27,32;13,14,16,26,28,30;5,10,11,20,22,24;16,17,19,24,25;5,7,8,10,11,13,17,24;1,2,6,8,11,15,19,26,27,29,33;14,25,27,28,29,35;6,10,17,19,20,21,29;3,4,6,9,10,11,16,17,20,23,28,29,34;7,12,13,14,18,22,27;14,17,22,23,26,29,32,35;14,16,18,23,25,30;2,3,8,10,12,22,23,24,25,27,35;16,18,28;7,9,12;3,8,12,17,27;8,15,22;3,4,25;23,27,29
jd631_420_4566 34 1,2,3,4,5;0,2,5,7,8,10,22;0,1,3,6,9,12,22,29;0,2,4,8,12,25,29,32;0,3,5,16,25;0,1,4,7,10,13,15,16,17,19,21;2,8,9,15,22,25;1,5,9,12,15,17,21,26,31;1,3,6,11,12,15,22,29,32,33;2,6,7,12,25,31;1,5,13,15,19,21,24,25,29;8,12,15,16,17,19,21,22,25;2,3,7,8,9,11,16,26,29,31,32;5,10,17,18,21,26;18,23,26,27,28;5,6,7,8,10,11,33;4,5,11,12,18,20,25,28,30;5,7,11,13,19,20,21,25,27,29;13,14,16,26,28,30;5,10,11,17,20,22,24,33;16,17,19,22,24,25;5,7,10,11,13,17,24;1,2,6,8,11,19,20,26,27,32,33;14,25,27,28,29;10,19,20,21,29;3,4,6,9,10,11,16,17,20,23,28,29;7,12,13,14,18,22,27;14,17,22,23,26,29,32;14,16,18,23,25,30;2,3,8,10,12,17,23,24,25,27;16,18,28;7,9,12;3,8,12,22,27;8,15,19,22
jd631_421_6550 34 1,2,3,4,5;0,2,5,6,7,8,10,13,22;0,1,3,6,9,12,22,29;0,2,4,8,12,25,29,32;0,3,5,16,25;0,1,4,7,10,13,15,16,19,21;1,2,9,15,17,22,24,25;1,5,9,12,15,17,21,26,31;1,3,11,12,15,21,22,29,32,33;2,6,7,12,25,31;1,5,13,15,19,21,24,25,29;8,12,16,19,21,22,25;2,3,7,8,9,11,16,26,29,31,32;1,5,10,17,18,21,26;18,23,26,27,28;5,6,7,8,10,22,33;4,5,11,12,18,20,25,28,30;6,7,13,20,21,24,25,27,29;13,14,16,26,28,30;5,10,11,20,22,24;16,17,19,24,25;5,7,8,10,11,13,17,24;1,2,6,8,11,15,19,26,27,29,33;14,25,27,28,32;6,10,17,19,20,21,29;3,4,6,9,10,11,16,17,20,23,28,29;7,12,13,14,18,22,27;14,17,22,23,26,29,32;14,16,18,23,25,30;2,3,8,10,12,17,22,24,25,27;16,18,28;7,9,12;3,8,12,23,27;8,15,22
jd631_421_7054 34 1,2,3,4,5;0,2,5,6,7,8,10,13,22,33;0,1,3,6,9,12,29;0,2,4,8,12,25,29,32;0,3,5,16,25;0,1,4,7,10,13,15,16,19,21;1,2,9,15,17,22,24,25;1,5,9,12,15,17,21,26,31;1,3,11,12,15,21,22,29,32,33;2,6,7,12,25,31;1,5,13,15,19,21,24,25,29;8,12,16,19,21,22,25;2,3,7,8,9,11,16,26,29,31,32;1,5,10,17,18,21,26;18,23,26,27,28;5,6,7,8,10,22,33;4,5,11,12,18,20,25,28,30;6,7,13,20,21,24,25,27,29;13,14,16,26,28,30;5,10,11,20,22,24;16,17,19,24,25;5,7,8,10,11,13,17,24;1,6,8,11,15,19,26,27,29,33;14,25,27,28,32;6,10,17,19,20,21,29;3,4,6,9,10,11,16,17,20,23,28,29;7,12,13,14,18,22,27;14,17,22,23,26,29,32;14,16,18,23,25,30;2,3,8,10,12,17,22,24,25,27;16,18,28;7,9,12;3,8,12,23,27;1,8,15,22
jd631_496_4637 34 1,2,3,4,5;0,2,5,7,10,13;0,1,3,6,9,12,19,29;0,2,4,8,12,25,29,32;0,3,5,16,25;0,1,4,7,10,13,15,16,19,21;2,9,15,17,19,22,24,25;1,5,9,12,15,17,21,26;3,11,12,22,29,32,33;2,6,7,12,25,31;1,5,13,15,19,21,24,25,29,33;8,12,15,16,19,21,22,24,25,31;2,3,7,8,9,11,16,26,29,31,32;1,5,10,17,18,21,26;18,23,26,27,28;5,6,7,10,11,22,33;4,5,11,12,18,20,25,28,30;6,7,13,20,21,24,25,27,32;13,14,16,26,28,30;2,5,6,10,11,20,22,24;16,17,19,22,24,25;5,7,10,11,13,17,24;6,8,11,15,19,20,26,27,29,33;14,25,27,28,29;6,10,11,17,19,20,21,29;3,4,6,9,10,11,16,17,20,23,28,29;7,12,13,14,18,22,27;14,17,22,23,26,29,32;14,16,18,23,25,30;2,3,8,10,12,22,23,24,25,27;16,18,28;9,11,12;3,8,12,17,27;8,10,15,22
jd631_518_7419 36 1,2,3,4,5;0,2,5,7,10,13;0,1,3,6,9,11,12,15,22,29;0,2,4,8,12,25,29,32;0,3,5,16,25;0,1,4,7,10,13,15,16,19,21;2,9,15,17,22,25;1,5,9,12,15,17,21,26,31;3,11,12,15,21,22,29,32,33;2,6,7,12,25,31;1,5,13,15,19,21,24,25,29,34,35;2,8,12,15,16,19,21,22,25;2,3,7,8,9,11,16,26,29,31,32;1,5,10,17,18,21,26;18,23,26,27,28;2,5,6,7,8,10,11,33;4,5,11,12,18,20,25,28,30;6,7,13,19,20,21,24,25,27,32;13,14,16,26,28,30;5,10,11,17,20,22,24;16,17,19,24,25;5,7,8,10,11,13,17,22,24,34,35;2,6,8,11,19,21,26,27,29,33;14,25,27,28,29;10,17,19,20,21,29,34,35;3,4,6,9,10,11,16,17,20,23,28,29;7,12,13,14,18,22,27;14,17,22,23,26,29,32;14,16,18,23,25,30;2,3,8,10,12,22,23,24,25,27;16,18,28;7,9,12;3,8,12,17,27;8,15,22;10,21,24;10,21,24
jd631_589_4679 34 1,2,3,4,5;0,2,5,7,8,10,13,22;0,1,3,6,9,12,22,29;0,2,4,8,12,25,29,32;0,3,5,16,25;0,1,4,7,10,13,15,16,19,21;2,9,17,19,22,24,25;1,5,9,12,15,17,21,26,31;1,3,11,12,15,21,22,29,32,33;2,6,7,12,25,31;1,5,13,15,19,21,24,25,29;8,12,15,16,19,21,22,25;2,3,7,8,9,11,16,26,29,31,32;1,5,10,17,18,21,26;18,23,26,27,28;5,7,8,10,11,22,33;4,5,11,12,18,20,25,28,30;6,7,13,20,21,24,25,27,29;13,14,16,26,28,30;5,6,10,11,20,22,24;16,17,19,24,25;5,7,8,10,11,13,17,24;1,2,6,8,11,15,19,26,27,29,33;14,25,27,28,32;6,10,17,19,20,21,29;3,4,6,9,10,11,16,17,20,23,28,29;7,12,13,14,18,22,27;14,17,22,23,26,29,32;14,16,18,23,25,30;2,3,8,10,12,17,22,24,25,27;16,18,28;7,9,12;3,8,12,23,27;8,15,22
jd631_905_2070 34 1,2,3,4,5;0,2,5,7,8,10,13,22;0,1,3,6,9,12,22,29;0,2,4,8,12,25,29,32;0,3,5,16,25;0,1,4,7,10,13,15,16,19,21;2,9,15,17,22,24,25;1,5,9,12,15,17,21,26,31;1,3,11,12,15,21,22,29,32,33;2,6,7,12,25,31;1,5,13,15,19,21,24,25,29;8,12,15,16,19,21,22,25;2,3,7,8,9,11,16,26,29,31,32;1,5,10,17,18,21,26;18,23,26,27,28;5,6,7,8,10,11,22,33;4,5,11,12,18,20,25,28,30;6,7,13,20,21,24,25,27,29;13,14,16,26,28,30;5,10,11,20,22,24;16,17,19,24,25;5,7,8,10,11,13,17,24;1,2,6,8,11,15,19,26,27,32,33;14,25,27,28,29;6,10,17,19,20,21,29;3,4,6,9,10,11,16,17,20,23,28,29;7,12,13,14,18,22,27;14,17,22,23,26,29,32;14,16,18,23,25,30;2,3,8,10,12,17,23,24,25,27;16,18,28;7,9,12;3,8,12,22,27;8,15,22
jd631_905_3528 34 1,2,3,4,5;0,2,5,7,8,10,13,22;0,1,3,6,9,12,22,29;0,2,4,8,12,25,29,32;0,3,5,16,25;0,1,4,7,10,13,15,16,19,21;2,9,15,17,22,24,25;1,5,9,12,17,21,26,31;1,3,11,12,15,21,22,29,32,33;2,6,7,12,25,31;1,5,13,15,19,21,24,25,29;8,12,15,16,19,21,22,25;2,3,7,8,9,11,16,26,29,31,32;1,5,10,17,18,19,21,26;18,23,26,27,28;5,6,8,10,11,22,33;4,5,11,12,18,20,25,28,30;6,7,13,20,21,24,25,27,29;13,14,16,26,28,30;5,10,11,13,20,22,24;16,17,19,24,25;5,7,8,10,11,13,17,24;1,2,6,8,11,15,19,26,27,32,33;14,25,27,28,29;6,10,17,19,20,21,29;3,4,6,9,10,11,16,17,20,23,28,29;7,12,13,14,18,22,27;14,17,22,23,26,29,32;14,16,18,23,25,30;2,3,8,10,12,17,23,24,25,27;16,18,28;7,9,12;3,8,12,22,27;8,15,22
jd631_905_4407 34 1,2,3,4,5;0,2,5,7,8,10,13,22;0,1,3,6,9,12,22,29;0,2,4,8,12,25,29,32;0,3,5,16,25;0,1,4,7,10,13,15,16,19,21;2,9,15,17,22,24,25;1,5,9,12,17,21,26,31;1,3,11,12,15,21,22,29,32,33;2,6,7,12,25,31;1,5,13,15,19,21,24,25,29;8,12,15,16,19,21,22,25,33;2,3,7,8,9,11,16,26,29,31,32;1,5,10,17,18,19,21,26;18,23,26,27,28;5,6,8,10,11,22;4,5,11,12,18,20,25,28,30;6,7,13,20,21,24,25,27,29;13,14,16,26,28,30;5,10,11,13,20,22,24;16,17,19,24,25;5,7,8,10,11,13,17,24;1,2,6,8,11,15,19,26,27,32,33;14,25,27,28,29;6,10,17,19,20,21,29;3,4,6,9,10,11,16,17,20,23,28,29;7,12,13,14,18,22,27;14,17,22,23,26,29,32;14,16,18,23,25,30;2,3,8,10,12,17,23,24,25,27;16,18,28;7,9,12;3,8,12,22,27;8,11,22
jd631_973_43 34 1,2,3,4,5;0,2,5,7,8,10,13,22;0,1,3,6,9,12,22,29;0,2,4,8,12,25,29,32;0,3,5,16,25;0,1,4,7,10,13,15,16,19,21;2,9,15,17,22,24,25;1,5,9,12,15,17,21,26,31;1,3,11,12,15,21,22,29,32,33;2,6,7,12,25,31;1,5,13,15,19,21,24,25,29;8,12,15,16,19,21,22,25;2,3,7,8,9,11,16,26,29,31,32;1,5,10,17,18,21,26;18,23,26,27,28;5,6,7,8,10,11,22,33;4,5,11,12,18,20,25,28,30;6,7,13,20,21,24,25,27,32;13,14,16,26,28,30;5,10,11,20,22,24;16,17,19,24,25;5,7,8,10,11,13,17,24;1,2,6,8,11,15,19,26,27,29,33;14,25,27,28,29;6,10,17,19,20,21,29;3,4,6,9,10,11,16,17,20,23,28,29;7,12,13,14,18,22,27;14,17,22,23,26,29,32;14,16,18,23,25,30;2,3,8,10,12,22,23,24,25,27;16,18,28;7,9,12;3,8,12,17,27;8,15,22
jd631_973_2054 34 1,2,3,4,5;0,2,5,7,8,10,13,22;0,1,3,6,9,12,22,29;0,2,4,8,12,25,29,32;0,3,5,16,25;0,1,4,7,10,13,15,16,19,21;2,9,15,17,22,24,25;1,5,9,12,15,17,21,26,31;1,3,11,12,15,21,22,29,32,33;2,6,7,12,25,31;1,5,13,15,19,21,24,25,29;8,12,15,16,21,22,25;2,3,7,8,9,11,16,26,29,31,32;1,5,10,17,18,21,26;18,23,26,27,28;5,6,7,8,10,11,22,33;4,5,11,12,18,20,25,28,30;6,7,13,20,21,24,25,27,32;13,14,16,26,28,30;5,10,20,22,24,33;16,17,19,24,25;5,7,8,10,11,13,17,24;1,2,6,8,11,15,19,26,27,29,33;14,25,27,28,29;6,10,17,19,20,21,29;3,4,6,9,10,11,16,17,20,23,28,29;7,12,13,14,18,22,27;14,17,22,23,26,29,32;14,16,18,23,25,30;2,3,8,10,12,22,23,24,25,27;16,18,28;7,9,12;3,8,12,17,27;8,15,19,22
jd631_1021_5166 34 1,2,3,4,5;0,2,5,6,7,8,10,13,22;0,1,3,6,9,12,29;0,2,4,8,12,25,29,32;0,3,5,16,25;0,1,4,7,10,13,15,16,19,21;1,2,9,15,17,22,24,25,31;1,5,9,12,17,19,21,26;1,3,11,12,15,21,22,29,32,33;2,6,7,12,25,31;1,5,13,15,19,21,24,25,29;8,12,15,16,19,21,22,25;2,3,7,8,9,11,16,26,29,31,32;1,5,10,17,18,21,26;18,23,26,27,28;5,6,8,10,11,22,33;4,5,11,12,18,20,25,28,30;6,7,13,20,21,24,25,27,29;13,14,16,26,28,30;5,7,10,11,20,22,24;16,17,19,24,25;5,7,8,10,11,13,17,24;1,6,8,11,15,19,26,27,29,33;14,25,27,28,32;6,10,17,19,20,21,29;3,4,6,9,10,11,16,17,20,23,28,29;7,12,13,14,18,22,27;14,17,22,23,26,29,32;14,16,18,23,25,30;2,3,8,10,12,17,22,24,25,27;16,18,28;6,9,12;3,8,12,23,27;8,15,22
jd631_1021_6127 34 1,2,3,4,5;0,2,5,6,7,10,13,22;0,1,3,6,9,12,29;0,2,4,8,12,25,29,32;0,3,5,16,25;0,1,4,7,10,13,15,16,19,21;1,2,9,15,17,22,24,25,31;1,5,9,12,17,19,21,26;3,11,12,15,21,22,29,32,33;2,6,7,12,25,31;1,5,13,15,19,21,24,25,29;8,12,15,16,19,21,22,25;2,3,7,8,9,11,16,26,29,31,32;1,5,10,17,18,21,26;18,23,26,27,28;5,6,8,10,11,22,31,33;4,5,11,12,18,20,25,28,30;6,7,13,20,21,24,25,27,29;13,14,16,26,28,30;5,7,10,11,20,22,24;16,17,19,24,25;5,7,8,10,11,13,17,24;1,6,8,11,15,19,26,27,29,33;14,25,27,28,32;6,10,17,19,20,21,29;3,4,6,9,10,11,16,17,20,23,28,29;7,12,13,14,18,22,27;14,17,22,23,26,29,32;14,16,18,23,25,30;2,3,8,10,12,17,22,24,25,27;16,18,28;6,9,12,15;3,8,12,23,27;8,15,22
jd632_41_6403 38 1,2,3,4,5;0,2,5,7,8,10,13,22,36;0,1,3,6,9,12,22,29;0,2,4,8,12,25,29,32;0,3,5,16,25;0,1,4,7,10,13,15,16,19,21;2,9,15,17,22,24,25;1,5,9,12,15,17,21,26,31;1,3,11,12,15,21,22,29,32,33;2,6,7,12,25,31;1,5,13,15,19,21,24,25,29;8,12,15,16,19,21,22,25,34;2,3,7,8,9,11,16,26,29,31,32;1,5,10,17,18,21,26,36;18,23,26,27,28;5,6,7,8,10,11,22,33;4,5,11,12,18,20,25,28,30;6,7,13,20,21,24,25,27,29,35,36;13,14,16,26,28,30;5,10,11,20,22,24,34;16,17,19,24,25,35;5,7,8,10,11,13,17,24;1,2,6,8,11,15,19,26,27,29,33,34;14,25,27,28,32,37;6,10,17,19,20,21,29,35;3,4,6,9,10,11,16,17,20,23,28,29;7,12,13,14,18,22,27;14,17,22,23,26,29,32,37;14,16,18,23,25,30;2,3,8,10,12,17,22,24,25,27,37;16,18,28;7,9,12;3,8,12,23,27;8,15,22;11,19,22;17,20,24;1,13,17;23,27,29
jd632_56_363 37 1,2,3,4,5;0,2,5,7,8,10,11,13,22,35;0,1,3,6,9,12,22,29,32;0,2,4,8,12,25,29,32;0,3,5,16,25,34;0,1,4,7,10,13,15,16,19,21,34,35;2,9,15,17,22,24,25;1,5,9,12,15,17,21,26,31,35;1,3,11,12,15,22,29,32,33,36;2,6,7,12,25,31;1,5,13,15,19,21,24,25,29,33;1,8,12,15,16,19,21,22,24,25;2,3,7,8,9,11,16,26,29,31,32,36;1,5,10,17,18,21,26;18,23,26,27,28;5,6,7,8,10,11,22,33;4,5,11,12,18,20,25,28,30,34;6,7,13,20,21,24,25,27,29;13,14,16,26,28,30;5,10,11,20,22,24;16,17,19,22,24,25;5,7,10,11,13,17,24,33;1,2,6,8,11,15,19,20,26,27,29,32,33;14,25,27,28,29;6,10,11,17,19,20,21,29;3,4,6,9,10,11,16,17,20,23,28,29;7,12,13,14,18,22,27;14,17,22,23,26,29,32;14,16,18,23,25,30;2,3,8,10,12,17,22,23,24,25,27;16,18,28;7,9,12;2,3,8,12,22,27,36;8,10,15,21,22;4,5,16;1,5,7;8,12,32
jd632_56_4902 37 1,2,3,4,5;0,2,5,7,8,10,11,13,22,35;0,1,3,6,9,12,22,29,32;0,2,4,8,12,25,29;0,3,5,16,25,34;0,1,4,7,10,13,15,16,19,21,34,35;2,9,15,17,22,24,25;1,5,9,12,15,17,21,26,31,35;1,3,11,12,15,22,29,32,33,36;2,6,7,12,25,31;1,5,13,15,19,21,24,25,29,33;1,8,12,15,16,19,21,22,24,25;2,3,7,8,9,11,16,26,29,31,32,36;1,5,10,17,18,21,26;18,23,26,27,28;5,6,7,8,10,11,22,33;4,5,11,12,18,20,25,28,30,34;6,7,13,20,21,24,25,27,29;13,14,16,26,28,30;5,10,11,20,22,24;16,17,19,22,24,25;5,7,10,11,13,17,24,33;1,2,6,8,11,15,19,20,26,27,29,32,33;14,25,27,28,29;6,10,11,17,19,20,21,29;3,4,6,9,10,11,16,17,20,23,28,29;7,12,13,14,18,22,27;14,17,22,23,26,29,32;14,16,18,23,25,30;2,3,8,10,12,17,22,23,24,25,27,36;16,18,28;7,9,12;2,8,12,22,27,36;8,10,15,21,22;4,5,16;1,5,7;8,12,29,32
jd632_56_6215 37 1,2,3,4,5;0,2,5,7,8,10,11,13,22,35;0,1,3,6,9,12,22,29,32;0,2,4,8,12,25,29;0,3,5,16,25,34;0,1,4,7,10,13,15,16,19,21,34,35;2,9,15,17,22,24,25;1,5,9,12,15,17,21,26,31,35;1,3,11,12,19,22,29,32,33,36;2,6,7,12,25,31;1,5,13,15,19,21,24,25,29,33;1,8,12,15,16,19,21,22,24,25;2,3,7,8,9,11,16,26,29,31,32,36;1,5,10,17,18,21,26;18,23,26,27,28;5,6,7,10,11,22,33;4,5,11,12,18,20,25,28,30,34;6,7,13,20,21,24,25,27,29;13,14,16,26,28,30;5,8,10,11,20,22,24;16,17,19,22,24,25;5,7,10,11,13,17,24,33;1,2,6,8,11,15,19,20,26,27,29,32,33;14,25,27,28,29;6,10,11,17,19,20,21,29;3,4,6,9,10,11,16,17,20,23,28,29;7,12,13,14,18,22,27;14,17,22,23,26,29,32;14,16,18,23,25,30;2,3,8,10,12,17,22,23,24,25,27,36;16,18,28;7,9,12;2,8,12,22,27,36;8,10,15,21,22;4,5,16;1,5,7;8,12,29,32
jd632_56_7877 37 1,2,3,4,5;0,2,5,7,8,10,11,13,22,35;0,1,3,6,9,12,22,29,32;0,2,4,8,12,25,29;0,3,5,16,25,34;0,1,4,7,10,13,15,16,19,21,34,35;2,9,15,17,22,24,25;1,5,9,12,15,17,21,26,31,35;1,3,11,12,19,22,29,32,33,36;2,6,7,12,25,31;1,5,13,15,19,21,24,25,29,33;1,8,12,15,16,19,21,22,24,25;2,3,7,8,9,11,16,26,29,31,32,36;1,5,10,17,18,21,26;18,23,26,27,28;5,6,7,10,11,22,33;4,5,11,12,18,20,25,28,30,34;6,7,13,20,21,24,25,27,29;13,14,16,26,28,30;5,8,10,11,20,22,24,33;16,17,19,22,24,25;5,7,10,11,13,17,24;1,2,6,8,11,15,19,20,26,27,29,32,33;14,25,27,28,29;6,10,11,17,19,20,21,29;3,4,6,9,10,11,16,17,20,23,28,29;7,12,13,14,18,22,27;14,17,22,23,26,29,32;14,16,18,23,25,30;2,3,8,10,12,17,22,23,24,25,27,36;16,18,28;7,9,12;2,8,12,22,27,36;8,10,15,19,22;4,5,16;1,5,7;8,12,29,32
jd632_61_1668 37 1,2,3,4,5;0,2,5,7,8,10,13,22;0,1,3,6,9,12,22,29;0,2,4,8,12,25,29,32;0,3,5,16,25;0,1,4,7,10,13,15,16,19,21;2,9,15,17,22,24,25,36;1,5,9,12,15,17,21,26,31;1,3,11,12,15,21,22,29,32,33;2,6,7,12,25,31,36;1,5,13,15,19,21,24,25,29,34;8,12,15,16,19,21,22,25;2,3,7,8,9,11,16,26,29,31,32;1,5,10,17,18,21,26;18,23,26,27,28;5,6,7,8,10,11,22,33;4,5,11,12,18,20,25,28,30,35;6,7,13,20,21,24,25,27,29;13,14,16,26,28,30,35;5,10,11,20,22,24,34;16,17,19,24,25;5,7,8,10,11,13,17,24;1,2,6,8,11,15,19,26,27,29,33;14,25,27,28,32;6,10,17,19,20,21,29,34;3,4,6,9,10,11,16,17,20,23,28,29,36;7,12,13,14,18,22,27;14,17,22,23,26,29,32;14,16,18,23,25,30;2,3,8,10,12,17,22,24,25,27;16,18,28,35;7,9,12;3,8,12,23,27;8,15,22;10,19,24;16,18,30;6,9,25
jd632_61_5898 37 1,2,3,4,5;0,2,5,7,8,10,13,22;0,1,3,6,9,12,22,29;0,2,4,8,12,25,29,32;0,3,5,16,25;0,1,4,7,10,13,15,16,19,21;2,9,15,17,22,24,25,36;1,5,9,12,15,17,21,26,31;1,3,11,12,15,21,22,29,32;2,6,7,12,25,31,36;1,5,13,15,19,21,24,25,29,34;8,12,15,16,19,21,22,25,33;2,3,7,8,9,11,16,26,29,31,32;1,5,10,17,18,21,26;18,23,26,27,28;5,6,7,8,10,11,22,33;4,5,11,12,18,20,25,28,30,35;6,7,13,20,21,24,25,27,29;13,14,16,26,28,30,35;5,10,11,20,22,24,34;16,17,19,24,25;5,7,8,10,11,13,17,24;1,2,6,8,11,15,19,26,27,29,33;14,25,27,28,32;6,10,17,19,20,21,29,34;3,4,6,9,10,11,16,17,20,23,28,29,36;7,12,13,14,18,22,27;14,17,22,23,26,29,32;14,16,18,23,25,30;2,3,8,10,12,17,22,24,25,27;16,18,28,35;7,9,12;3,8,12,23,27;11,15,22;10,19,24;16,18,30;6,9,25
jd632_73_81 36 1,2,3,4,5;0,2,5,7,8,10,13,22;0,1,3,6,9,12,22,29;0,2,4,8,12,25,29,32;0,3,5,16,25;0,1,4,7,10,13,15,16,19,21,35;2,9,15,17,22,24,25;1,5,9,12,15,17,21,26,31,35;1,3,11,12,15,21,22,29,32,33;2,6,7,12,25,31;1,5,13,15,19,21,24,25,29;8,12,15,16,19,21,22,25;2,3,7,8,9,11,16,26,29,31,32;1,5,10,17,18,21,26;18,23,26,27,28;5,6,7,8,10,11,22,33,34,35;4,5,11,12,18,20,25,28,30;6,7,13,20,21,24,25,27,29;13,14,16,26,28,30;5,10,11,20,22,24;16,17,19,24,25,30;5,7,8,10,11,13,17,24;1,2,6,8,11,15,19,26,27,32,33,34;14,25,27,28,29;6,10,17,19,20,21,29;3,4,6,9,10,11,16,17,20,23,28,29;7,12,13,14,18,22,27;14,17,22,23,26,29,32;14,16,18,23,25;2,3,8,10,12,17,23,24,25,27;16,18,20;7,9,12;3,8,12,22,27;8,15,22,34;15,22,33;5,7,15
jd632_73_2045 36 1,2,3,4,5;0,2,5,7,8,10,13,22;0,1,3,6,9,12,22,29;0,2,4,8,12,25,29,32;0,3,5,16,25;0,1,4,7,10,13,15,16,19,21,35;2,9,15,17,22,24,25;1,5,9,12,15,17,21,26,31,34,35;1,3,11,12,15,21,22,29,32;2,6,7,12,25,31;1,5,13,15,19,21,24,25,29;8,12,15,16,19,21,22,25;2,3,7,8,9,11,16,26,29,31,32;1,5,10,17,18,21,26;18,23,26,27,28;5,6,7,8,10,11,22,33,34,35;4,5,11,12,18,20,25,28,30;6,7,13,20,21,24,25,27,29;13,14,16,26,28,30;5,10,11,20,22,24;16,17,19,24,25,30;5,7,8,10,11,13,17,24;1,2,6,8,11,15,19,26,27,32,33,34;14,25,27,28,29;6,10,17,19,20,21,29;3,4,6,9,10,11,16,17,20,23,28,29;7,12,13,14,18,22,27;14,17,22,23,26,29,32;14,16,18,23,25;2,3,8,10,12,17,23,24,25,27;16,18,20;7,9,12;3,8,12,22,27;15,22,34;7,15,22,33;5,7,15
jd632_73_4108 36 1,2,3,4,5;0,2,5,7,8,13,22;0,1,3,6,9,12,22,29;0,2,4,8,12,25,29,32;0,3,5,16,25;0,1,4,7,10,13,15,16,19,21,35;2,9,15,17,22,24,25;1,5,9,12,15,17,21,26,31,34,35;1,3,11,12,15,21,22,29,32;2,6,7,12,25,31;5,13,15,19,21,24,25,29;8,12,15,16,19,21,22,25;2,3,7,8,9,11,16,26,29,31,32;1,5,10,17,18,21,26;18,23,26,27,28;5,6,7,8,10,11,17,22,33,34,35;4,5,11,12,18,20,25,28,30;6,7,13,15,20,21,24,25,27,29;13,14,16,26,28,30;5,10,11,20,22,24;16,17,19,24,25,30;5,7,8,10,11,13,17,24;1,2,6,8,11,15,19,26,27,32,33,34;14,25,27,28,29;6,10,17,19,20,21,29;3,4,6,9,10,11,16,17,20,23,28,29;7,12,13,14,18,22,27;14,17,22,23,26,29,32;14,16,18,23,25;2,3,8,10,12,17,23,24,25,27;16,18,20;7,9,12;3,8,12,22,27;15,22,34;7,15,22,33;5,7,15
jd632_73_7023 36 1,2,3,4,5;0,2,5,7,8,13,22;0,1,3,6,9,12,22,29;0,2,4,8,12,25,29,32;0,3,5,16,25;0,1,4,7,10,13,15,16,19,21,35;2,9,15,17,22,24,25;1,5,9,12,15,17,21,26,31,34,35;1,3,11,12,15,21,22,29,32;2,6,7,12,25,31;5,13,15,19,24,25,29;8,12,15,16,19,21,22,25;2,3,7,8,9,11,16,26,29,31,32;1,5,10,17,18,21,26;18,23,26,27,28;5,6,7,8,10,11,17,22,33,34,35;4,5,11,12,18,20,25,28,30;6,7,13,15,20,21,24,25,27,29;13,14,16,26,28,30;5,10,11,20,22,24;16,17,19,24,25,30;5,7,8,11,13,17,24,35;1,2,6,8,11,15,19,26,27,32,33,34;14,25,27,28,29;6,10,17,19,20,21,29;3,4,6,9,10,11,16,17,20,23,28,29;7,12,13,14,18,22,27;14,17,22,23,26,29,32;14,16,18,23,25;2,3,8,10,12,17,23,24,25,27;16,18,20;7,9,12;3,8,12,22,27;15,22,34;7,15,22,33;5,7,15,21
jd632_104_6452 37 1,2,3,4,5;0,2,5,7,8,10,13,22;0,1,3,6,9,12,22,29;0,2,4,8,12,25,29,32,36;0,3,5,16,25;0,1,4,7,10,13,15,16,19,21;2,9,15,17,21,22,24,25;1,5,9,12,15,17,21,26,31;1,3,11,12,15,22,29,32,33,35;2,6,7,12,25,31;1,5,13,15,19,21,24,25,29;8,12,15,16,19,22,25,35;2,3,7,8,9,11,16,26,29,31,32,35,36;1,5,10,17,18,21,26;18,23,26,27,28;5,6,7,8,10,11,22,33;4,5,11,12,18,20,25,28,30;6,7,13,20,21,24,25,27,29;13,14,16,26,28,30;5,10,11,20,22,24;16,17,19,22,24,25;5,6,7,10,13,17,24;1,2,6,8,11,15,19,20,26,27,32,33;14,25,27,28,29,34;6,10,17,19,20,21,29;3,4,6,9,10,11,16,17,20,23,28,29,34;7,12,13,14,18,22,27;14,17,22,23,26,29,32;14,16,18,23,25,30;2,3,8,10,12,17,23,24,25,27,34,36;16,18,28;7,9,12;3,8,12,22,27;8,15,22;23,25,29;8,11,12;3,12,29
jd632_104_6851 37 1,2,3,4,5;0,2,5,7,8,10,13,22;0,1,3,6,9,12,19,22,29;0,2,4,8,12,25,29,32,36;0,3,5,16,25;0,1,4,7,10,13,15,16,19,21;2,9,15,17,21,22,24,25;1,5,9,12,15,17,21,26,31;1,3,11,12,15,22,29,32,33,35;2,6,7,12,25,31;1,5,13,15,19,21,24,25,29;8,12,15,16,19,22,25,35;2,3,7,8,9,11,16,26,29,31,32,35,36;1,5,10,17,18,21,26;18,23,26,27,28;5,6,7,8,10,11,22,33;4,5,11,12,18,20,25,28,30;6,7,13,20,21,24,25,27,29;13,14,16,26,28,30;2,5,10,11,20,22,24;16,17,19,24,25;5,6,7,10,13,17,24;1,2,6,8,11,15,19,26,27,32,33;14,25,27,28,29,34;6,10,17,19,20,21,29;3,4,6,9,10,11,16,17,20,23,28,29,34;7,12,13,14,18,22,27;14,17,22,23,26,29,32;14,16,18,23,25,30;2,3,8,10,12,17,23,24,25,27,34,36;16,18,28;7,9,12;3,8,12,22,27;8,15,22;23,25,29;8,11,12;3,12,29
jd632_104_7871 37 1,2,3,4,5;0,2,5,7,8,10,13,22;0,1,3,6,9,12,19,29;0,2,4,8,12,25,29,32,36;0,3,5,16,25;0,1,4,7,10,13,15,16,19,21;2,9,15,17,19,21,22,24,25;1,5,9,12,15,17,21,26,31;1,3,11,12,15,22,29,32,33,35;2,6,7,12,25,31;1,5,13,15,19,21,24,25,29;8,12,15,16,19,22,25,35;2,3,7,8,9,11,16,26,29,31,32,35,36;1,5,10,17,18,21,26;18,23,26,27,28;5,6,7,8,10,11,22,33;4,5,11,12,18,20,25,28,30;6,7,13,20,21,24,25,27,29;13,14,16,26,28,30;2,5,6,10,11,20,22,24;16,17,19,24,25;5,6,7,10,13,17,24;1,6,8,11,15,19,26,27,32,33;14,25,27,28,29,34;6,10,17,19,20,21,29;3,4,6,9,10,11,16,17,20,23,28,29,34;7,12,13,14,18,22,27;14,17,22,23,26,29,32;14,16,18,23,25,30;2,3,8,10,12,17,23,24,25,27,34,36;16,18,28;7,9,12;3,8,12,22,27;8,15,22;23,25,29;8,11,12;3,12,29
jd632_241_2342 38 1,2,3,4,5;0,2,5,7,8,13,17,22;0,1,3,6,9,12,22,29,35;0,2,4,8,12,25,29,32;0,3,5,16,25;0,1,4,7,10,13,15,16,19,21,34;2,9,15,17,22,24,25;1,5,9,12,15,17,21,26,31;1,3,11,12,15,21,22,29,32,33;2,6,7,12,25,31;5,13,15,19,21,24,25,29,35;8,12,15,16,19,21,22,25;2,3,7,8,9,11,16,26,29,31,32;1,5,10,17,18,21,26,34,37;18,23,26,27,28;5,6,7,8,10,11,22,33;4,5,11,12,18,20,25,28,30;1,6,7,13,20,21,24,25,27,32,36,37;13,14,16,26,28,30;5,10,11,20,22,24;16,17,19,24,25,36;5,7,8,10,11,13,17,24,34,37;1,2,6,8,11,15,19,26,27,29,33,35;14,25,27,28,29;6,10,17,19,20,21,36;3,4,6,9,10,11,16,17,20,23,28,29;7,12,13,14,18,22,27;14,17,22,23,26,29,32;14,16,18,23,25,30;2,3,8,10,12,22,23,25,27,35;16,18,28;7,9,12;3,8,12,17,27;8,15,22;5,13,21;2,10,22,29;17,20,24;13,17,21
jd632_241_2635 38 1,2,3,4,5;0,2,5,7,8,13,17,22;0,1,3,6,9,12,22,29,35;0,2,4,8,12,25,29,32;0,3,5,16,25;0,1,4,7,10,13,15,16,19,21,34;2,9,15,17,22,24,25;1,5,9,12,15,17,21,26,31;1,3,11,12,15,21,22,29,32,33;2,6,7,12,25,31;5,13,15,19,21,24,25,29,35,37;8,12,15,16,19,21,22,25;2,3,7,8,9,11,16,26,29,31,32;1,5,10,17,18,26,34,37;18,23,26,27,28;5,6,7,8,10,11,22,33;4,5,11,12,18,20,25,28,30;1,6,7,13,20,21,24,25,27,32,36,37;13,14,16,26,28,30;5,10,11,20,22,24;16,17,19,24,25,36;5,7,8,10,11,17,24,34,37;1,2,6,8,11,15,19,26,27,29,33,35;14,25,27,28,29;6,10,17,19,20,21,36;3,4,6,9,10,11,16,17,20,23,28,29;7,12,13,14,18,22,27;14,17,22,23,26,29,32;14,16,18,23,25,30;2,3,8,10,12,22,23,25,27,35;16,18,28;7,9,12;3,8,12,17,27;8,15,22;5,13,21;2,10,22,29;17,20,24;10,13,17,21
jd632_318_3755 34 1,2,3,4,5;0,2,5,7,8,10,13,22;0,1,3,6,9,11,12,22,29;0,2,4,8,12,25,29,32;0,3,5,16,25;0,1,4,7,10,13,15,16,19,21;2,9,17,21,22,24,25;1,5,9,12,15,17,21,26,31;1,3,11,12,15,21,22,29,32,33;2,6,7,12,25,31;1,5,13,15,19,21,24,25,29;2,8,12,15,16,19,21,22,25;2,3,7,8,9,11,16,26,29,31,32;1,5,10,17,18,21,26;18,23,26,27,28;5,7,8,10,11,33;4,5,11,12,18,20,25,28,30;6,7,13,20,21,24,25,27,32;13,14,16,26,28,30;5,10,11,20,22,24;16,17,19,24,25;5,6,7,8,10,11,13,17,24;1,2,6,8,11,19,26,27,29,33;14,25,27,28,29;6,10,17,19,20,21,29;3,4,6,9,10,11,16,17,20,23,28,29;7,12,13,14,18,22,27;14,17,22,23,26,29,32;14,16,18,23,25,30;2,3,8,10,12,22,23,24,25,27;16,18,28;7,9,12;3,8,12,17,27;8,15,22
jd632_318_4969 34 1,2,3,4,5;0,2,5,7,8,10,13,22;0,1,3,6,9,11,12,22,29;0,2,4,8,12,25,29,32;0,3,5,16,25;0,1,4,7,10,13,15,16,17,19,21;2,9,17,21,22,24,25;1,5,9,12,17,21,26,31;1,3,11,12,15,21,22,29,32,33;2,6,7,12,25,31;1,5,13,15,19,21,24,25,29;2,8,12,15,16,19,21,22,25;2,3,7,8,9,11,16,26,29,31,32;1,5,10,17,18,21,26;18,23,26,27,28;5,8,10,11,33;4,5,11,12,18,20,25,28,30;5,6,7,13,20,21,24,25,27,32;13,14,16,26,28,30;5,10,11,20,22,24;16,17,19,24,25;5,6,7,8,10,11,13,17,24;1,2,6,8,11,19,26,27,29,33;14,25,27,28,29;6,10,17,19,20,21,29;3,4,6,9,10,11,16,17,20,23,28,29;7,12,13,14,18,22,27;14,17,22,23,26,29,32;14,16,18,23,25,30;2,3,8,10,12,22,23,24,25,27;16,18,28;7,9,12;3,8,12,17,27;8,15,22
jd632_361_434 35 1,2,3,4,5;0,2,5,7,8,10,13,22;0,1,3,6,9,12,22,29;0,2,4,8,12,25,29,32;0,3,5,16,25;0,1,4,7,10,13,15,16,19,21;2,9,15,17,22,24,25;1,5,9,12,15,17,21,26,31;1,3,11,12,15,21,22,29,32,33;2,6,7,12,25,31;1,5,13,15,19,21,24,25,29;8,12,15,16,19,21,22,25;2,3,7,8,9,11,16,26,29,31,32;1,5,10,17,18,21,26;18,23,26,27,28;5,6,7,8,10,11,22,33;4,5,11,12,18,20,25,28,30;6,7,13,20,21,24,25,27,29,34;13,14,16,26,28,30;5,10,11,20,22,24;16,17,19,24,25;5,7,8,10,11,13,17,24;1,2,6,8,11,15,19,26,27,29,33;14,25,27,28,32;6,10,17,19,20,21,29;3,4,6,9,10,11,16,17,20,23,28,29,34;7,12,13,14,18,22,27;14,17,22,23,26,29,32;14,16,18,23,25,30;2,3,8,10,12,17,22,24,25,27,34;16,18,28;7,9,12;3,8,12,23,27;8,15,22;17,25,29
jd632_361_3764 35 1,2,3,4,5;0,2,5,7,8,10,13,22;0,1,3,6,9,12,22,29;0,2,4,8,12,25,29,32;0,3,5,16,25;0,1,4,7,10,13,15,16,19,21;2,9,15,17,22,24,25;1,5,9,12,17,19,21,26,31;1,3,11,12,15,21,22,29,32,33;2,6,7,12,25,31;1,5,13,15,19,21,24,25,29;8,12,15,16,19,21,22,25;2,3,7,8,9,11,16,26,29,31,32;1,5,10,17,18,21,26;18,23,26,27,28;5,6,8,10,11,22,33;4,5,11,12,18,20,25,28,30;6,7,13,20,21,24,25,27,29,34;13,14,16,26,28,30;5,7,10,11,20,22,24;16,17,19,24,25;5,7,8,10,11,13,17,24;1,2,6,8,11,15,19,26,27,29,33;14,25,27,28,32;6,10,17,19,20,21,29;3,4,6,9,10,11,16,17,20,23,28,29,34;7,12,13,14,18,22,27;14,17,22,23,26,29,32;14,16,18,23,25,30;2,3,8,10,12,17,22,24,25,27,34;16,18,28;7,9,12;3,8,12,23,27;8,15,22;17,25,29
jd632_361_3900 35 1,2,3,4,5;0,2,5,7,8,10,13,22;0,1,3,6,9,12,22,29;0,2,4,8,12,25,29,32;0,3,5,16,25;0,1,4,7,10,13,15,16,19,21;2,9,15,17,22,24,25;1,5,9,12,17,19,21,26,31;1,3,11,12,15,21,22,29,32,33;2,6,7,12,25,31;1,5,13,15,19,24,25,29;8,12,15,16,19,21,22,25;2,3,7,8,9,11,16,26,29,31,32;1,5,10,17,18,21,26;18,23,26,27,28;5,6,8,10,11,17,22,33;4,5,11,12,18,20,25,28,30;6,7,13,15,20,21,24,25,27,29,34;13,14,16,26,28,30;5,7,10,11,20,22,24;16,17,19,24,25;5,7,8,11,13,17,24;1,2,6,8,11,15,19,26,27,29,33;14,25,27,28,32;6,10,17,19,20,21,29;3,4,6,9,10,11,16,17,20,23,28,29,34;7,12,13,14,18,22,27;14,17,22,23,26,29,32;14,16,18,23,25,30;2,3,8,10,12,17,22,24,25,27,34;16,18,28;7,9,12;3,8,12,23,27;8,15,22;17,25,29
jd632_381_5461 36 1,2,3,4,5;0,2,5,8,10,13,22,24;0,1,3,6,9,12,22,29,31;0,2,4,8,12,25,29,32;0,3,5,16,25;0,1,4,7,10,13,15,16,19,21,34,35;2,9,15,17,21,22,25;5,9,12,15,17,21,26;1,3,11,12,22,29,32,33;2,6,7,12,25,31;1,5,13,15,19,21,24,25,29;8,12,16,19,21,22,25,34;2,3,7,8,9,11,16,26,31,32,33;1,5,10,17,18,21,26,34;18,23,26,27,28;5,6,7,10,22,33;4,5,11,12,18,20,25,28,30;6,7,13,19,20,21,24,25,27,29;13,14,16,26,28,30;5,10,11,17,20,22,35;16,17,19,22,24,25;5,6,7,10,11,13,17,34,35;1,2,6,8,11,15,19,20,26,27,29,32,33;14,25,27,28,29;1,10,17,20,29;3,4,6,9,10,11,16,17,20,23,28,29;7,12,13,14,18,22,27;14,17,22,23,26,29,32;14,16,18,23,25,30;2,3,8,10,17,22,23,24,25,27;16,18,28;2,9,12;3,8,12,22,27;8,12,15,22;5,11,13,21,35;5,19,21,34
jd632_381_7250 36 1,2,3,4,5;0,2,5,7,8,10,22,24;0,1,3,6,9,12,22,29,31;0,2,4,8,12,25,29,32;0,3,5,16,25;0,1,4,7,10,13,15,16,19,21,34,35;2,9,15,17,21,22,25;1,5,9,12,15,17,21,26;1,3,11,12,22,29,32,33;2,6,7,12,25,31;1,5,13,15,19,21,24,25,29;8,12,16,19,21,22,25,34;2,3,7,8,9,11,16,26,31,32,33;5,10,17,18,21,26,34;18,23,26,27,28;5,6,7,10,22,33;4,5,11,12,18,20,25,28,30;6,7,13,19,20,21,24,25,27,29;13,14,16,26,28,30;5,10,11,17,20,22,35;16,17,19,22,24,25;5,6,7,10,11,13,17,34,35;1,2,6,8,11,15,19,20,26,27,29,32,33;14,25,27,28,29;1,10,17,20,29;3,4,6,9,10,11,16,17,20,23,28,29;7,12,13,14,18,22,27;14,17,22,23,26,29,32;14,16,18,23,25,30;2,3,8,10,17,22,23,24,25,27;16,18,28;2,9,12;3,8,12,22,27;8,12,15,22;5,11,13,21,35;5,19,21,34
jd632_881_2161 38 1,2,3,4,5;0,2,5,7,8,10,13,22;0,1,3,6,9,12,22,29,35;0,2,4,8,12,25,29,32;0,3,5,16,25,37;0,1,4,7,10,13,15,16,19,21,37;2,9,15,17,22,24,25,34,35;1,5,9,12,15,17,21,26,31;1,3,11,12,15,21,22,29,32,33;2,6,7,12,25,31;1,5,13,15,19,21,24,25,29;8,12,15,16,19,21,22,25;2,3,7,8,9,11,16,26,29,31,32;1,5,10,17,18,21,26;18,23,26,27,28;5,6,7,8,10,11,22;4,5,11,12,18,20,25,28,30,37;6,7,13,20,21,24,25,27,32;13,14,16,26,28,30,36;5,10,11,20,22,24,34;16,17,19,24,25;5,7,8,10,11,13,17,24;1,2,6,8,11,15,19,26,27,29,33,35;14,25,27,28,29;6,10,17,19,20,21,29,34;3,4,6,9,10,11,16,17,20,23,28,29;7,12,13,14,18,22,27;14,17,22,23,26,29,32;14,16,18,23,25,30,36;2,3,8,10,12,22,23,24,25,27;16,18,28,36;7,9,12;3,8,12,17,27,33;8,22,32;6,19,24;2,6,22;18,28,30;4,5,16
jd632_881_6286 38 1,2,3,4,5;0,2,5,7,8,10,13,22;0,1,3,6,9,12,22,29,35;0,2,4,8,12,25,29,32;0,3,5,16,25,37;0,1,4,7,10,13,15,16,19,21,37;2,9,15,17,19,22,24,25,34,35;1,5,9,12,15,17,21,26,31;1,3,11,12,15,21,22,29,32,33;2,6,7,12,25,31;1,5,13,15,19,21,24,25,29;8,12,15,16,21,22,25;2,3,7,8,9,11,16,26,29,31,32;1,5,10,17,18,21,26;18,23,26,27,28;5,6,7,8,10,11,22;4,5,11,12,18,20,25,28,30,37;6,7,13,20,21,24,25,27,32;13,14,16,26,28,30,36;5,6,10,20,22,24,34;16,17,19,24,25;5,7,8,10,11,13,17,24;1,2,6,8,11,15,19,26,27,29,33,35;14,25,27,28,29;6,10,17,19,20,21,29,34;3,4,6,9,10,11,16,17,20,23,28,29;7,12,13,14,18,22,27;14,17,22,23,26,29,32;14,16,18,23,25,30,36;2,3,8,10,12,22,23,24,25,27;16,18,28,36;7,9,12;3,8,12,17,27,33;8,22,32;6,19,24;2,6,22;18,28,30;4,5,16
