p30.r10#1252 30 1,2,3,4,5;0,5,6,7,8,2;0,1,8,9,3;0,2,9,10,11,12,13,4;0,3,13,14,5;0,4,14,15,6,1;1,5,15,16,17,7;1,6,17,18,19,20,8;1,7,20,21,9,2;2,8,21,10,3;3,9,21,22,11;3,10,22,23,12;3,11,23,24,13;3,12,24,14,4;4,13,24,25,15,5;5,14,25,16,6;6,15,25,26,27,17;6,16,27,18,7;7,17,27,28,19;7,18,28,29,20;7,19,29,21,8;8,20,29,22,10,9;10,21,29,28,23,11;11,22,28,26,24,12;12,23,26,25,14,13;14,24,26,16,15;16,25,24,23,28,27;16,26,28,18,17;18,27,26,23,22,29,19;19,28,22,21,20 appfree=1 rsstfree=1
p30.r24#47494 30 1,2,3,4,5;0,5,6,7,8,9,2;0,1,9,10,11,12,3;0,2,12,13,4;0,3,13,14,5;0,4,14,15,6,1;1,5,15,16,7;1,6,16,17,18,8;1,7,18,19,9;1,8,19,10,2;2,9,19,20,11;2,10,20,21,12;2,11,21,22,13,3;3,12,22,23,14,4;4,13,23,24,15,5;5,14,24,16,6;6,15,24,17,7;7,16,24,25,26,18;7,17,26,19,8;8,18,26,27,20,10,9;10,19,27,21,11;11,20,27,28,29,22,12;12,21,29,23,13;13,22,29,25,24,14;14,23,25,17,16,15;17,24,23,29,28,26;17,25,28,27,19,18;19,26,28,21,20;21,27,26,25,29;21,28,25,23,22 appfree=1 rsstfree=1
p30.r26#37126 30 1,2,3,4,5;0,5,6,7,8,2;0,1,8,9,3;0,2,9,10,4;0,3,10,11,12,5;0,4,12,13,6,1;1,5,13,14,15,7;1,6,15,16,17,8;1,7,17,18,9,2;2,8,18,19,10,3;3,9,19,20,21,11,4;4,10,21,22,12;4,11,22,13,5;5,12,22,23,14,6;6,13,23,24,15;6,14,24,16,7;7,15,24,25,26,17;7,16,26,18,8;8,17,26,19,9;9,18,26,20,10;10,19,26,27,21;10,20,27,28,29,22,11;11,21,29,23,13,12;13,22,29,24,14;14,23,29,28,25,16,15;16,24,28,27,26;16,25,27,20,19,18,17;20,26,25,28,21;21,27,25,24,29;21,28,24,23,22 appfree=1 rsstfree=1
p30.r8#37968 30 1,2,3,4,5;0,5,6,7,8,9,10,2;0,1,10,11,3;0,2,11,12,4;0,3,12,13,14,15,16,5;0,4,16,6,1;1,5,16,17,7;1,6,17,18,8;1,7,18,19,9;1,8,19,20,10;1,9,20,11,2;2,10,20,21,22,23,12,3;3,11,23,13,4;4,12,23,24,14;4,13,24,25,15;4,14,25,17,16;4,15,17,6,5;6,16,15,25,26,27,18,7;7,17,27,19,8;8,18,27,28,29,21,20,9;9,19,21,11,10;11,20,19,29,22;11,21,29,24,23;11,22,24,13,12;13,23,22,29,28,26,25,14;14,24,26,17,15;17,25,24,28,27;17,26,28,19,18;19,27,26,24,29;19,28,24,22,21 appfree=1 rsstfree=1
p31.r14#200455 31 1,2,3,4,5;0,5,6,7,8,2;0,1,8,9,10,3;0,2,10,11,4;0,3,11,12,5;0,4,12,13,6,1;1,5,13,14,15,16,7;1,6,16,17,8;1,7,17,18,9,2;2,8,18,19,10;2,9,19,20,11,3;3,10,20,21,12,4;4,11,21,22,13,5;5,12,22,14,6;6,13,22,23,15;6,14,23,24,16;6,15,24,17,7;7,16,24,25,26,18,8;8,17,26,19,9;9,18,26,27,28,20,10;10,19,28,21,11;11,20,28,29,22,12;12,21,29,23,14,13;14,22,29,30,24,15;15,23,30,25,17,16;17,24,30,27,26;17,25,27,19,18;19,26,25,30,28;19,27,30,29,21,20;21,28,30,23,22;23,29,28,27,25,24 appfree=1 rsstfree=1
p31.r55#873457 31 1,2,3,4,5;0,5,6,7,8,2;0,1,8,9,3;0,2,9,10,4;0,3,10,11,12,5;0,4,12,13,14,6,1;1,5,14,15,7;1,6,15,16,17,8;1,7,17,18,9,2;2,8,18,19,20,10,3;3,9,20,21,11,4;4,10,21,22,12;4,11,22,23,13,5;5,12,23,24,14;5,13,24,15,6;6,14,24,25,16,7;7,15,25,26,27,17;7,16,27,18,8;8,17,27,19,9;9,18,27,28,20;9,19,28,21,10;10,20,28,29,22,11;11,21,29,23,12;12,22,29,30,24,13;13,23,30,25,15,14;15,24,30,26,16;16,25,30,29,27;16,26,29,28,19,18,17;19,27,29,21,20;21,28,27,26,30,23,22;23,29,26,25,24 appfree=1 rsstfree=1
p32.r15#36737 32 1,2,3,4,5;0,5,6,7,8,9,2;0,1,9,10,11,3;0,2,11,12,13,14,4;0,3,14,15,5;0,4,15,6,1;1,5,15,16,7;1,6,16,17,8;1,7,17,18,9;1,8,18,10,2;2,9,18,19,20,11;2,10,20,12,3;3,11,20,21,13;3,12,21,22,14;3,13,22,23,15,4;4,14,23,24,16,6,5;6,15,24,17,7;7,16,24,25,26,18,8;8,17,26,27,19,10,9;10,18,27,28,20;10,19,28,21,12,11;12,20,28,29,30,22,13;13,21,30,23,14;14,22,30,31,25,24,15;15,23,25,17,16;17,24,23,31,26;17,25,31,29,27,18;18,26,29,28,19;19,27,29,21,20;21,28,27,26,31,30;21,29,31,23,22;23,30,29,26,25 appfree=1 rsstfree=1
p32.r29#178452 32 1,2,3,4,5,6;0,6,7,8,9,2;0,1,9,10,3;0,2,10,11,4;0,3,11,12,13,5;0,4,13,14,6;0,5,14,15,7,1;1,6,15,16,8;1,7,16,17,18,9;1,8,18,19,10,2;2,9,19,20,21,11,3;3,10,21,12,4;4,11,21,22,23,24,13;4,12,24,14,5;5,13,24,25,26,15,6;6,14,26,27,28,16,7;7,15,28,17,8;8,16,28,29,30,18;8,17,30,19,9;9,18,30,20,10;10,19,30,29,31,22,21;10,20,22,12,11;12,21,20,31,23;12,22,31,25,24;12,23,25,14,13;14,24,23,31,26;14,25,31,27,15;15,26,31,29,28;15,27,29,17,16;17,28,27,31,20,30;17,29,20,19,18;20,29,27,26,25,23,22 appfree=1 rsstfree=1
p32.r33#255673 32 1,2,3,4,5;0,5,6,7,8,9,10,2;0,1,10,11,3;0,2,11,12,13,4;0,3,13,14,15,5;0,4,15,6,1;1,5,15,16,7;1,6,16,17,8;1,7,17,18,19,9;1,8,19,20,21,10;1,9,21,11,2;2,10,21,22,23,12,3;3,11,23,24,25,13;3,12,25,14,4;4,13,25,26,15;4,14,26,16,6,5;6,15,26,27,28,17,7;7,16,28,18,8;8,17,28,29,30,19;8,18,30,20,9;9,19,30,31,22,21;9,20,22,11,10;11,21,20,31,23;11,22,31,24,12;12,23,31,29,27,26,25;12,24,26,14,13;14,25,24,27,16,15;16,26,24,29,28;16,27,29,18,17;18,28,27,24,31,30;18,29,31,20,19;20,30,29,24,23,22 appfree=1 rsstfree=1
p32.r4#265732 32 1,2,3,4,5,6;0,6,7,8,9,2;0,1,9,10,3;0,2,10,11,4;0,3,11,12,13,14,5;0,4,14,15,6;0,5,15,16,7,1;1,6,16,17,8;1,7,17,18,9;1,8,18,19,20,10,2;2,9,20,21,11,3;3,10,21,22,12,4;4,11,22,23,13;4,12,23,24,25,14;4,13,25,15,5;5,14,25,16,6;6,15,25,26,27,17,7;7,16,27,18,8;8,17,27,28,19,9;9,18,28,29,20;9,19,29,21,10;10,20,29,30,22,11;11,21,30,23,12;12,22,30,24,13;13,23,30,31,26,25;13,24,26,16,15,14;16,25,24,31,27;16,26,31,28,18,17;18,27,31,30,29,19;19,28,30,21,20;21,29,28,31,24,23,22;24,30,28,27,26 appfree=1 rsstfree=1
p32.r44#491295 32 1,2,3,4,5;0,5,6,7,8,2;0,1,8,9,10,11,3;0,2,11,12,4;0,3,12,13,14,15,16,5;0,4,16,6,1;1,5,16,17,18,7;1,6,18,19,8;1,7,19,20,21,9,2;2,8,21,22,10;2,9,22,23,11;2,10,23,12,3;3,11,23,13,4;4,12,23,24,14;4,13,24,25,15;4,14,25,17,16;4,15,17,6,5;6,16,15,25,26,27,18;6,17,27,19,7;7,18,27,20,8;8,19,27,28,21;8,20,28,22,9;9,21,28,29,30,31,23,10;10,22,31,24,13,12,11;13,23,31,25,14;14,24,31,30,26,17,15;17,25,30,29,27;17,26,29,28,20,19,18;20,27,29,22,21;22,28,27,26,30;22,29,26,25,31;22,30,25,24,23 appfree=1 rsstfree=1
p32.r53#2407 32 1,2,3,4,5,6;0,6,7,8,9,10,2;0,1,10,11,3;0,2,11,12,4;0,3,12,13,14,5;0,4,14,15,6;0,5,15,7,1;1,6,15,16,17,18,8;1,7,18,19,20,9;1,8,20,21,10;1,9,21,22,23,11,2;2,10,23,12,3;3,11,23,24,25,26,13,4;4,12,26,27,14;4,13,27,16,15,5;5,14,16,7,6;7,15,14,27,28,17;7,16,28,29,18;7,17,29,19,8;8,18,29,30,31,20;8,19,31,21,9;9,20,31,22,10;10,21,31,24,23;10,22,24,12,11;12,23,22,31,25;12,24,31,30,26;12,25,30,28,27,13;13,26,28,16,14;16,27,26,30,29,17;17,28,30,19,18;19,29,28,26,25,31;19,30,25,24,22,21,20 appfree=1 rsstfree=1
p32.r57#1502517 32 1,2,3,4,5;0,5,6,7,8,9,10,2;0,1,10,11,12,3;0,2,12,13,4;0,3,13,14,5;0,4,14,15,6,1;1,5,15,16,7;1,6,16,17,8;1,7,17,18,9;1,8,18,19,20,10;1,9,20,11,2;2,10,20,21,12;2,11,21,22,13,3;3,12,22,23,14,4;4,13,23,24,15,5;5,14,24,25,16,6;6,15,25,26,17,7;7,16,26,27,18,8;8,17,27,28,19,9;9,18,28,29,20;9,19,29,21,11,10;11,20,29,30,22,12;12,21,30,23,13;13,22,30,24,14;14,23,30,31,25,15;15,24,31,26,16;16,25,31,27,17;17,26,31,30,28,18;18,27,30,29,19;19,28,30,21,20;21,29,28,27,31,24,23,22;24,30,27,26,25 appfree=1 rsstfree=1
p32.r83#685996 32 1,2,3,4,5;0,5,6,7,8,9,2;0,1,9,10,11,3;0,2,11,12,13,4;0,3,13,14,15,16,5;0,4,16,6,1;1,5,16,17,7;1,6,17,18,8;1,7,18,19,9;1,8,19,10,2;2,9,19,20,21,22,11;2,10,22,12,3;3,11,22,23,13;3,12,23,24,14,4;4,13,24,25,15;4,14,25,17,16;4,15,17,6,5;6,16,15,25,26,27,18,7;7,17,27,19,8;8,18,27,28,20,10,9;10,19,28,29,21;10,20,29,23,22;10,21,23,12,11;12,22,21,29,30,24,13;13,23,30,31,25,14;14,24,31,26,17,15;17,25,31,28,27;17,26,28,19,18;19,27,26,31,30,29,20;20,28,30,23,21;23,29,28,31,24;24,30,28,26,25 appfree=1 rsstfree=1
p32.r89#21258 32 1,2,3,4,5,6,7;0,7,8,9,10,2;0,1,10,11,3;0,2,11,12,4;0,3,12,13,14,5;0,4,14,15,16,6;0,5,16,17,7;0,6,17,8,1;1,7,17,18,19,20,9;1,8,20,21,10;1,9,21,22,11,2;2,10,22,12,3;3,11,22,23,13,4;4,12,23,24,14;4,13,24,15,5;5,14,24,25,16;5,15,25,26,27,18,17,6;6,16,18,8,7;8,17,16,27,19;8,18,27,28,20;8,19,28,21,9;9,20,28,29,30,22,10;10,21,30,23,12,11;12,22,30,24,13;13,23,30,29,31,25,15,14;15,24,31,26,16;16,25,31,28,27;16,26,28,19,18;19,27,26,31,29,21,20;21,28,31,24,30;21,29,24,23,22;24,29,28,26,25 appfree=1 rsstfree=1
p32.r94#1808149 32 1,2,3,4,5;0,5,6,7,8,9,2;0,1,9,10,3;0,2,10,11,12,13,14,15,4;0,3,15,16,5;0,4,16,6,1;1,5,16,17,7;1,6,17,18,8;1,7,18,19,20,9;1,8,20,21,10,2;2,9,21,11,3;3,10,21,22,12;3,11,22,23,13;3,12,23,24,25,14;3,13,25,26,15;3,14,26,16,4;4,15,26,27,17,6,5;6,16,27,18,7;7,17,27,28,29,30,19,8;8,18,30,31,20;8,19,31,21,9;9,20,31,22,11,10;11,21,31,30,23,12;12,22,30,29,24,13;13,23,29,28,25;13,24,28,27,26,14;14,25,27,16,15;16,26,25,28,18,17;18,27,25,24,29;18,28,24,23,30;18,29,23,22,31,19;19,30,22,21,20 appfree=1 rsstfree=1
