ex_sphere_w15:n1_7511_15_2656 30 1,2,3,4,5;0,2,5,7,12,13,20,26;0,1,3,11,20,22,27;0,2,4,24,25,27,28;0,3,5,8,19,23,24;0,1,4,10,13,19,23;8,10,12,20,29;1,8,11,18,19,27,28;4,6,7,13,19,24;10,14,15,16,17,18,23,27;5,6,9,24,25,27,29;2,7,12,17,19,26,28;1,6,11,21,25,26,29;1,5,8,14,20;9,13,15,23;9,14,16,20,23,24;9,15,17,18,24;9,11,16,18,26,27,29;7,9,16,17,22,26,28;4,5,7,8,11,22,23,27;1,2,6,13,15,21,25,28;12,20,22,25,27,28;2,18,19,21,27;4,5,9,14,15,19,24;3,4,8,10,15,16,23,25,29;3,10,12,20,21,24;1,11,12,17,18,28,29;2,3,7,9,10,17,19,21,22;3,7,11,18,20,21,26;6,10,12,17,24,26
ex_sphere_w15:n1_7511_15_2860 30 1,2,3,4,5;0,2,5,7,12,13,26;0,1,3,6,7,11,20,22,25,27;0,2,4,24,25,27,28;0,3,5,8,19,23,24;0,1,4,10,13,19,23;2,8,10,11,12,18,20;1,2,8,18,19,25,28;4,6,7,13,19,22,24;10,14,15,16,17,18,23,25,27;5,6,9,18,24,25,27;2,6,16,19,20,24,26,28;1,6,21,25,26;1,5,8,14,16,20,23;9,13,15,23;9,14,20,23,24;9,11,13,17,18,24;9,16,18,20,26,27,29;6,7,9,10,16,17,22,28;4,5,7,8,11,22,23;2,6,11,13,15,17,21,27,28;12,20,22,25,27,28;2,8,18,19,21,27;4,5,9,13,14,15,19;3,4,8,10,11,15,16,25;2,3,7,9,10,12,21,24;1,11,12,17,28,29;2,3,9,10,17,20,21,22,28;3,7,11,18,20,21,26,27,29;17,26,28
ex_sphere_w15:n1_7511_15_3104 30 1,2,3,4,5;0,2,5,7,12,13,26;0,1,3,7,20,22,25;0,2,4,24,25,28;0,3,5,8,19,23,24;0,1,4,10,13,16,19,23;8,10,11,12,18,20,26;1,2,19,21,25,28;4,6,19,22,24;10,14,15,17,18,23,25,27;5,6,9,18,19;6,19,20,21,28;1,6,20,21,26,27;1,5,14,16,23;9,13,15,23;9,14,16,20,23,24,26;5,13,15,17,18,24,25;9,16,18,26,27,29;6,9,10,16,17,19,24,28;4,5,7,8,10,11,18,22,23,26;2,6,11,12,15,27;7,11,12,22,25,28;2,8,19,21,27,29;4,5,9,13,14,15,19;3,4,8,15,16,18;2,3,7,9,16,21;1,6,12,15,17,19,29;9,12,17,20,22,28;3,7,11,18,21,27,29;17,22,26,28
ex_sphere_w15:n1_7511_15_3307 30 1,2,3,4,5;0,2,5,7,12,13,26;0,1,3,7,20,22,26,27;0,2,4,24,28,29;0,3,5,8,19,23,24;0,1,4,10,13,16,19,23;8,10,11,12,20,22,26,27;1,2,19,25,27,28;4,6,22,24;10,11,14,15,17,18,23,25;5,6,9,19,27;6,9,17,20,21,28;1,6,21,26,27;1,5,14,16,20,23;9,13,15,23;9,14,23,24,26;5,13,17,18,24,25;9,11,16,18,26,29;9,16,17,24,28;4,5,7,10,23,29;2,6,11,13,27;11,12,22,25,28;2,6,8,21,29;4,5,9,13,14,15,19;3,4,8,15,16,18;7,9,16,21;1,2,6,12,15,17,29;2,6,7,10,12,20,28;3,7,11,18,21,27,29;3,17,19,22,26,28
ex_sphere_batch1:n1_7511_14_1907 32 1,2,3,4,5;0,2,5,8,10,20,30;0,1,3,10,20,21,26;0,2,4,6,16,17,21,26,29,30;0,3,5,9,16;0,1,4,8,9,14;3,7,8,9,10,21;6,8,11,14,20,31;1,5,6,7,9,13;4,5,6,8,10,12,14,16;1,2,6,9,11,15,16,23,30;7,10,16,17;9,13,17,20,23,27,29;8,12,14,19,21,22,28;5,7,9,13,15,17,19,21,27;10,14,27,29;3,4,9,10,11,17,24;3,11,12,14,16,21,26,29;19,25,30,31;13,14,18,23,24,25;1,2,7,12,22,24,26,28,29;2,3,6,13,14,17,25,30;13,20,28,29;10,12,19,24,25,30;16,19,20,23,28,30;18,19,21,23,29,31;2,3,17,20,28,31;12,14,15,29,31;13,20,22,24,26,29,30,31;3,12,15,17,20,22,25,27,28,31;1,3,10,18,21,23,24,28;7,18,25,26,27,28,29
ex_sphere_batch1:n1_7511_14_1952 32 1,2,3,4,5;0,2,5,8,10,20,23,30;0,1,3,20,21,26;0,2,4,6,16,17,21,26,29,30;0,3,5,9,16;0,1,4,8,9,14;3,7,8,9,10,21;6,8,11,14,20,31;1,5,6,7,9,13;4,5,6,8,10,12,14,16;1,6,9,11,15,16,20,23,30;7,10,16,17;9,13,17,19,23,27,29;8,12,14,19,21,22,28;5,7,9,13,15,17,19,21,27;10,14,27,29;3,4,9,10,11,17,24;3,11,12,14,16,21,26,29;19,25,30,31;12,13,14,18,23,24,25;1,2,7,10,22,24,28,29;2,3,6,13,14,17,25,30;13,20,28,29;1,10,12,19,24,25,30;16,19,20,23,25,28,30;18,19,21,23,24,29,31;2,3,17,28,31;12,14,15,29,31;13,20,22,24,26,29,30,31;3,12,15,17,20,22,25,27,28,31;1,3,10,18,21,23,24,28;7,18,25,26,27,28,29
ex_sphere_batch1:n1_7511_14_2004 32 1,2,3,4,5;0,2,5,8,10,20,23,30;0,1,3,20,21,26;0,2,4,6,16,17,21,26,30;0,3,5,9,16;0,1,4,8,9,14;3,7,8,9,10,21;6,8,11,14,20,31;1,5,6,7,9,13;4,5,6,8,10,12,14,16;1,6,9,11,15,20,22,23,30;7,10,16,17;9,13,19,23,27,29;8,12,14,19,21,22,28;5,7,9,13,15,17,19,21,23,26,27;10,14,27,29;3,4,9,11,17,24;3,11,14,16,21,26,29;19,25,30,31;12,13,14,18,23,24,25;1,2,7,10,22,24,29;2,3,6,13,14,17,25,30;10,13,20,28,29;1,10,12,14,19,24,25,30;16,19,20,23,25,28;18,19,21,23,24,29,31;2,3,14,17,28,31;12,14,15,29,31;13,22,24,26,29,30,31;12,15,17,20,22,25,27,28,31;1,3,10,18,21,23,28;7,18,25,26,27,28,29
ex_sphere_batch1:n1_7511_14_2050 32 1,2,3,4,5;0,2,5,8,10,20,23,30;0,1,3,20,21,26,28;0,2,4,6,16,17,21,26,30;0,3,5,9,16;0,1,4,8,9,14;3,7,8,9,10,21;6,8,11,14,20,31;1,5,6,7,9,13,20;4,5,6,8,10,12,16;1,6,9,11,20,22,23,30;7,10,16,17;9,13,19,23,27,29;8,12,14,19,21,22,28;5,7,13,15,17,19,21,23,26,27;14,25,27,29;3,4,9,11,17,24;3,11,14,16,21,26,29;19,20,25;12,13,14,18,20,21,23,24,25;1,2,7,8,10,18,19,22,24,29;2,3,6,13,14,17,19,25,30;10,13,20,28,29;1,10,12,14,19,24,25,30;16,19,20,23,25,28;15,18,19,21,23,24,29,31;2,3,14,17,28,31;12,14,15,29,31;2,13,22,24,26,29,31;12,15,17,20,22,25,27,28,31;1,3,10,21,23;7,25,26,27,28,29
ex_sphere_3:n1_7511_14_1907 32 1,2,3,4,5;0,2,5,8,10,20,30;0,1,3,10,20,21,26;0,2,4,6,16,17,21,26,29,30;0,3,5,9,16;0,1,4,8,9,14;3,7,8,9,10,21;6,8,11,14,20,31;1,5,6,7,9,13;4,5,6,8,10,12,14,16;1,2,6,9,11,15,16,23,30;7,10,16,17;9,13,17,20,23,27,29;8,12,14,19,21,22,28;5,7,9,13,15,17,19,21,27;10,14,27,29;3,4,9,10,11,17,24;3,11,12,14,16,21,26,29;19,25,30,31;13,14,18,23,24,25;1,2,7,12,22,24,26,28,29;2,3,6,13,14,17,25,30;13,20,28,29;10,12,19,24,25,30;16,19,20,23,28,30;18,19,21,23,29,31;2,3,17,20,28,31;12,14,15,29,31;13,20,22,24,26,29,30,31;3,12,15,17,20,22,25,27,28,31;1,3,10,18,21,23,24,28;7,18,25,26,27,28,29
ex_sphere_3:n1_7511_14_1918 32 1,2,3,4,5;0,2,5,8,10,20,30;0,1,3,10,20,21,26;0,2,4,6,16,17,21,26,29,30;0,3,5,9,16;0,1,4,8,9,14;3,7,8,9,10,21;6,8,11,14,20,31;1,5,6,7,9,13;4,5,6,8,10,12,14,16;1,2,6,9,11,15,16,23,30;7,10,16,17;9,13,17,20,23,27,29;8,12,14,19,21,22,28;5,7,9,13,15,17,19,21,27;10,14,27,29;3,4,9,10,11,17,24;3,11,12,14,16,21,26,29;19,25,30,31;13,14,18,23,24,25;1,2,7,12,22,24,26,28,29;2,3,6,13,14,17,25,30;13,20,28,29;10,12,19,24,25,30;16,19,20,23,25,28,30;18,19,21,23,24,29,31;2,3,17,20,28,31;12,14,15,29,31;13,20,22,24,26,29,30,31;3,12,15,17,20,22,25,27,28,31;1,3,10,18,21,23,24,28;7,18,25,26,27,28,29
ex_sphere_3:n1_7511_14_1920 32 1,2,3,4,5;0,2,5,8,10,20,30;0,1,3,10,20,21,26;0,2,4,6,16,17,21,26,29,30;0,3,5,9,16;0,1,4,8,9,14;3,7,8,9,10,21;6,8,11,14,20,31;1,5,6,7,9,13;4,5,6,8,10,12,14,16;1,2,6,9,11,15,16,23,30;7,10,16,17;9,13,17,19,20,23,27,29;8,12,14,19,21,22,28;5,7,9,13,15,17,19,21,27;10,14,27,29;3,4,9,10,11,17,24;3,11,12,14,16,21,26,29;19,25,30,31;12,13,14,18,23,24,25;1,2,7,12,22,24,26,28,29;2,3,6,13,14,17,25,30;13,20,28,29;10,12,19,24,25,30;16,19,20,23,25,28,30;18,19,21,23,24,29,31;2,3,17,20,28,31;12,14,15,29,31;13,20,22,24,26,29,30,31;3,12,15,17,20,22,25,27,28,31;1,3,10,18,21,23,24,28;7,18,25,26,27,28,29
ex_torus_s1:n1_7121_17_5 29 1,2,3,4,5;0,2,5,8,14,28;0,1,3,22,28;0,2,4,7,16,17,19,22,23,25,26;0,3,5,12,17,24,25;0,1,4,8,9,12;10,11,16,19,21,22,27;3,10,17,19,23,26,28;1,5,11,18,23,27;5,12,14,15,17,22,27,28;6,7,11,12,13,16;6,8,10,16,20,25;4,5,9,10,15,20,23,25,26;10,14,18,25,28;1,9,13,20,22,25;9,12,21,24,25,27;3,6,10,11,17,19,20,21,26,28;3,4,7,9,16,23,24;8,13,26,28;3,6,7,16,21,28;11,12,14,16,25;6,15,16,19,23,24,27;2,3,6,9,14,24,25,26,28;3,7,8,12,17,21,27;4,15,17,21,22;3,4,11,12,13,14,15,20,22,27;3,7,12,16,18,22;6,8,9,15,21,23,25;1,2,7,9,13,16,18,19,22
ex_torus_s1:n1_7121_17_522 29 1,2,3,4,5;0,2,5,8,14;0,1,3,22,28;0,2,4,7,15,17,22,23,24,25,27;0,3,5,12,17,21,24,25;0,1,4,8,9,11,12,15;10,12,16,22,27;3,17,23,26;1,5,18,19,23,28;5,11,12,13,14,15,19,22,28;6,12,13,15,16,25;5,9,15,26;4,5,6,9,10,16,20,25;9,10,14,18,24,25,28;1,9,13,20,22,24;3,5,9,10,11,19,21,27;6,10,12,19,20,21,26;3,4,7,23,24;8,13,26,28;8,9,15,16,21,23;12,14,16,25;4,15,16,19,23,26,27;2,3,6,9,14,25,26,28;3,7,8,17,19,21,27;3,4,13,14,17,27;3,4,10,12,13,20,22,27;7,11,16,18,21,22;3,6,15,21,23,24,25;2,8,9,13,18,22
ex_torus_s1:n1_7121_17_1155 29 1,2,3,4,5;0,2,5,8,14;0,1,3,21,22,28;0,2,4,22,25,27;0,3,5,10,17,19,21,24,25;0,1,4,8,9,11,12,15;8,10,11,16,17,19,22,27;10,12,19,21,24;1,5,6,18,23,27,28;5,11,12,13,14,27,28;4,6,7,12,13,15,25;5,6,9,15,25,26;5,7,9,10,15,20;9,10,14,18,25,28;1,9,13,20,22,24,25;5,10,11,12,25,27;6,19,20,21,23,26,27;4,6,21,24;8,13,26,28;4,6,7,16,21,25;12,14,16,24;2,4,7,16,17,19,22,23,24,25,26;2,3,6,14,21,25,26,28;8,16,21,27;4,7,14,17,20,21,27;3,4,10,11,13,14,15,19,21,22;11,16,18,21,22;3,6,8,9,15,16,23,24;2,8,9,13,18,22
ex_torus_s1:n1_7121_17_1847 29 1,2,3,4,5;0,2,5,8,14;0,1,3,22,28;0,2,4,15,17,19,22,23,25,27;0,3,5,9,10,17,24;0,1,4,8,9,11,12,15;8,10,11,16,17,22;10,12,21,24,25,27;1,5,6,17,18,19,23,28;4,5,11,12,13,14,27,28;4,6,7,12,13,15,25;5,6,9,16,20,25,26;5,7,9,10,15,24,25;9,10,14,18,25,28;1,9,13,20,22,25;3,5,10,12,19,25;6,11,17,19,20,21,23,26;3,4,6,8,16,21,24,25,28;8,13,26,28;3,8,15,16,23,24;11,14,16,24,25;7,16,17,23,26,27;2,3,6,14,23,25,26;3,8,16,19,21,22;4,7,12,17,19,20,27;3,7,10,11,12,13,14,15,17,20,22;11,16,18,21,22;3,7,9,21,24;2,8,9,13,17,18
ex_torus_lineages:n1_7121_17_5 29 1,2,3,4,5;0,2,5,8,14,28;0,1,3,22,28;0,2,4,7,16,17,19,22,23,25,26;0,3,5,12,17,24,25;0,1,4,8,9,12;10,11,16,19,21,22,27;3,10,17,19,23,26,28;1,5,11,18,23,27;5,12,14,15,17,22,27,28;6,7,11,12,13,16;6,8,10,16,20,25;4,5,9,10,15,20,23,25,26;10,14,18,25,28;1,9,13,20,22,25;9,12,21,24,25,27;3,6,10,11,17,19,20,21,26,28;3,4,7,9,16,23,24;8,13,26,28;3,6,7,16,21,28;11,12,14,16,25;6,15,16,19,23,24,27;2,3,6,9,14,24,25,26,28;3,7,8,12,17,21,27;4,15,17,21,22;3,4,11,12,13,14,15,20,22,27;3,7,12,16,18,22;6,8,9,15,21,23,25;1,2,7,9,13,16,18,19,22
ex_torus_lineages:n1_7121_103_1164 28 1,2,3,4,5;0,2,5,11,14,21,22;0,1,3,9,10,12,26;0,2,4,8,10,12,13,19;0,3,5,6,7,9,17,18;0,1,4,6,7,11,17,21;4,5,7,12,18,21;4,5,6,15,20,22,23,26;3,9,12,23,24,27;2,4,8,12,25,26;2,3,12,15,17,23,24;1,5,16,18,21,25,26,27;2,3,6,8,9,10,14,19,21;3,17,25,27;1,12,20,21,22,23;7,10,20,27;11,17,18,23;4,5,10,13,16,20,22,27;4,6,11,16,25;3,12,20,23,26,27;7,14,15,17,19,24,26;1,5,6,11,12,14;1,7,14,17,27;7,8,10,14,16,19,24,26;8,10,20,23,26;9,11,13,18,26,27;2,7,9,11,19,20,23,24,25;8,11,13,15,17,19,22,25
ex_torus_lineages:n1_7121_119_1473 28 1,2,3,4,5;0,2,5,20,21;0,1,3,8,9,10,12,22;0,2,4,13,25,26,27;0,3,5,6,7;0,1,4,6,7,11,21;4,5,12,17,18,21;4,5,11,13,14,16,20,22,26;2,10,19,23,26,27;2,10,12,13,23,26;2,8,9,15,17,19,20,22,23,25;5,7,16,17,25,27;2,6,9,18,19,21,26,27;3,7,9,25,27;7,16,20,21,22;10,20,22,23,27;7,11,14,17,18,20,22;6,10,11,16,19,24;6,12,16,25;8,10,12,17,23,24;1,7,10,14,15,16,21;1,5,6,12,14,20;2,7,10,14,15,16;8,9,10,15,19,26;17,19,26,27;3,10,11,13,18,27;3,7,8,9,12,23,24;3,8,11,12,13,15,24,25
ex_torus_lineages:n1_7121_138_352 29 1,2,3,4,5;0,2,5,8,28;0,1,3,6,21,22,23,28;0,2,4,7,19,22,24;0,3,5,9,12,17,19;0,1,4,8,9,11,13,15;2,10,11,12,16,21,22;3,11,17,23,24,26,27,28;1,5,11,17,18,23;4,5,13,14,15,19,22,27,28;6,11,12,13,16,23;5,6,7,8,10,25;4,6,10,15,16,20,23,24,26;5,9,10,14,18,25,28;9,13,20,22,25;5,9,12,25;6,10,12,19,20,21;4,7,8,21,24,26,28;8,13,26,28;3,4,9,16,21,25;12,14,16,25;2,6,16,17,19,23,24,25,26,27;2,3,6,9,14,26;2,7,8,10,12,21,27;3,7,12,17,21;11,13,14,15,19,20,21;7,12,17,18,21,22;7,9,21,23;1,2,7,9,13,17,18
ex_klein_lineages:n1_7221_29_848 28 1,2,3,4,5;0,2,5,21,23;0,1,3,16,22,24,25;0,2,4,15,17,22,26;0,3,5,7,9,11,17;0,1,4,9,23;8,12,15,18,19,27;4,8,9,11,14,16,25;6,7,11,20,23;4,5,7,11,12,23;15,17,18,23;4,7,8,9,12,13,22;6,9,11,13,14,15;11,12,17,18,20,21,22,24;7,12,15,20,21,22,24,25,27;3,6,10,12,14,21,26;2,7,18,24,27;3,4,10,13,18,19,20,21,22,23;6,10,13,16,17,21,24,27;6,17,20,27;8,13,14,17,19,24,26;1,13,14,15,17,18;2,3,11,13,14,17,23,25,27;1,5,8,9,10,17,22;2,13,14,16,18,20,26,27;2,7,14,22;3,15,20,24;6,14,16,18,19,22,24
ex_klein_lineages:n1_7221_43_1416 28 1,2,3,4,5;0,2,5,8,19,20,23;0,1,3,6,10,20,22,24,26;0,2,4,12,17,22,27;0,3,5,7,9,11,17;0,1,4,9,23;2,7,12,15,24,25,26,27;4,6,8,9,11;1,7,11,14,20,23,26;4,5,7,11,12,20,22;2,17,18,23,27;4,7,8,9,12,13,22;3,6,9,11,14,23,27;11,17,18,19,22,25;8,12,18,27;6,16,19,21,25,26;15,18,19,21,25,26;3,4,10,13,18,19,21,23,26;10,13,14,16,17,19,27;1,13,15,16,17,18,23,25,26;1,2,8,9,21,24;15,16,17,20,26;2,3,9,11,13;1,5,8,10,12,17,19,24;2,6,20,23,26;6,13,15,16,19;2,6,8,15,16,17,19,21,24;3,6,10,12,14,18
ex_klein_lineages:n1_7221_74_1776 28 1,2,3,4,5;0,2,5,15,19,21,23,25;0,1,3,10,18,19,24,25;0,2,4,7,12,14,17,22;0,3,5,7,9,17;0,1,4,9,23;7,8,15,18,20,26;3,4,6,8,9,11;6,7,11,14,16,23,26;4,5,7,11,22,23;2,17,18,23,27;7,8,9,12,13,22;3,11,13,14,16,23,27;11,12,17,19,20;3,8,12,15,18,22,24,26;1,6,14,16,18,19,21,26;8,12,15,18,21,27;3,4,10,13,18,20,21,23;2,6,10,14,15,16,17,21,24,27;1,2,13,15,23,25;6,13,17,21,24;1,15,16,17,18,20,23,27;3,9,11,14,23,27;1,5,8,9,10,12,17,19,21,22,24;2,14,18,20,23,25,26;1,2,19,24,27;6,8,14,15,24,27;10,12,16,18,21,22,25,26
ex_klein_lineages:n1_7221_89_1981 28 1,2,3,4,5;0,2,5,8,21,23;0,1,3,6,16,18,20,21,22;0,2,4,6,10,15,16,17;0,3,5,7,9,17;0,1,4,8,9,23;2,3,19,20,21,26,27;4,8,11,14,16,25;1,5,7,11,14,23,26;4,5,10,11,12,22,23;3,9,17,23,25,27;7,8,9,12,13;9,11,13,14,15,23,27;11,12,17,19,24,26;7,8,12,15,18,22,25,27;3,12,14,19,20,21,24,25,26;2,3,7,18,22,24;3,4,10,13,22,23,25,26;2,14,16,19,21,24;6,13,15,18,26;2,6,15,21,24,27;1,2,6,15,18,20,23,27;2,9,14,16,17,23,25;1,5,8,9,10,12,17,21,22;13,15,16,18,20;7,10,14,15,17,22,27;6,8,13,15,17,19;6,10,12,14,20,21,25
ex_klein_w34:n1_7221_153_2306 28 1,2,3,4,5;0,2,5,10,17,21,23;0,1,3,18,21,22,27;0,2,4,14,20,26,27;0,3,5,12,13,14,19,26;0,1,4,12,23;10,11,17,19,21,23;8,15,22,24;7,16,18,19,21,22,24;10,15,17,19,20;1,6,9,17,19,25;6,16,20,22,26;4,5,13,17,23,27;4,12,14,16,24,27;3,4,13,16,18,19;7,9,16,21;8,11,13,14,15,18,23;1,6,9,10,12,19,25,26,27;2,8,14,16,21;4,6,8,9,10,14,17,22,23,27;3,9,11,22,23,25;1,2,6,8,15,18,23,24,25,26;2,7,8,11,19,20,23,26;1,5,6,12,16,19,20,21,22,26,27;7,8,13,21,26,27;10,17,20,21;3,4,11,17,21,22,23,24,27;2,3,12,13,17,19,23,24,26
ex_klein_w34:n1_7221_153_2544 28 1,2,3,4,5;0,2,5,10,15;0,1,3,10,18,21,22,27;0,2,4,14,19,26,27;0,3,5,12,13,14,19,20,26;0,1,4,12,23;10,11,17,19,21;8,15,17,22,24;7,16,18,19,21,22,24;10,15,17,21,23,26;1,2,6,9,17,19,25;6,16,19,20,22,26;4,5,13,15,17,27;4,12,14,16,24;3,4,13,16,18,19;1,7,9,12,21;8,11,13,14,17,18,23;6,7,9,10,12,16,19,25,26,27;2,8,14,16,21;3,4,6,8,10,11,14,17,23,25,27;4,11,22,25;2,6,8,9,15,18,23,24,25,26;2,7,8,11,20,23,26;5,9,16,19,21,22,26,27;7,8,13,21,26,27;10,17,19,20,21;3,4,9,11,17,21,22,23,24,27;2,3,12,17,19,23,24,26
ex_klein_w34:n1_7221_153_2665 28 1,2,3,4,5;0,2,5,10,15;0,1,3,10,18,21,22,27;0,2,4,14,19,26,27;0,3,5,12,13,14,20,26;0,1,4,12,23;11,17,19,20,21;8,15,22,24;7,16,18,19,21,22,24;10,15,17,21,23,26;1,2,9,17,19;6,19,20,21,22,26,27;4,5,13,15,27;4,12,14,16,24;3,4,13,16,18,19;1,7,9,12,19,21,22;8,13,14,17,18,23;6,9,10,16,19,27;2,8,14,16,21;3,6,8,10,11,14,15,17,21,23,25,27;4,6,11,21,23,25;2,6,8,9,11,15,18,19,20,23,24,25;2,7,8,11,15,26;5,9,16,19,20,21,25,26,27;7,8,13,21,26,27;19,20,21,23;3,4,9,11,22,23,24,27;2,3,11,12,17,19,23,24,26
ex_klein_w34:n1_7221_153_2863 28 1,2,3,4,5;0,2,5,10,15,23;0,1,3,18,21,22,27;0,2,4,14,18,19,26,27;0,3,5,12,13,14,19,20,26;0,1,4,11,12,15;10,11,17,19,20,21;8,22,24;7,16,18,19,21,22,24;10,17,21,23,26;1,6,9,17,19;5,6,12,20,21,25,26,27;4,5,11,13,17,27;4,12,14,16,24;3,4,13,16,18,19;1,5,16,19,22,27;8,13,14,15,18,23;6,9,10,12,26,27;2,3,8,14,16,21;3,4,6,8,10,14,15,23,25,27;4,6,11,21,25;2,6,8,9,11,18,20,23,24,25;2,7,8,15,26;1,9,16,19,21,26,27;7,8,13,21,26,27;11,19,20,21;3,4,9,11,17,22,23,24,27;2,3,11,12,15,17,19,23,24,26
an_sphere_cyc:n1_7511_14_1907 32 1,2,3,4,5;0,2,5,8,10,20,30;0,1,3,10,20,21,26;0,2,4,6,16,17,21,26,29,30;0,3,5,9,16;0,1,4,8,9,14;3,7,8,9,10,21;6,8,11,14,20,31;1,5,6,7,9,13;4,5,6,8,10,12,14,16;1,2,6,9,11,15,16,23,30;7,10,16,17;9,13,17,20,23,27,29;8,12,14,19,21,22,28;5,7,9,13,15,17,19,21,27;10,14,27,29;3,4,9,10,11,17,24;3,11,12,14,16,21,26,29;19,25,30,31;13,14,18,23,24,25;1,2,7,12,22,24,26,28,29;2,3,6,13,14,17,25,30;13,20,28,29;10,12,19,24,25,30;16,19,20,23,28,30;18,19,21,23,29,31;2,3,17,20,28,31;12,14,15,29,31;13,20,22,24,26,29,30,31;3,12,15,17,20,22,25,27,28,31;1,3,10,18,21,23,24,28;7,18,25,26,27,28,29
an_sphere_cyc:n1_7511_14_2294 32 1,2,3,4,5;0,2,5,8,10,20,23,30;0,1,3,13,26,28;0,2,4,6,16,17,21,26,29;0,3,5,9,16;0,1,4,8,9,14;3,7,8,9,10,21;6,8,11,14,15,20;1,5,6,7,9,13;4,5,6,8,10,14,16;1,6,9,11,22,23,30;7,10,16,17;13,18,19,23,27;2,8,12,14,19,21,22,28;5,7,9,13,17,19,21,23,26;7,24,25,27,29;3,4,9,11,17,18,24;3,11,14,16,21,24,26,29;12,16,19,20,25;12,13,14,18,20,21,23,25;1,7,18,19,22,25,29;3,6,13,14,17,19,25;10,13,20,28,29;1,10,12,14,19,26,30;15,16,17,25,28,30;15,18,19,20,21,24,29,31;2,3,14,17,23,28,31;12,15,29,31;2,13,22,24,26,31;3,15,17,20,22,25,27;1,10,23,24;25,26,27,28
an_sphere_cyc:n1_7511_15_2816 30 1,2,3,4,5;0,2,5,7,12,13,26;0,1,3,11,20,22,25,27;0,2,4,24,25,27,28,29;0,3,5,8,19,23,24;0,1,4,10,13,19,23;8,10,11,12,20,29;1,8,18,19,28;4,6,7,13,19,24;10,14,15,16,17,18,23,27;5,6,9,24,25,27,29;2,6,16,19,24,26,28;1,6,21,25,26,29;1,5,8,14,16,20,23;9,13,15,23;9,14,16,20,23,24;9,11,13,15,17,18,24;9,16,18,20,26,27,29;7,9,16,17,22,26,28;4,5,7,8,11,22,23;2,6,13,15,17,21,25,27,28;12,20,22,25,27,28;2,18,19,21,27;4,5,9,13,14,15,19;3,4,8,10,11,15,16,25;2,3,10,12,20,21,24;1,11,12,17,18,28,29;2,3,9,10,17,20,21,22,28;3,7,11,18,20,21,26,27;3,6,10,12,17,26
an_sphere_cyc:n1_7511_15_3134 30 1,2,3,4,5;0,2,5,7,12,13,26;0,1,3,7,20,22,25;0,2,4,24,25,28;0,3,5,8,19,23,24;0,1,4,10,13,16,19,23;8,10,11,12,20,22,26,27;1,2,19,25,27,28;4,6,22,24;10,14,15,17,18,23,25,27,29;5,6,9,18,19;6,17,19,20,21,28;1,6,20,21,26,27;1,5,14,16,23;9,13,15,23;9,14,16,23,24,26;5,13,15,17,18,24,25;9,11,16,18,26,29;9,10,16,17,19,24,28;4,5,7,10,11,18,22,23,26;2,6,11,12,27;11,12,22,25,28;2,6,8,19,21,27,29;4,5,9,13,14,15,19;3,4,8,15,16,18;2,3,7,9,16,21;1,6,12,15,17,19,29;6,7,9,12,20,22,28;3,7,11,18,21,27,29;9,17,22,26,28
an_torus_near:n1_7121_17_5 29 1,2,3,4,5;0,2,5,8,14,28;0,1,3,22,28;0,2,4,7,16,17,19,22,23,25,26;0,3,5,12,17,24,25;0,1,4,8,9,12;10,11,16,19,21,22,27;3,10,17,19,23,26,28;1,5,11,18,23,27;5,12,14,15,17,22,27,28;6,7,11,12,13,16;6,8,10,16,20,25;4,5,9,10,15,20,23,25,26;10,14,18,25,28;1,9,13,20,22,25;9,12,21,24,25,27;3,6,10,11,17,19,20,21,26,28;3,4,7,9,16,23,24;8,13,26,28;3,6,7,16,21,28;11,12,14,16,25;6,15,16,19,23,24,27;2,3,6,9,14,24,25,26,28;3,7,8,12,17,21,27;4,15,17,21,22;3,4,11,12,13,14,15,20,22,27;3,7,12,16,18,22;6,8,9,15,21,23,25;1,2,7,9,13,16,18,19,22
an_torus_near:n1_7121_20_1686 29 1,2,3,4,5;0,2,5,8,28;0,1,3,7,9,19,20,21,22,26,28;0,2,4,6,7,17,22,26,27;0,3,5,11,18,24,25;0,1,4,8,11,12;3,11,18,21,24,27;2,3,8,10,12,15,19,20;1,5,7,11,12,17,18,23;2,13,14,18,22,28;7,11,12,16,24,25;4,5,6,8,10,23,24;5,7,8,10,13,15,16,20,23,26;9,12,14,20,23;9,13,20,22,24,25;7,12,18,21,26;10,12,18,21,26;3,8,23,28;4,6,8,9,15,16,23,28;2,7,22,24;2,7,12,13,14,23,25,28;2,6,15,16,24,26,27;2,3,9,14,19,25,26;8,11,12,13,17,18,20;4,6,10,11,14,19,21,27;4,10,14,20,22;2,3,12,15,16,21,22,27;3,6,21,24,26;1,2,9,17,18,20
an_torus_near:n1_7121_110_1655 29 1,2,3,4,5;0,2,5,8,14,28;0,1,3,20,22,26,28;0,2,4,6,16,17,18,22,27;0,3,5,11,12,17,18,24;0,1,4,8,12,14;3,10,12,15,17,18,19,20,22,25;8,10,11,16,17,19,21;1,5,7,11,12,18,23,26,27;13,14,16,22,28;6,7,11,16,26;4,7,8,10,13,15,19,23,25,26;4,5,6,8,13,15,19,20,23,26;9,11,12,14,20,23;1,5,9,13,20,22,24;6,11,12,18,19,21,24,25,27;3,7,9,10,17,19,27,28;3,4,6,7,16,21,23,24,26,28;3,4,6,8,15,24,26,28;6,7,11,12,15,16;2,6,12,13,14,23,24,26;7,15,17,24;2,3,6,9,14,26;8,11,12,13,17,20,27;4,14,15,17,18,20,21,25;6,11,15,24;2,8,10,11,12,17,18,20,22,27;3,8,15,16,23,26,28;1,2,9,16,17,18,27
an_torus_near:n1_7121_138_866 29 1,2,3,4,5;0,2,5,8,14;0,1,3,6,21,22,26,28;0,2,4,7,16,17,19,22,23,26,27;0,3,5,9,17,19,21,25;0,1,4,8,9,11,13,15;2,7,10,11,16;3,6,12,17,27,28;1,5,11,12,18,19,23,26,27;4,5,13,14,15,19,22,27,28;6,11,13,15,23,25;5,6,8,10,15,20,25;7,8,15,16,20,24,25;5,9,10,14,18,25,28;1,9,13,20,22,25;5,9,10,11,12,25;3,6,12,17,20,23,24;3,4,7,16,24;8,13,26,28;3,4,8,9,21,25,26;11,12,14,16,25;2,4,19,23,24,25,27;2,3,9,14,23,24,26;3,8,10,16,21,22,27;12,16,17,21,22;4,10,11,12,13,14,15,19,20,21;2,3,8,18,19,22;3,7,8,9,21,23,28;2,7,9,13,18,27
an_klein_near:n1_7221_29_848 28 1,2,3,4,5;0,2,5,21,23;0,1,3,16,22,24,25;0,2,4,15,17,22,26;0,3,5,7,9,11,17;0,1,4,9,23;8,12,15,18,19,27;4,8,9,11,14,16,25;6,7,11,20,23;4,5,7,11,12,23;15,17,18,23;4,7,8,9,12,13,22;6,9,11,13,14,15;11,12,17,18,20,21,22,24;7,12,15,20,21,22,24,25,27;3,6,10,12,14,21,26;2,7,18,24,27;3,4,10,13,18,19,20,21,22,23;6,10,13,16,17,21,24,27;6,17,20,27;8,13,14,17,19,24,26;1,13,14,15,17,18;2,3,11,13,14,17,23,25,27;1,5,8,9,10,17,22;2,13,14,16,18,20,26,27;2,7,14,22;3,15,20,24;6,14,16,18,19,22,24
an_klein_near:n1_7221_89_2213 28 1,2,3,4,5;0,2,5,8,21,23,24;0,1,3,6,10,16,20,21;0,2,4,6,10,13,15,16,17;0,3,5,7,9,17;0,1,4,8,9,23;2,3,15,20,21,24;4,8,11,14,25;1,5,7,11,14,23,26;4,5,10,11,12,22,23;2,3,9,17,23,25;7,8,9,12,13;9,11,13,14,15,16,17,23,27;3,11,12,17,18,21,22,26;7,8,12,15,20,22,25,26,27;3,6,12,14,20,24,25,26;2,3,12,18,19;3,4,10,12,13,20,22,23,25;13,16,24,27;16,20,23,26,27;2,6,14,15,17,19,21,24,27;1,2,6,13,20,23;9,13,14,17,23,25;1,5,8,9,10,12,17,19,21,22;1,6,15,18,20,27;7,10,14,15,17,22,27;8,13,14,15,19;12,14,18,19,20,24,25
an_klein_near:n1_7221_194_1376 28 1,2,3,4,5;0,2,5,19,23,27;0,1,3,10,16,19,20,22,24,25;0,2,4,7,12,16,27;0,3,5,7,9,11,17;0,1,4,8,9,23;15,18,19,20,21,26;3,4,8,9,11,16;5,7,11,14,16,20,23,25;4,5,7,11,22,23;2,15,17,18,23,26;4,7,8,9,12,13,22;3,11,13,14,15,16;11,12,17,24,26;8,12,15,18,27;6,10,12,14,18,19,20,21;2,3,7,8,12,20,21,22,24,25,27;4,10,13,19,22,23,25,26;6,10,14,15,19,24,27;1,2,6,15,17,18,20,25;2,6,8,15,16,19,24,27;6,15,16,23,25;2,9,11,16,17,23;1,5,8,9,10,17,21,22;2,13,16,18,20,27;2,8,16,17,19,21;6,10,13,17;1,3,14,16,18,20,24
an_klein_near:n1_7221_299_473 28 1,2,3,4,5;0,2,5,21,23,24;0,1,3,6,10,18,22,25,26;0,2,4,6,7,12,15;0,3,5,7,9,11,17;0,1,4,9,23;2,3,12,15,19,22,24,25,27;3,4,8,9,11,16;7,11,14,16,20,23;4,5,7,11,22,23;2,15,17,20,23,25;4,7,8,9,13,22;3,6,14,23,27;11,17,19,22,24;8,12,15,20,25,26;3,6,10,14,16,26;7,8,15,18,19,20,21;4,10,13,19,23,26;2,16,21;6,13,16,17,20,23,25,27;8,10,14,16,19,21,27;1,16,18,20,25,27;2,6,9,11,13,23;1,5,8,9,10,12,17,19,22,24;1,6,13,23,25,26,27;2,6,10,14,19,21,24,27;2,14,15,17,24;6,12,19,20,21,24,25
forest_del:jd631_169_1246_K 35 1,2,3,4,5;0,2,5,10,13,22;0,1,3,6,9,12,29;0,2,4,8,12,29,32;0,3,5,16,25;0,1,4,7,10,13,15,16,21;2,15,17,22,24;5,9,12,15,17,31;3,11,12,22,29,32,33;2,7,12,25,31,34;1,5,13,15,19,21,24,29,34;8,12,16,19,21,22;2,3,7,8,9,11,26,29,31,32;1,5,10,18,21,26;18,23,26,27,28;5,6,7,10,33;4,5,11,18,25,28,30;6,7,20,21,24,27;13,14,16,26,28,30;10,11,20,24,34;17,19,24,25;5,10,11,13,17,24;1,6,8,11,26,27,33;14,25,27,28,29;6,10,17,19,20,21,34;4,9,16,20,23,28;12,13,14,18,22,27;14,17,22,23,26,29;14,16,18,23,25,30;2,3,8,10,12,23,27;16,18,28;7,9,12;3,8,12;8,15,22;9,10,19,24
forest_del:jd632_56_6215_K 37 1,2,3,4,5;0,2,5,10,13,22,35;0,1,3,6,9,12,22,29;0,2,4,8,12,25,29;0,3,5,16,25,34;0,1,4,7,10,13,15,16,21,34,35;2,9,15,17,22;5,9,12,15,17,31,35;3,11,12,29,32,33,36;2,6,7,12,31;1,5,13,15,19,21,24,29;8,12,16,19,21,22,24;2,3,7,8,9,11,26,31,32,36;1,5,10,18,21,26;18,23,26,27,28;5,6,7,10,33;4,5,11,18,25,28,30,34;6,7,20,21,24,27;13,14,16,26,28,30;10,11,20,24;17,19,24;5,10,11,13,17,24,33;1,2,6,11,26,27,32,33;14,25,27,28,29;10,11,17,19,20,21;3,4,16,23,28,29;12,13,14,18,22,27;14,17,22,23,26,29;14,16,18,23,25,30;2,3,8,10,23,25,27,36;16,18,28;7,9,12;8,12,22,36;8,15,21,22;4,5,16;1,5,7;8,12,29,32
forest_del:jd632_881_6286_K 38 1,2,3,4,5;0,2,5,13,22;0,1,3,6,9,12,29,35;0,2,4,8,12,25,29,32;0,3,5,16,25,37;0,1,4,7,10,13,16,21,37;2,9,15,17,19,22,24,34,35;5,9,12,17,31;3,11,12,15,22,29,32,33;2,6,7,12,31;5,13,15,19,21,24,29;8,12,15,21,22;2,3,7,8,9,11,26,29,31,32;1,5,10,18,21,26;18,23,26,27,28;6,8,10,11,22;4,5,18,20,25,28,30,37;6,7,20,21,24,27;13,14,16,26,28,30,36;6,10,20,24,34;16,17,19,24;5,10,11,13,17,24;1,6,8,11,15,26,27,33,35;14,25,27,28,29;6,10,17,19,20,21,34;3,4,16,23,28,29;12,13,14,18,22,27;14,17,22,23,26,29;14,16,18,23,25,30,36;2,3,8,10,12,23,25,27;16,18,28,36;7,9,12;3,8,12,33;8,22,32;6,19,24;2,6,22;18,28,30;4,5,16
forest_del:jc301_81_4369_K 30 1,2,3,4,5;0,2,5,13,20,22;0,1,3,6,9,12,19,21,22;0,2,4,12,25,29;0,3,5,16,25;0,1,4,7,13,16,17,19;2,8,9,10,12,15,19,24;5,10,21,22,26;6,19,20,22,29;2,6,12,20;6,7,13,15,19,24;15,17,24;2,3,6,9,26,29;1,5,10,18;18,23,26,27,28;6,10,11,22,24;4,5,18,20,25,28;5,11,19,24,27,29;13,14,16,26,28;2,5,6,8,10,17;1,8,9,16,21,22;2,7,20,22,24;1,2,7,8,15,20,21,26,27;14,25,27,28,29;6,10,11,15,17,21;3,4,16,23,28,29;7,12,14,18,22,27;14,17,22,23,26,29;14,16,18,23,25;3,8,12,17,23,25,27
examples_rung_d:jd631_169_1246 35 1,2,3,4,5;0,2,5,7,8,10,13,22;0,1,3,6,9,12,29;0,2,4,8,12,25,29,32;0,3,5,16,25;0,1,4,7,10,13,15,16,19,21;2,9,15,17,22,24,25;1,5,9,12,15,17,21,26,31;1,3,11,12,21,22,29,32,33;2,6,7,12,25,31,34;1,5,13,15,19,21,24,25,29,34;8,12,15,16,19,21,22,25;2,3,7,8,9,11,16,26,29,31,32,34;1,5,10,17,18,21,26;18,23,26,27,28;5,6,7,10,11,22,33;4,5,11,12,18,20,25,28,30;6,7,13,20,21,24,25,27,29;13,14,16,26,28,30;5,10,11,20,22,24,34;16,17,19,24,25;5,7,8,10,11,13,17,24;1,6,8,11,15,19,26,27,32,33;14,25,27,28,29;6,10,17,19,20,21,29,34;3,4,6,9,10,11,16,17,20,23,28,29;7,12,13,14,18,22,27;14,17,22,23,26,29,32;14,16,18,23,25,30;2,3,8,10,12,17,23,24,25,27;16,18,28;7,9,12;3,8,12,22,27;8,15,22;9,10,12,19,24
examples_rung_d:jd631_589_4679 34 1,2,3,4,5;0,2,5,7,8,10,13,22;0,1,3,6,9,12,22,29;0,2,4,8,12,25,29,32;0,3,5,16,25;0,1,4,7,10,13,15,16,19,21;2,9,17,19,22,24,25;1,5,9,12,15,17,21,26,31;1,3,11,12,15,21,22,29,32,33;2,6,7,12,25,31;1,5,13,15,19,21,24,25,29;8,12,15,16,19,21,22,25;2,3,7,8,9,11,16,26,29,31,32;1,5,10,17,18,21,26;18,23,26,27,28;5,7,8,10,11,22,33;4,5,11,12,18,20,25,28,30;6,7,13,20,21,24,25,27,29;13,14,16,26,28,30;5,6,10,11,20,22,24;16,17,19,24,25;5,7,8,10,11,13,17,24;1,2,6,8,11,15,19,26,27,29,33;14,25,27,28,32;6,10,17,19,20,21,29;3,4,6,9,10,11,16,17,20,23,28,29;7,12,13,14,18,22,27;14,17,22,23,26,29,32;14,16,18,23,25,30;2,3,8,10,12,17,22,24,25,27;16,18,28;7,9,12;3,8,12,23,27;8,15,22
examples_rung_d:jd632_56_6215 37 1,2,3,4,5;0,2,5,7,8,10,11,13,22,35;0,1,3,6,9,12,22,29,32;0,2,4,8,12,25,29;0,3,5,16,25,34;0,1,4,7,10,13,15,16,19,21,34,35;2,9,15,17,22,24,25;1,5,9,12,15,17,21,26,31,35;1,3,11,12,19,22,29,32,33,36;2,6,7,12,25,31;1,5,13,15,19,21,24,25,29,33;1,8,12,15,16,19,21,22,24,25;2,3,7,8,9,11,16,26,29,31,32,36;1,5,10,17,18,21,26;18,23,26,27,28;5,6,7,10,11,22,33;4,5,11,12,18,20,25,28,30,34;6,7,13,20,21,24,25,27,29;13,14,16,26,28,30;5,8,10,11,20,22,24;16,17,19,22,24,25;5,7,10,11,13,17,24,33;1,2,6,8,11,15,19,20,26,27,29,32,33;14,25,27,28,29;6,10,11,17,19,20,21,29;3,4,6,9,10,11,16,17,20,23,28,29;7,12,13,14,18,22,27;14,17,22,23,26,29,32;14,16,18,23,25,30;2,3,8,10,12,17,22,23,24,25,27,36;16,18,28;7,9,12;2,8,12,22,27,36;8,10,15,21,22;4,5,16;1,5,7;8,12,29,32
examples_rung_d:jd632_241_2342 38 1,2,3,4,5;0,2,5,7,8,13,17,22;0,1,3,6,9,12,22,29,35;0,2,4,8,12,25,29,32;0,3,5,16,25;0,1,4,7,10,13,15,16,19,21,34;2,9,15,17,22,24,25;1,5,9,12,15,17,21,26,31;1,3,11,12,15,21,22,29,32,33;2,6,7,12,25,31;5,13,15,19,21,24,25,29,35;8,12,15,16,19,21,22,25;2,3,7,8,9,11,16,26,29,31,32;1,5,10,17,18,21,26,34,37;18,23,26,27,28;5,6,7,8,10,11,22,33;4,5,11,12,18,20,25,28,30;1,6,7,13,20,21,24,25,27,32,36,37;13,14,16,26,28,30;5,10,11,20,22,24;16,17,19,24,25,36;5,7,8,10,11,13,17,24,34,37;1,2,6,8,11,15,19,26,27,29,33,35;14,25,27,28,29;6,10,17,19,20,21,36;3,4,6,9,10,11,16,17,20,23,28,29;7,12,13,14,18,22,27;14,17,22,23,26,29,32;14,16,18,23,25,30;2,3,8,10,12,22,23,25,27,35;16,18,28;7,9,12;3,8,12,17,27;8,15,22;5,13,21;2,10,22,29;17,20,24;13,17,21
