C38#0 21 1,5,4,3,2;0,2,7,6,5;1,0,3,8,7;2,0,4,9,8;3,0,5,10,9;4,0,1,6,11,10;5,1,7,12,11;6,1,2,8,13,12;7,2,3,9,14,13;8,3,4,10,15,14;9,4,5,11,16,15;10,5,6,12,17,16;11,6,7,13,18,17;12,7,8,14,19,18;13,8,9,15,19;14,9,10,16,20,19;15,10,11,17,20;16,11,12,18,20;17,12,13,19,20;18,13,14,15,20;19,15,16,17,18
C38#1 21 1,5,4,3,2;0,2,7,6,5;1,0,3,8,7;2,0,4,9,8;3,0,5,10,9;4,0,1,6,11,10;5,1,7,13,12,11;6,1,2,8,14,13;7,2,3,9,14;8,3,4,10,15,14;9,4,5,11,16,15;10,5,6,12,17,16;11,6,13,18,17;12,6,7,14,19,18;13,7,8,9,15,19;14,9,10,16,20,19;15,10,11,17,20;16,11,12,18,20;17,12,13,19,20;18,13,14,15,20;19,15,16,17,18
C38#2 21 1,5,4,3,2;0,2,7,6,5;1,0,3,8,7;2,0,4,9,8;3,0,5,10,9;4,0,1,6,11,10;5,1,7,13,12,11;6,1,2,8,14,13;7,2,3,9,15,14;8,3,4,10,16,15;9,4,5,11,17,16;10,5,6,12,17;11,6,13,18,17;12,6,7,14,19,18;13,7,8,15,19;14,8,9,16,20,19;15,9,10,17,20;16,10,11,12,18,20;17,12,13,19,20;18,13,14,15,20;19,15,16,17,18
C38#3 21 1,5,4,3,2;0,2,7,6,5;1,0,3,8,7;2,0,4,9,8;3,0,5,10,9;4,0,1,6,11,10;5,1,7,13,12,11;6,1,2,8,14,13;7,2,3,9,15,14;8,3,4,10,16,15;9,4,5,11,17,16;10,5,6,12,18,17;11,6,13,19,18;12,6,7,14,19;13,7,8,15,19;14,8,9,16,20,19;15,9,10,17,20;16,10,11,18,20;17,11,12,19,20;18,12,13,14,15,20;19,15,16,17,18
C38#4 21 1,5,4,3,2;0,2,7,6,5;1,0,3,8,7;2,0,4,9,8;3,0,5,11,10,9;4,0,1,6,12,11;5,1,7,13,12;6,1,2,8,14,13;7,2,3,9,15,14;8,3,4,10,16,15;9,4,11,17,16;10,4,5,12,17;11,5,6,13,18,17;12,6,7,14,19,18;13,7,8,15,19;14,8,9,16,20,19;15,9,10,17,20;16,10,11,12,18,20;17,12,13,19,20;18,13,14,15,20;19,15,16,17,18
C38#5 21 1,5,4,3,2;0,2,7,6,5;1,0,3,8,7;2,0,4,9,8;3,0,5,11,10,9;4,0,1,6,12,11;5,1,7,13,12;6,1,2,8,14,13;7,2,3,9,15,14;8,3,4,10,16,15;9,4,11,17,16;10,4,5,12,18,17;11,5,6,13,18;12,6,7,14,19,18;13,7,8,15,19;14,8,9,16,20,19;15,9,10,17,20;16,10,11,18,20;17,11,12,13,19,20;18,13,14,15,20;19,15,16,17,18
C38#6 21 1,5,4,3,2;0,2,7,6,5;1,0,3,8,7;2,0,4,9,8;3,0,5,11,10,9;4,0,1,6,12,11;5,1,7,13,12;6,1,2,8,14,13;7,2,3,9,15,14;8,3,4,10,16,15;9,4,11,17,16;10,4,5,12,18,17;11,5,6,13,18;12,6,7,14,19,18;13,7,8,15,20,19;14,8,9,16,20;15,9,10,17,20;16,10,11,18,19,20;17,11,12,13,19;18,13,14,20,17;19,14,15,16,17
C38#7 21 1,5,4,3,2;0,2,7,6,5;1,0,3,8,7;2,0,4,9,8;3,0,5,11,10,9;4,0,1,6,12,11;5,1,7,14,13,12;6,1,2,8,15,14;7,2,3,9,16,15;8,3,4,10,17,16;9,4,11,18,17;10,4,5,12,18;11,5,6,13,18;12,6,14,19,18;13,6,7,15,20,19;14,7,8,16,20;15,8,9,17,20;16,9,10,18,19,20;17,10,11,12,13,19;18,13,14,20,17;19,14,15,16,17
C38#8 21 1,5,4,3,2;0,2,7,6,5;1,0,3,8,7;2,0,4,9,8;3,0,5,11,10,9;4,0,1,6,12,11;5,1,7,14,13,12;6,1,2,8,15,14;7,2,3,9,16,15;8,3,4,10,17,16;9,4,11,18,17;10,4,5,12,18;11,5,6,13,19,18;12,6,14,20,19;13,6,7,15,20;14,7,8,16,20;15,8,9,17,19,20;16,9,10,18,19;17,10,11,12,19;18,12,13,20,16,17;19,13,14,15,16
C38#9 21 1,5,4,3,2;0,2,7,6,5;1,0,3,8,7;2,0,4,10,9,8;3,0,5,11,10;4,0,1,6,12,11;5,1,7,13,12;6,1,2,8,14,13;7,2,3,9,15,14;8,3,10,16,15;9,3,4,11,17,16;10,4,5,12,17;11,5,6,13,18,17;12,6,7,14,19,18;13,7,8,15,19;14,8,9,16,20,19;15,9,10,17,20;16,10,11,12,18,20;17,12,13,19,20;18,13,14,15,20;19,15,16,17,18
C38#10 21 1,5,4,3,2;0,2,7,6,5;1,0,3,8,7;2,0,4,10,9,8;3,0,5,11,10;4,0,1,6,12,11;5,1,7,13,12;6,1,2,8,14,13;7,2,3,9,15,14;8,3,10,16,15;9,3,4,11,17,16;10,4,5,12,18,17;11,5,6,13,19,18;12,6,7,14,19;13,7,8,15,20,19;14,8,9,16,20;15,9,10,17,20;16,10,11,18,20;17,11,12,19,20;18,12,13,14,20;19,14,15,16,17,18
C38#11 21 1,5,4,3,2;0,2,7,6,5;1,0,3,8,7;2,0,4,10,9,8;3,0,5,11,10;4,0,1,6,12,11;5,1,7,13,12;6,1,2,8,14,13;7,2,3,9,15,14;8,3,10,17,16,15;9,3,4,11,17;10,4,5,12,18,17;11,5,6,13,19,18;12,6,7,14,19;13,7,8,15,20,19;14,8,9,16,20;15,9,17,18,20;16,9,10,11,18;17,11,12,19,20,16;18,12,13,14,20;19,14,15,16,18
C38#12 21 1,5,4,3,2;0,2,7,6,5;1,0,3,8,7;2,0,4,10,9,8;3,0,5,11,10;4,0,1,6,12,11;5,1,7,14,13,12;6,1,2,8,15,14;7,2,3,9,16,15;8,3,10,17,16;9,3,4,11,17;10,4,5,12,18,17;11,5,6,13,18;12,6,14,20,19,18;13,6,7,15,20;14,7,8,16,20;15,8,9,17,19,20;16,9,10,11,18,19;17,11,12,13,19;18,13,20,16,17;19,13,14,15,16
C38#13 21 1,5,4,3,2;0,2,7,6,5;1,0,3,8,7;2,0,4,10,9,8;3,0,5,11,10;4,0,1,6,12,11;5,1,7,14,13,12;6,1,2,8,15,14;7,2,3,9,16,15;8,3,10,17,16;9,3,4,11,18,17;10,4,5,12,18;11,5,6,13,19,18;12,6,14,20,19;13,6,7,15,20;14,7,8,16,20;15,8,9,17,20;16,9,10,18,19,20;17,10,11,12,19;18,12,13,20,17;19,13,14,15,16,17
C38#14 21 1,5,4,3,2;0,2,7,6,5;1,0,3,8,7;2,0,4,10,9,8;3,0,5,11,10;4,0,1,6,12,11;5,1,7,14,13,12;6,1,2,8,15,14;7,2,3,9,16,15;8,3,10,18,17,16;9,3,4,11,18;10,4,5,12,18;11,5,6,13,19,18;12,6,14,20,19;13,6,7,15,20;14,7,8,16,20;15,8,9,17,20;16,9,18,19,20;17,9,10,11,12,19;18,12,13,20,17;19,13,14,15,16,17
C38#15 21 1,5,4,3,2;0,2,7,6,5;1,0,3,8,7;2,0,4,10,9,8;3,0,5,12,11,10;4,0,1,6,13,12;5,1,7,15,14,13;6,1,2,8,16,15;7,2,3,9,17,16;8,3,10,18,17;9,3,4,11,18;10,4,12,19,18;11,4,5,13,19;12,5,6,14,19;13,6,15,20,19;14,6,7,16,20;15,7,8,17,20;16,8,9,18,20;17,9,10,11,19,20;18,11,12,13,14,20;19,14,15,16,17,18
C38#16 21 1,5,4,3,2;0,2,7,6,5;1,0,3,9,8,7;2,0,4,10,9;3,0,5,12,11,10;4,0,1,6,13,12;5,1,7,14,13;6,1,2,8,15,14;7,2,9,16,15;8,2,3,10,16;9,3,4,11,17,16;10,4,12,18,17;11,4,5,13,18;12,5,6,14,19,18;13,6,7,15,19;14,7,8,16,20,19;15,8,9,10,17,20;16,10,11,18,20;17,11,12,13,19,20;18,13,14,15,20;19,15,16,17,18
