C40#0 22 1,5,4,3,2;0,2,7,6,5;1,0,3,8,7;2,0,4,9,8;3,0,5,10,9;4,0,1,6,10;5,1,7,12,11,10;6,1,2,8,13,12;7,2,3,9,14,13;8,3,4,10,15,14;9,4,5,6,11,15;10,6,12,17,16,15;11,6,7,13,18,17;12,7,8,14,19,18;13,8,9,15,20,19;14,9,10,11,16,20;15,11,17,21,20;16,11,12,18,21;17,12,13,19,21;18,13,14,20,21;19,14,15,16,21;20,16,17,18,19
C40#1 22 1,5,4,3,2;0,2,7,6,5;1,0,3,8,7;2,0,4,9,8;3,0,5,10,9;4,0,1,6,11,10;5,1,7,12,11;6,1,2,8,13,12;7,2,3,9,14,13;8,3,4,10,15,14;9,4,5,11,16,15;10,5,6,12,17,16;11,6,7,13,18,17;12,7,8,14,19,18;13,8,9,15,20,19;14,9,10,16,20;15,10,11,17,21,20;16,11,12,18,21;17,12,13,19,21;18,13,14,20,21;19,14,15,16,21;20,16,17,18,19
C40#2 22 1,5,4,3,2;0,2,7,6,5;1,0,3,8,7;2,0,4,9,8;3,0,5,10,9;4,0,1,6,11,10;5,1,7,13,12,11;6,1,2,8,13;7,2,3,9,14,13;8,3,4,10,15,14;9,4,5,11,16,15;10,5,6,12,17,16;11,6,13,19,18,17;12,6,7,8,14,19;13,8,9,15,20,19;14,9,10,16,21,20;15,10,11,17,21;16,11,12,18,21;17,12,19,20,21;18,12,13,14,20;19,14,15,21,18;20,15,16,17,18
C40#3 22 1,5,4,3,2;0,2,7,6,5;1,0,3,8,7;2,0,4,9,8;3,0,5,10,9;4,0,1,6,11,10;5,1,7,13,12,11;6,1,2,8,14,13;7,2,3,9,15,14;8,3,4,10,16,15;9,4,5,11,17,16;10,5,6,12,17;11,6,13,18,17;12,6,7,14,19,18;13,7,8,15,20,19;14,8,9,16,20;15,9,10,17,21,20;16,10,11,12,18,21;17,12,13,19,21;18,13,14,20,21;19,14,15,16,21;20,16,17,18,19
C40#4 22 1,5,4,3,2;0,2,7,6,5;1,0,3,8,7;2,0,4,9,8;3,0,5,10,9;4,0,1,6,11,10;5,1,7,13,12,11;6,1,2,8,14,13;7,2,3,9,15,14;8,3,4,10,16,15;9,4,5,11,17,16;10,5,6,12,17;11,6,13,19,18,17;12,6,7,14,19;13,7,8,15,20,19;14,8,9,16,21,20;15,9,10,17,21;16,10,11,12,18,21;17,12,19,20,21;18,12,13,14,20;19,14,15,21,18;20,15,16,17,18
C40#5 22 1,5,4,3,2;0,2,7,6,5;1,0,3,8,7;2,0,4,9,8;3,0,5,10,9;4,0,1,6,11,10;5,1,7,13,12,11;6,1,2,8,14,13;7,2,3,9,15,14;8,3,4,10,16,15;9,4,5,11,17,16;10,5,6,12,18,17;11,6,13,19,18;12,6,7,14,19;13,7,8,15,20,19;14,8,9,16,20;15,9,10,17,21,20;16,10,11,18,21;17,11,12,19,21;18,12,13,14,20,21;19,14,15,16,21;20,16,17,18,19
C40#6 22 1,5,4,3,2;0,2,7,6,5;1,0,3,8,7;2,0,4,9,8;3,0,5,10,9;4,0,1,6,11,10;5,1,7,13,12,11;6,1,2,8,14,13;7,2,3,9,15,14;8,3,4,10,16,15;9,4,5,11,17,16;10,5,6,12,18,17;11,6,13,19,18;12,6,7,14,19;13,7,8,15,20,19;14,8,9,16,21,20;15,9,10,17,21;16,10,11,18,21;17,11,12,19,20,21;18,12,13,14,20;19,14,15,21,18;20,15,16,17,18
C40#7 22 1,5,4,3,2;0,2,7,6,5;1,0,3,8,7;2,0,4,9,8;3,0,5,10,9;4,0,1,6,11,10;5,1,7,13,12,11;6,1,2,8,14,13;7,2,3,9,15,14;8,3,4,10,16,15;9,4,5,11,17,16;10,5,6,12,18,17;11,6,13,19,18;12,6,7,14,20,19;13,7,8,15,20;14,8,9,16,20;15,9,10,17,21,20;16,10,11,18,21;17,11,12,19,21;18,12,13,20,21;19,13,14,15,16,21;20,16,17,18,19
C40#8 22 1,5,4,3,2;0,2,7,6,5;1,0,3,8,7;2,0,4,9,8;3,0,5,11,10,9;4,0,1,6,12,11;5,1,7,13,12;6,1,2,8,14,13;7,2,3,9,15,14;8,3,4,10,16,15;9,4,11,17,16;10,4,5,12,17;11,5,6,13,18,17;12,6,7,14,19,18;13,7,8,15,20,19;14,8,9,16,20;15,9,10,17,21,20;16,10,11,12,18,21;17,12,13,19,21;18,13,14,20,21;19,14,15,16,21;20,16,17,18,19
C40#9 22 1,5,4,3,2;0,2,7,6,5;1,0,3,8,7;2,0,4,9,8;3,0,5,11,10,9;4,0,1,6,12,11;5,1,7,13,12;6,1,2,8,14,13;7,2,3,9,15,14;8,3,4,10,16,15;9,4,11,17,16;10,4,5,12,18,17;11,5,6,13,18;12,6,7,14,19,18;13,7,8,15,20,19;14,8,9,16,20;15,9,10,17,21,20;16,10,11,18,21;17,11,12,13,19,21;18,13,14,20,21;19,14,15,16,21;20,16,17,18,19
C40#10 22 1,5,4,3,2;0,2,7,6,5;1,0,3,8,7;2,0,4,9,8;3,0,5,11,10,9;4,0,1,6,12,11;5,1,7,13,12;6,1,2,8,14,13;7,2,3,9,15,14;8,3,4,10,16,15;9,4,11,17,16;10,4,5,12,18,17;11,5,6,13,19,18;12,6,7,14,19;13,7,8,15,20,19;14,8,9,16,21,20;15,9,10,17,21;16,10,11,18,21;17,11,12,19,20,21;18,12,13,14,20;19,14,15,21,18;20,15,16,17,18
C40#11 22 1,5,4,3,2;0,2,7,6,5;1,0,3,8,7;2,0,4,9,8;3,0,5,11,10,9;4,0,1,6,12,11;5,1,7,13,12;6,1,2,8,14,13;7,2,3,9,15,14;8,3,4,10,16,15;9,4,11,17,16;10,4,5,12,18,17;11,5,6,13,19,18;12,6,7,14,20,19;13,7,8,15,20;14,8,9,16,21,20;15,9,10,17,21;16,10,11,18,21;17,11,12,19,21;18,12,13,20,21;19,13,14,15,21;20,15,16,17,18,19
C40#12 22 1,5,4,3,2;0,2,7,6,5;1,0,3,8,7;2,0,4,9,8;3,0,5,11,10,9;4,0,1,6,12,11;5,1,7,13,12;6,1,2,8,14,13;7,2,3,9,15,14;8,3,4,10,16,15;9,4,11,18,17,16;10,4,5,12,18;11,5,6,13,19,18;12,6,7,14,20,19;13,7,8,15,20;14,8,9,16,21,20;15,9,10,17,21;16,10,18,19,21;17,10,11,12,19;18,12,13,20,21,17;19,13,14,15,21;20,15,16,17,19
C40#13 22 1,5,4,3,2;0,2,7,6,5;1,0,3,8,7;2,0,4,9,8;3,0,5,11,10,9;4,0,1,6,12,11;5,1,7,14,13,12;6,1,2,8,15,14;7,2,3,9,16,15;8,3,4,10,17,16;9,4,11,18,17;10,4,5,12,18;11,5,6,13,18;12,6,14,20,19,18;13,6,7,15,20;14,7,8,16,21,20;15,8,9,17,21;16,9,10,18,19,21;17,10,11,12,13,19;18,13,20,21,17;19,13,14,15,21;20,15,16,17,19
C40#14 22 1,5,4,3,2;0,2,7,6,5;1,0,3,8,7;2,0,4,9,8;3,0,5,11,10,9;4,0,1,6,12,11;5,1,7,14,13,12;6,1,2,8,15,14;7,2,3,9,16,15;8,3,4,10,17,16;9,4,11,18,17;10,4,5,12,18;11,5,6,13,19,18;12,6,14,20,19;13,6,7,15,20;14,7,8,16,20;15,8,9,17,21,20;16,9,10,18,21;17,10,11,12,19,21;18,12,13,20,21;19,13,14,15,16,21;20,16,17,18,19
C40#15 22 1,5,4,3,2;0,2,7,6,5;1,0,3,8,7;2,0,4,9,8;3,0,5,11,10,9;4,0,1,6,12,11;5,1,7,14,13,12;6,1,2,8,15,14;7,2,3,9,16,15;8,3,4,10,17,16;9,4,11,18,17;10,4,5,12,18;11,5,6,13,19,18;12,6,14,20,19;13,6,7,15,20;14,7,8,16,21,20;15,8,9,17,21;16,9,10,18,21;17,10,11,12,19,21;18,12,13,20,21;19,13,14,15,21;20,15,16,17,18,19
C40#16 22 1,5,4,3,2;0,2,7,6,5;1,0,3,8,7;2,0,4,9,8;3,0,5,11,10,9;4,0,1,6,12,11;5,1,7,14,13,12;6,1,2,8,15,14;7,2,3,9,16,15;8,3,4,10,17,16;9,4,11,18,17;10,4,5,12,18;11,5,6,13,19,18;12,6,14,20,19;13,6,7,15,20;14,7,8,16,21,20;15,8,9,17,21;16,9,10,18,19,21;17,10,11,12,19;18,12,13,20,21,17;19,13,14,15,21;20,15,16,17,19
C40#17 22 1,5,4,3,2;0,2,7,6,5;1,0,3,8,7;2,0,4,9,8;3,0,5,11,10,9;4,0,1,6,12,11;5,1,7,14,13,12;6,1,2,8,15,14;7,2,3,9,16,15;8,3,4,10,17,16;9,4,11,18,17;10,4,5,12,18;11,5,6,13,19,18;12,6,14,21,20,19;13,6,7,15,21;14,7,8,16,21;15,8,9,17,20,21;16,9,10,18,19,20;17,10,11,12,19;18,12,13,20,17;19,13,21,16,17;20,13,14,15,16
C40#18 22 1,5,4,3,2;0,2,7,6,5;1,0,3,8,7;2,0,4,9,8;3,0,5,11,10,9;4,0,1,6,12,11;5,1,7,14,13,12;6,1,2,8,15,14;7,2,3,9,16,15;8,3,4,10,17,16;9,4,11,18,17;10,4,5,12,19,18;11,5,6,13,19;12,6,14,20,19;13,6,7,15,20;14,7,8,16,21,20;15,8,9,17,21;16,9,10,18,21;17,10,11,19,21;18,11,12,13,20,21;19,13,14,15,21;20,15,16,17,18,19
C40#19 22 1,5,4,3,2;0,2,7,6,5;1,0,3,8,7;2,0,4,10,9,8;3,0,5,11,10;4,0,1,6,12,11;5,1,7,13,12;6,1,2,8,14,13;7,2,3,9,14;8,3,10,16,15,14;9,3,4,11,17,16;10,4,5,12,18,17;11,5,6,13,19,18;12,6,7,14,20,19;13,7,8,9,15,20;14,9,16,21,20;15,9,10,17,21;16,10,11,18,21;17,11,12,19,21;18,12,13,20,21;19,13,14,15,21;20,15,16,17,18,19
C40#20 22 1,5,4,3,2;0,2,7,6,5;1,0,3,8,7;2,0,4,10,9,8;3,0,5,11,10;4,0,1,6,12,11;5,1,7,13,12;6,1,2,8,14,13;7,2,3,9,15,14;8,3,10,16,15;9,3,4,11,17,16;10,4,5,12,18,17;11,5,6,13,18;12,6,7,14,19,18;13,7,8,15,20,19;14,8,9,16,20;15,9,10,17,21,20;16,10,11,18,21;17,11,12,13,19,21;18,13,14,20,21;19,14,15,16,21;20,16,17,18,19
C40#21 22 1,5,4,3,2;0,2,7,6,5;1,0,3,8,7;2,0,4,10,9,8;3,0,5,11,10;4,0,1,6,12,11;5,1,7,13,12;6,1,2,8,14,13;7,2,3,9,15,14;8,3,10,16,15;9,3,4,11,17,16;10,4,5,12,18,17;11,5,6,13,19,18;12,6,7,14,19;13,7,8,15,20,19;14,8,9,16,20;15,9,10,17,21,20;16,10,11,18,21;17,11,12,19,21;18,12,13,14,20,21;19,14,15,16,21;20,16,17,18,19
C40#22 22 1,5,4,3,2;0,2,7,6,5;1,0,3,8,7;2,0,4,10,9,8;3,0,5,11,10;4,0,1,6,12,11;5,1,7,13,12;6,1,2,8,14,13;7,2,3,9,15,14;8,3,10,16,15;9,3,4,11,17,16;10,4,5,12,18,17;11,5,6,13,19,18;12,6,7,14,19;13,7,8,15,20,19;14,8,9,16,21,20;15,9,10,17,21;16,10,11,18,21;17,11,12,19,20,21;18,12,13,14,20;19,14,15,21,18;20,15,16,17,18
C40#23 22 1,5,4,3,2;0,2,7,6,5;1,0,3,8,7;2,0,4,10,9,8;3,0,5,11,10;4,0,1,6,12,11;5,1,7,13,12;6,1,2,8,14,13;7,2,3,9,15,14;8,3,10,16,15;9,3,4,11,17,16;10,4,5,12,18,17;11,5,6,13,19,18;12,6,7,14,20,19;13,7,8,15,20;14,8,9,16,21,20;15,9,10,17,21;16,10,11,18,21;17,11,12,19,21;18,12,13,20,21;19,13,14,15,21;20,15,16,17,18,19
C40#24 22 1,5,4,3,2;0,2,7,6,5;1,0,3,8,7;2,0,4,10,9,8;3,0,5,11,10;4,0,1,6,12,11;5,1,7,14,13,12;6,1,2,8,15,14;7,2,3,9,16,15;8,3,10,17,16;9,3,4,11,17;10,4,5,12,18,17;11,5,6,13,19,18;12,6,14,20,19;13,6,7,15,20;14,7,8,16,20;15,8,9,17,21,20;16,9,10,11,18,21;17,11,12,19,21;18,12,13,20,21;19,13,14,15,16,21;20,16,17,18,19
C40#25 22 1,5,4,3,2;0,2,7,6,5;1,0,3,8,7;2,0,4,10,9,8;3,0,5,11,10;4,0,1,6,12,11;5,1,7,14,13,12;6,1,2,8,15,14;7,2,3,9,16,15;8,3,10,17,16;9,3,4,11,18,17;10,4,5,12,18;11,5,6,13,19,18;12,6,14,20,19;13,6,7,15,20;14,7,8,16,20;15,8,9,17,21,20;16,9,10,18,21;17,10,11,12,19,21;18,12,13,20,21;19,13,14,15,16,21;20,16,17,18,19
C40#26 22 1,5,4,3,2;0,2,7,6,5;1,0,3,8,7;2,0,4,10,9,8;3,0,5,11,10;4,0,1,6,12,11;5,1,7,14,13,12;6,1,2,8,15,14;7,2,3,9,16,15;8,3,10,17,16;9,3,4,11,18,17;10,4,5,12,18;11,5,6,13,19,18;12,6,14,20,19;13,6,7,15,20;14,7,8,16,21,20;15,8,9,17,21;16,9,10,18,19,21;17,10,11,12,19;18,12,13,20,21,17;19,13,14,15,21;20,15,16,17,19
C40#27 22 1,5,4,3,2;0,2,7,6,5;1,0,3,8,7;2,0,4,10,9,8;3,0,5,11,10;4,0,1,6,12,11;5,1,7,14,13,12;6,1,2,8,15,14;7,2,3,9,16,15;8,3,10,17,16;9,3,4,11,18,17;10,4,5,12,18;11,5,6,13,19,18;12,6,14,21,20,19;13,6,7,15,21;14,7,8,16,21;15,8,9,17,20,21;16,9,10,18,19,20;17,10,11,12,19;18,12,13,20,17;19,13,21,16,17;20,13,14,15,16
C40#28 22 1,5,4,3,2;0,2,7,6,5;1,0,3,8,7;2,0,4,10,9,8;3,0,5,11,10;4,0,1,6,12,11;5,1,7,14,13,12;6,1,2,8,15,14;7,2,3,9,16,15;8,3,10,17,16;9,3,4,11,18,17;10,4,5,12,19,18;11,5,6,13,19;12,6,14,20,19;13,6,7,15,20;14,7,8,16,20;15,8,9,17,21,20;16,9,10,18,21;17,10,11,19,21;18,11,12,13,20,21;19,13,14,15,16,21;20,16,17,18,19
C40#29 22 1,5,4,3,2;0,2,7,6,5;1,0,3,8,7;2,0,4,10,9,8;3,0,5,11,10;4,0,1,6,12,11;5,1,7,14,13,12;6,1,2,8,15,14;7,2,3,9,16,15;8,3,10,17,16;9,3,4,11,18,17;10,4,5,12,19,18;11,5,6,13,19;12,6,14,20,19;13,6,7,15,20;14,7,8,16,21,20;15,8,9,17,21;16,9,10,18,21;17,10,11,19,21;18,11,12,13,20,21;19,13,14,15,21;20,15,16,17,18,19
C40#30 22 1,5,4,3,2;0,2,7,6,5;1,0,3,8,7;2,0,4,10,9,8;3,0,5,11,10;4,0,1,6,12,11;5,1,7,14,13,12;6,1,2,8,15,14;7,2,3,9,16,15;8,3,10,17,16;9,3,4,11,18,17;10,4,5,12,19,18;11,5,6,13,19;12,6,14,21,20,19;13,6,7,15,21;14,7,8,16,21;15,8,9,17,20,21;16,9,10,18,20;17,10,11,19,20;18,11,12,13,20;19,13,21,16,17,18;20,13,14,15,16
C40#31 22 1,5,4,3,2;0,2,7,6,5;1,0,3,8,7;2,0,4,10,9,8;3,0,5,11,10;4,0,1,6,12,11;5,1,7,14,13,12;6,1,2,8,15,14;7,2,3,9,16,15;8,3,10,18,17,16;9,3,4,11,18;10,4,5,12,18;11,5,6,13,19,18;12,6,14,20,19;13,6,7,15,20;14,7,8,16,21,20;15,8,9,17,21;16,9,18,19,21;17,9,10,11,12,19;18,12,13,20,21,17;19,13,14,15,21;20,15,16,17,19
C40#32 22 1,5,4,3,2;0,2,7,6,5;1,0,3,8,7;2,0,4,10,9,8;3,0,5,11,10;4,0,1,6,12,11;5,1,7,14,13,12;6,1,2,8,15,14;7,2,3,9,16,15;8,3,10,18,17,16;9,3,4,11,18;10,4,5,12,18;11,5,6,13,19,18;12,6,14,21,20,19;13,6,7,15,21;14,7,8,16,21;15,8,9,17,20,21;16,9,18,19,20;17,9,10,11,12,19;18,12,13,20,17;19,13,21,16,17;20,13,14,15,16
C40#33 22 1,5,4,3,2;0,2,7,6,5;1,0,3,8,7;2,0,4,10,9,8;3,0,5,11,10;4,0,1,6,12,11;5,1,7,14,13,12;6,1,2,8,15,14;7,2,3,9,16,15;8,3,10,18,17,16;9,3,4,11,18;10,4,5,12,19,18;11,5,6,13,20,19;12,6,14,21,20;13,6,7,15,21;14,7,8,16,21;15,8,9,17,21;16,9,18,19,20,21;17,9,10,11,19;18,11,12,20,17;19,12,13,21,17;20,13,14,15,16,17
C40#34 22 1,5,4,3,2;0,2,7,6,5;1,0,3,9,8,7;2,0,4,10,9;3,0,5,12,11,10;4,0,1,6,13,12;5,1,7,14,13;6,1,2,8,15,14;7,2,9,16,15;8,2,3,10,16;9,3,4,11,17,16;10,4,12,18,17;11,4,5,13,19,18;12,5,6,14,19;13,6,7,15,20,19;14,7,8,16,21,20;15,8,9,10,17,21;16,10,11,18,21;17,11,12,19,20,21;18,12,13,14,20;19,14,15,21,18;20,15,16,17,18
C40#35 22 1,5,4,3,2;0,2,7,6,5;1,0,3,9,8,7;2,0,4,10,9;3,0,5,12,11,10;4,0,1,6,13,12;5,1,7,14,13;6,1,2,8,15,14;7,2,9,16,15;8,2,3,10,17,16;9,3,4,11,17;10,4,12,18,17;11,4,5,13,19,18;12,5,6,14,19;13,6,7,15,20,19;14,7,8,16,20;15,8,9,17,21,20;16,9,10,11,18,21;17,11,12,19,21;18,12,13,14,20,21;19,14,15,16,21;20,16,17,18,19
C40#36 22 1,5,4,3,2;0,2,7,6,5;1,0,3,9,8,7;2,0,4,10,9;3,0,5,12,11,10;4,0,1,6,13,12;5,1,7,14,13;6,1,2,8,15,14;7,2,9,16,15;8,2,3,10,17,16;9,3,4,11,17;10,4,12,18,17;11,4,5,13,19,18;12,5,6,14,20,19;13,6,7,15,20;14,7,8,16,21,20;15,8,9,17,21;16,9,10,11,18,21;17,11,12,19,21;18,12,13,20,21;19,13,14,15,21;20,15,16,17,18,19
C40#37 22 1,5,4,3,2;0,2,7,6,5;1,0,3,9,8,7;2,0,4,10,9;3,0,5,12,11,10;4,0,1,6,13,12;5,1,7,14,13;6,1,2,8,15,14;7,2,9,16,15;8,2,3,10,17,16;9,3,4,11,17;10,4,12,19,18,17;11,4,5,13,19;12,5,6,14,20,19;13,6,7,15,20;14,7,8,16,21,20;15,8,9,17,21;16,9,10,11,18,21;17,11,19,20,21;18,11,12,13,20;19,13,14,15,21,18;20,15,16,17,18
C40#38 22 1,5,4,3,2;0,2,7,6,5;1,0,3,9,8,7;2,0,4,10,9;3,0,5,12,11,10;4,0,1,6,13,12;5,1,7,14,13;6,1,2,8,15,14;7,2,9,16,15;8,2,3,10,17,16;9,3,4,11,17;10,4,12,19,18,17;11,4,5,13,19;12,5,6,14,20,19;13,6,7,15,20;14,7,8,16,21,20;15,8,9,17,18,21;16,9,10,11,18;17,11,19,21,16;18,11,12,13,20,21;19,13,14,15,21;20,15,16,18,19
C40#39 22 1,5,4,3,2;0,2,7,6,5;1,0,3,9,8,7;2,0,4,11,10,9;3,0,5,13,12,11;4,0,1,6,13;5,1,7,15,14,13;6,1,2,8,16,15;7,2,9,17,16;8,2,3,10,17;9,3,11,19,18,17;10,3,4,12,19;11,4,13,20,19;12,4,5,6,14,20;13,6,15,21,20;14,6,7,16,21;15,7,8,17,18,21;16,8,9,10,18;17,10,19,20,21,16;18,10,11,12,20;19,12,13,14,21,18;20,14,15,16,18
