C44#0 24 1,5,4,3,2;0,2,7,6,5;1,0,3,8,7;2,0,4,9,8;3,0,5,10,9;4,0,1,6,11,10;5,1,7,12,11;6,1,2,8,13,12;7,2,3,9,14,13;8,3,4,10,15,14;9,4,5,11,16,15;10,5,6,12,17,16;11,6,7,13,18,17;12,7,8,14,19,18;13,8,9,15,20,19;14,9,10,16,21,20;15,10,11,17,22,21;16,11,12,18,22;17,12,13,19,23,22;18,13,14,20,23;19,14,15,21,23;20,15,16,22,23;21,16,17,18,23;22,18,19,20,21
C44#1 24 1,5,4,3,2;0,2,7,6,5;1,0,3,8,7;2,0,4,9,8;3,0,5,10,9;4,0,1,6,11,10;5,1,7,13,12,11;6,1,2,8,13;7,2,3,9,14,13;8,3,4,10,15,14;9,4,5,11,16,15;10,5,6,12,17,16;11,6,13,19,18,17;12,6,7,8,14,19;13,8,9,15,20,19;14,9,10,16,21,20;15,10,11,17,22,21;16,11,12,18,22;17,12,19,23,22;18,12,13,14,20,23;19,14,15,21,23;20,15,16,22,23;21,16,17,18,23;22,18,19,20,21
C44#2 24 1,5,4,3,2;0,2,7,6,5;1,0,3,8,7;2,0,4,9,8;3,0,5,10,9;4,0,1,6,11,10;5,1,7,13,12,11;6,1,2,8,14,13;7,2,3,9,14;8,3,4,10,15,14;9,4,5,11,16,15;10,5,6,12,17,16;11,6,13,19,18,17;12,6,7,14,20,19;13,7,8,9,15,20;14,9,10,16,21,20;15,10,11,17,22,21;16,11,12,18,22;17,12,19,23,22;18,12,13,20,23;19,13,14,15,21,23;20,15,16,22,23;21,16,17,18,23;22,18,19,20,21
C44#3 24 1,5,4,3,2;0,2,7,6,5;1,0,3,8,7;2,0,4,9,8;3,0,5,10,9;4,0,1,6,11,10;5,1,7,13,12,11;6,1,2,8,14,13;7,2,3,9,15,14;8,3,4,10,16,15;9,4,5,11,17,16;10,5,6,12,17;11,6,13,18,17;12,6,7,14,19,18;13,7,8,15,20,19;14,8,9,16,21,20;15,9,10,17,22,21;16,10,11,12,18,22;17,12,13,19,23,22;18,13,14,20,23;19,14,15,21,23;20,15,16,22,23;21,16,17,18,23;22,18,19,20,21
C44#4 24 1,5,4,3,2;0,2,7,6,5;1,0,3,8,7;2,0,4,9,8;3,0,5,10,9;4,0,1,6,11,10;5,1,7,13,12,11;6,1,2,8,14,13;7,2,3,9,15,14;8,3,4,10,16,15;9,4,5,11,17,16;10,5,6,12,17;11,6,13,19,18,17;12,6,7,14,19;13,7,8,15,20,19;14,8,9,16,21,20;15,9,10,17,22,21;16,10,11,12,18,22;17,12,19,23,22;18,12,13,14,20,23;19,14,15,21,23;20,15,16,22,23;21,16,17,18,23;22,18,19,20,21
C44#5 24 1,5,4,3,2;0,2,7,6,5;1,0,3,8,7;2,0,4,9,8;3,0,5,10,9;4,0,1,6,11,10;5,1,7,13,12,11;6,1,2,8,14,13;7,2,3,9,15,14;8,3,4,10,16,15;9,4,5,11,17,16;10,5,6,12,17;11,6,13,19,18,17;12,6,7,14,20,19;13,7,8,15,20;14,8,9,16,21,20;15,9,10,17,22,21;16,10,11,12,18,22;17,12,19,23,22;18,12,13,20,23;19,13,14,15,21,23;20,15,16,22,23;21,16,17,18,23;22,18,19,20,21
C44#6 24 1,5,4,3,2;0,2,7,6,5;1,0,3,8,7;2,0,4,9,8;3,0,5,10,9;4,0,1,6,11,10;5,1,7,13,12,11;6,1,2,8,14,13;7,2,3,9,15,14;8,3,4,10,16,15;9,4,5,11,17,16;10,5,6,12,18,17;11,6,13,19,18;12,6,7,14,19;13,7,8,15,20,19;14,8,9,16,21,20;15,9,10,17,22,21;16,10,11,18,22;17,11,12,19,23,22;18,12,13,14,20,23;19,14,15,21,23;20,15,16,22,23;21,16,17,18,23;22,18,19,20,21
C44#7 24 1,5,4,3,2;0,2,7,6,5;1,0,3,8,7;2,0,4,9,8;3,0,5,10,9;4,0,1,6,11,10;5,1,7,13,12,11;6,1,2,8,14,13;7,2,3,9,15,14;8,3,4,10,16,15;9,4,5,11,17,16;10,5,6,12,18,17;11,6,13,19,18;12,6,7,14,20,19;13,7,8,15,20;14,8,9,16,21,20;15,9,10,17,22,21;16,10,11,18,22;17,11,12,19,23,22;18,12,13,20,23;19,13,14,15,21,23;20,15,16,22,23;21,16,17,18,23;22,18,19,20,21
C44#8 24 1,5,4,3,2;0,2,7,6,5;1,0,3,8,7;2,0,4,9,8;3,0,5,10,9;4,0,1,6,11,10;5,1,7,13,12,11;6,1,2,8,14,13;7,2,3,9,15,14;8,3,4,10,16,15;9,4,5,11,17,16;10,5,6,12,18,17;11,6,13,19,18;12,6,7,14,20,19;13,7,8,15,21,20;14,8,9,16,21;15,9,10,17,22,21;16,10,11,18,23,22;17,11,12,19,23;18,12,13,20,23;19,13,14,21,22,23;20,14,15,16,22;21,16,17,23,20;22,17,18,19,20
C44#9 24 1,5,4,3,2;0,2,7,6,5;1,0,3,8,7;2,0,4,9,8;3,0,5,10,9;4,0,1,6,11,10;5,1,7,13,12,11;6,1,2,8,14,13;7,2,3,9,15,14;8,3,4,10,16,15;9,4,5,11,17,16;10,5,6,12,18,17;11,6,13,19,18;12,6,7,14,20,19;13,7,8,15,21,20;14,8,9,16,22,21;15,9,10,17,22;16,10,11,18,23,22;17,11,12,19,23;18,12,13,20,23;19,13,14,21,23;20,14,15,22,23;21,15,16,17,23;22,17,18,19,20,21
C44#10 24 1,5,4,3,2;0,2,7,6,5;1,0,3,8,7;2,0,4,9,8;3,0,5,10,9;4,0,1,6,11,10;5,1,7,13,12,11;6,1,2,8,14,13;7,2,3,9,15,14;8,3,4,10,16,15;9,4,5,11,17,16;10,5,6,12,18,17;11,6,13,20,19,18;12,6,7,14,20;13,7,8,15,21,20;14,8,9,16,22,21;15,9,10,17,22;16,10,11,18,23,22;17,11,12,19,23;18,12,20,21,23;19,12,13,14,21;20,14,15,22,23,19;21,15,16,17,23;22,17,18,19,21
C44#11 24 1,5,4,3,2;0,2,7,6,5;1,0,3,8,7;2,0,4,9,8;3,0,5,11,10,9;4,0,1,6,12,11;5,1,7,13,12;6,1,2,8,14,13;7,2,3,9,15,14;8,3,4,10,15;9,4,11,17,16,15;10,4,5,12,18,17;11,5,6,13,19,18;12,6,7,14,20,19;13,7,8,15,21,20;14,8,9,10,16,21;15,10,17,22,21;16,10,11,18,22;17,11,12,19,23,22;18,12,13,20,23;19,13,14,21,23;20,14,15,16,22,23;21,16,17,18,23;22,18,19,20,21
C44#12 24 1,5,4,3,2;0,2,7,6,5;1,0,3,8,7;2,0,4,9,8;3,0,5,11,10,9;4,0,1,6,12,11;5,1,7,13,12;6,1,2,8,14,13;7,2,3,9,15,14;8,3,4,10,15;9,4,11,17,16,15;10,4,5,12,18,17;11,5,6,13,19,18;12,6,7,14,20,19;13,7,8,15,21,20;14,8,9,10,16,21;15,10,17,23,22,21;16,10,11,18,23;17,11,12,19,23;18,12,13,20,22,23;19,13,14,21,22;20,14,15,16,22;21,16,23,19,20;22,16,17,18,19
C44#13 24 1,5,4,3,2;0,2,7,6,5;1,0,3,8,7;2,0,4,9,8;3,0,5,11,10,9;4,0,1,6,12,11;5,1,7,13,12;6,1,2,8,14,13;7,2,3,9,15,14;8,3,4,10,16,15;9,4,11,17,16;10,4,5,12,18,17;11,5,6,13,19,18;12,6,7,14,19;13,7,8,15,20,19;14,8,9,16,21,20;15,9,10,17,22,21;16,10,11,18,22;17,11,12,19,23,22;18,12,13,14,20,23;19,14,15,21,23;20,15,16,22,23;21,16,17,18,23;22,18,19,20,21
C44#14 24 1,5,4,3,2;0,2,7,6,5;1,0,3,8,7;2,0,4,9,8;3,0,5,11,10,9;4,0,1,6,12,11;5,1,7,13,12;6,1,2,8,14,13;7,2,3,9,15,14;8,3,4,10,16,15;9,4,11,17,16;10,4,5,12,18,17;11,5,6,13,19,18;12,6,7,14,20,19;13,7,8,15,20;14,8,9,16,21,20;15,9,10,17,22,21;16,10,11,18,22;17,11,12,19,23,22;18,12,13,20,23;19,13,14,15,21,23;20,15,16,22,23;21,16,17,18,23;22,18,19,20,21
C44#15 24 1,5,4,3,2;0,2,7,6,5;1,0,3,8,7;2,0,4,9,8;3,0,5,11,10,9;4,0,1,6,12,11;5,1,7,13,12;6,1,2,8,14,13;7,2,3,9,15,14;8,3,4,10,16,15;9,4,11,17,16;10,4,5,12,18,17;11,5,6,13,19,18;12,6,7,14,20,19;13,7,8,15,21,20;14,8,9,16,21;15,9,10,17,22,21;16,10,11,18,22;17,11,12,19,23,22;18,12,13,20,23;19,13,14,21,23;20,14,15,16,22,23;21,16,17,18,23;22,18,19,20,21
C44#16 24 1,5,4,3,2;0,2,7,6,5;1,0,3,8,7;2,0,4,9,8;3,0,5,11,10,9;4,0,1,6,12,11;5,1,7,13,12;6,1,2,8,14,13;7,2,3,9,15,14;8,3,4,10,16,15;9,4,11,17,16;10,4,5,12,18,17;11,5,6,13,19,18;12,6,7,14,20,19;13,7,8,15,21,20;14,8,9,16,22,21;15,9,10,17,22;16,10,11,18,22;17,11,12,19,23,22;18,12,13,20,23;19,13,14,21,23;20,14,15,22,23;21,15,16,17,18,23;22,18,19,20,21
C44#17 24 1,5,4,3,2;0,2,7,6,5;1,0,3,8,7;2,0,4,9,8;3,0,5,11,10,9;4,0,1,6,12,11;5,1,7,13,12;6,1,2,8,14,13;7,2,3,9,15,14;8,3,4,10,16,15;9,4,11,17,16;10,4,5,12,18,17;11,5,6,13,19,18;12,6,7,14,20,19;13,7,8,15,21,20;14,8,9,16,22,21;15,9,10,17,22;16,10,11,18,23,22;17,11,12,19,23;18,12,13,20,23;19,13,14,21,23;20,14,15,22,23;21,15,16,17,23;22,17,18,19,20,21
C44#18 24 1,5,4,3,2;0,2,7,6,5;1,0,3,8,7;2,0,4,9,8;3,0,5,11,10,9;4,0,1,6,12,11;5,1,7,13,12;6,1,2,8,14,13;7,2,3,9,15,14;8,3,4,10,16,15;9,4,11,18,17,16;10,4,5,12,18;11,5,6,13,19,18;12,6,7,14,20,19;13,7,8,15,21,20;14,8,9,16,22,21;15,9,10,17,22;16,10,18,23,22;17,10,11,12,19,23;18,12,13,20,23;19,13,14,21,23;20,14,15,22,23;21,15,16,17,23;22,17,18,19,20,21
C44#19 24 1,5,4,3,2;0,2,7,6,5;1,0,3,8,7;2,0,4,9,8;3,0,5,11,10,9;4,0,1,6,12,11;5,1,7,13,12;6,1,2,8,14,13;7,2,3,9,15,14;8,3,4,10,16,15;9,4,11,18,17,16;10,4,5,12,18;11,5,6,13,19,18;12,6,7,14,20,19;13,7,8,15,21,20;14,8,9,16,22,21;15,9,10,17,22;16,10,18,19,23,22;17,10,11,12,19;18,12,13,20,23,17;19,13,14,21,23;20,14,15,22,23;21,15,16,17,23;22,17,19,20,21
C44#20 24 1,5,4,3,2;0,2,7,6,5;1,0,3,8,7;2,0,4,9,8;3,0,5,11,10,9;4,0,1,6,12,11;5,1,7,13,12;6,1,2,8,14,13;7,2,3,9,15,14;8,3,4,10,16,15;9,4,11,18,17,16;10,4,5,12,19,18;11,5,6,13,19;12,6,7,14,20,19;13,7,8,15,21,20;14,8,9,16,22,21;15,9,10,17,22;16,10,18,23,22;17,10,11,19,23;18,11,12,13,20,23;19,13,14,21,23;20,14,15,22,23;21,15,16,17,23;22,17,18,19,20,21
C44#21 24 1,5,4,3,2;0,2,7,6,5;1,0,3,8,7;2,0,4,9,8;3,0,5,11,10,9;4,0,1,6,12,11;5,1,7,14,13,12;6,1,2,8,15,14;7,2,3,9,16,15;8,3,4,10,17,16;9,4,11,18,17;10,4,5,12,18;11,5,6,13,19,18;12,6,14,20,19;13,6,7,15,21,20;14,7,8,16,21;15,8,9,17,22,21;16,9,10,18,23,22;17,10,11,12,19,23;18,12,13,20,23;19,13,14,21,22,23;20,14,15,16,22;21,16,17,23,20;22,17,18,19,20
C44#22 24 1,5,4,3,2;0,2,7,6,5;1,0,3,8,7;2,0,4,9,8;3,0,5,11,10,9;4,0,1,6,12,11;5,1,7,14,13,12;6,1,2,8,15,14;7,2,3,9,16,15;8,3,4,10,17,16;9,4,11,18,17;10,4,5,12,18;11,5,6,13,19,18;12,6,14,20,19;13,6,7,15,21,20;14,7,8,16,22,21;15,8,9,17,22;16,9,10,18,23,22;17,10,11,12,19,23;18,12,13,20,23;19,13,14,21,23;20,14,15,22,23;21,15,16,17,23;22,17,18,19,20,21
C44#23 24 1,5,4,3,2;0,2,7,6,5;1,0,3,8,7;2,0,4,9,8;3,0,5,11,10,9;4,0,1,6,12,11;5,1,7,14,13,12;6,1,2,8,15,14;7,2,3,9,16,15;8,3,4,10,17,16;9,4,11,18,17;10,4,5,12,18;11,5,6,13,19,18;12,6,14,21,20,19;13,6,7,15,21;14,7,8,16,21;15,8,9,17,22,21;16,9,10,18,23,22;17,10,11,12,19,23;18,12,13,20,23;19,13,21,22,23;20,13,14,15,16,22;21,16,17,23,20;22,17,18,19,20
C44#24 24 1,5,4,3,2;0,2,7,6,5;1,0,3,8,7;2,0,4,9,8;3,0,5,11,10,9;4,0,1,6,12,11;5,1,7,14,13,12;6,1,2,8,15,14;7,2,3,9,16,15;8,3,4,10,17,16;9,4,11,18,17;10,4,5,12,18;11,5,6,13,19,18;12,6,14,21,20,19;13,6,7,15,21;14,7,8,16,22,21;15,8,9,17,22;16,9,10,18,23,22;17,10,11,12,19,23;18,12,13,20,23;19,13,21,22,23;20,13,14,15,22;21,15,16,17,23,20;22,17,18,19,20
C44#25 24 1,5,4,3,2;0,2,7,6,5;1,0,3,8,7;2,0,4,9,8;3,0,5,11,10,9;4,0,1,6,12,11;5,1,7,14,13,12;6,1,2,8,15,14;7,2,3,9,16,15;8,3,4,10,17,16;9,4,11,18,17;10,4,5,12,18;11,5,6,13,19,18;12,6,14,21,20,19;13,6,7,15,21;14,7,8,16,22,21;15,8,9,17,23,22;16,9,10,18,23;17,10,11,12,19,23;18,12,13,20,23;19,13,21,22,23;20,13,14,15,22;21,15,16,23,20;22,16,17,18,19,20
C44#26 24 1,5,4,3,2;0,2,7,6,5;1,0,3,8,7;2,0,4,9,8;3,0,5,11,10,9;4,0,1,6,12,11;5,1,7,14,13,12;6,1,2,8,15,14;7,2,3,9,16,15;8,3,4,10,17,16;9,4,11,18,17;10,4,5,12,19,18;11,5,6,13,19;12,6,14,20,19;13,6,7,15,20;14,7,8,16,21,20;15,8,9,17,22,21;16,9,10,18,22;17,10,11,19,23,22;18,11,12,13,20,23;19,13,14,15,21,23;20,15,16,22,23;21,16,17,18,23;22,18,19,20,21
C44#27 24 1,5,4,3,2;0,2,7,6,5;1,0,3,8,7;2,0,4,9,8;3,0,5,11,10,9;4,0,1,6,12,11;5,1,7,14,13,12;6,1,2,8,15,14;7,2,3,9,16,15;8,3,4,10,17,16;9,4,11,18,17;10,4,5,12,19,18;11,5,6,13,19;12,6,14,20,19;13,6,7,15,21,20;14,7,8,16,21;15,8,9,17,22,21;16,9,10,18,22;17,10,11,19,23,22;18,11,12,13,20,23;19,13,14,21,23;20,14,15,16,22,23;21,16,17,18,23;22,18,19,20,21
C44#28 24 1,5,4,3,2;0,2,7,6,5;1,0,3,8,7;2,0,4,9,8;3,0,5,11,10,9;4,0,1,6,12,11;5,1,7,14,13,12;6,1,2,8,15,14;7,2,3,9,16,15;8,3,4,10,17,16;9,4,11,18,17;10,4,5,12,19,18;11,5,6,13,19;12,6,14,20,19;13,6,7,15,21,20;14,7,8,16,21;15,8,9,17,22,21;16,9,10,18,23,22;17,10,11,19,23;18,11,12,13,20,23;19,13,14,21,22,23;20,14,15,16,22;21,16,17,23,20;22,17,18,19,20
C44#29 24 1,5,4,3,2;0,2,7,6,5;1,0,3,8,7;2,0,4,9,8;3,0,5,11,10,9;4,0,1,6,12,11;5,1,7,14,13,12;6,1,2,8,15,14;7,2,3,9,16,15;8,3,4,10,17,16;9,4,11,18,17;10,4,5,12,19,18;11,5,6,13,19;12,6,14,20,19;13,6,7,15,21,20;14,7,8,16,22,21;15,8,9,17,22;16,9,10,18,23,22;17,10,11,19,23;18,11,12,13,20,23;19,13,14,21,23;20,14,15,22,23;21,15,16,17,23;22,17,18,19,20,21
C44#30 24 1,5,4,3,2;0,2,7,6,5;1,0,3,8,7;2,0,4,9,8;3,0,5,11,10,9;4,0,1,6,12,11;5,1,7,14,13,12;6,1,2,8,15,14;7,2,3,9,16,15;8,3,4,10,17,16;9,4,11,18,17;10,4,5,12,19,18;11,5,6,13,19;12,6,14,20,19;13,6,7,15,21,20;14,7,8,16,22,21;15,8,9,17,22;16,9,10,18,23,22;17,10,11,19,20,23;18,11,12,13,20;19,13,14,21,23,18;20,14,15,22,23;21,15,16,17,23;22,17,18,20,21
C44#31 24 1,5,4,3,2;0,2,7,6,5;1,0,3,8,7;2,0,4,9,8;3,0,5,11,10,9;4,0,1,6,12,11;5,1,7,14,13,12;6,1,2,8,15,14;7,2,3,9,16,15;8,3,4,10,17,16;9,4,11,18,17;10,4,5,12,19,18;11,5,6,13,19;12,6,14,21,20,19;13,6,7,15,21;14,7,8,16,22,21;15,8,9,17,22;16,9,10,18,23,22;17,10,11,19,23;18,11,12,13,20,23;19,13,21,22,23;20,13,14,15,22;21,15,16,17,23,20;22,17,18,19,20
C44#32 24 1,5,4,3,2;0,2,7,6,5;1,0,3,8,7;2,0,4,9,8;3,0,5,11,10,9;4,0,1,6,12,11;5,1,7,14,13,12;6,1,2,8,15,14;7,2,3,9,16,15;8,3,4,10,17,16;9,4,11,18,17;10,4,5,12,19,18;11,5,6,13,19;12,6,14,21,20,19;13,6,7,15,22,21;14,7,8,16,22;15,8,9,17,23,22;16,9,10,18,20,23;17,10,11,19,20;18,11,12,13,20;19,13,21,23,17,18;20,13,14,22,23;21,14,15,16,23;22,16,17,20,21
C44#33 24 1,5,4,3,2;0,2,7,6,5;1,0,3,8,7;2,0,4,9,8;3,0,5,11,10,9;4,0,1,6,12,11;5,1,7,14,13,12;6,1,2,8,15,14;7,2,3,9,16,15;8,3,4,10,17,16;9,4,11,18,17;10,4,5,12,19,18;11,5,6,13,20,19;12,6,14,21,20;13,6,7,15,21;14,7,8,16,22,21;15,8,9,17,23,22;16,9,10,18,23;17,10,11,19,23;18,11,12,20,23;19,12,13,21,22,23;20,13,14,15,22;21,15,16,23,20;22,16,17,18,19,20
C44#34 24 1,5,4,3,2;0,2,7,6,5;1,0,3,8,7;2,0,4,9,8;3,0,5,11,10,9;4,0,1,6,12,11;5,1,7,14,13,12;6,1,2,8,15,14;7,2,3,9,16,15;8,3,4,10,17,16;9,4,11,18,17;10,4,5,12,19,18;11,5,6,13,20,19;12,6,14,21,20;13,6,7,15,21;14,7,8,16,22,21;15,8,9,17,23,22;16,9,10,18,23;17,10,11,19,23;18,11,12,20,22,23;19,12,13,21,22;20,13,14,15,22;21,15,16,23,19,20;22,16,17,18,19
C44#35 24 1,5,4,3,2;0,2,7,6,5;1,0,3,8,7;2,0,4,9,8;3,0,5,11,10,9;4,0,1,6,12,11;5,1,7,14,13,12;6,1,2,8,15,14;7,2,3,9,16,15;8,3,4,10,17,16;9,4,11,19,18,17;10,4,5,12,19;11,5,6,13,20,19;12,6,14,21,20;13,6,7,15,22,21;14,7,8,16,22;15,8,9,17,23,22;16,9,10,18,23;17,10,19,20,23;18,10,11,12,20;19,12,13,21,23,18;20,13,14,22,23;21,14,15,16,23;22,16,17,18,20,21
C44#36 24 1,5,4,3,2;0,2,7,6,5;1,0,3,8,7;2,0,4,10,9,8;3,0,5,11,10;4,0,1,6,12,11;5,1,7,13,12;6,1,2,8,14,13;7,2,3,9,14;8,3,10,16,15,14;9,3,4,11,17,16;10,4,5,12,18,17;11,5,6,13,19,18;12,6,7,14,20,19;13,7,8,9,15,20;14,9,16,21,20;15,9,10,17,22,21;16,10,11,18,22;17,11,12,19,23,22;18,12,13,20,23;19,13,14,15,21,23;20,15,16,22,23;21,16,17,18,23;22,18,19,20,21
C44#37 24 1,5,4,3,2;0,2,7,6,5;1,0,3,8,7;2,0,4,10,9,8;3,0,5,11,10;4,0,1,6,12,11;5,1,7,13,12;6,1,2,8,14,13;7,2,3,9,14;8,3,10,16,15,14;9,3,4,11,17,16;10,4,5,12,18,17;11,5,6,13,19,18;12,6,7,14,20,19;13,7,8,9,15,20;14,9,16,22,21,20;15,9,10,17,22;16,10,11,18,23,22;17,11,12,19,23;18,12,13,20,21,23;19,13,14,15,21;20,15,22,23,19;21,15,16,17,23;22,17,18,19,21
C44#38 24 1,5,4,3,2;0,2,7,6,5;1,0,3,8,7;2,0,4,10,9,8;3,0,5,11,10;4,0,1,6,12,11;5,1,7,13,12;6,1,2,8,14,13;7,2,3,9,15,14;8,3,10,16,15;9,3,4,11,17,16;10,4,5,12,18,17;11,5,6,13,19,18;12,6,7,14,20,19;13,7,8,15,20;14,8,9,16,21,20;15,9,10,17,22,21;16,10,11,18,22;17,11,12,19,23,22;18,12,13,20,23;19,13,14,15,21,23;20,15,16,22,23;21,16,17,18,23;22,18,19,20,21
C44#39 24 1,5,4,3,2;0,2,7,6,5;1,0,3,8,7;2,0,4,10,9,8;3,0,5,11,10;4,0,1,6,12,11;5,1,7,13,12;6,1,2,8,14,13;7,2,3,9,15,14;8,3,10,16,15;9,3,4,11,17,16;10,4,5,12,18,17;11,5,6,13,19,18;12,6,7,14,20,19;13,7,8,15,21,20;14,8,9,16,21;15,9,10,17,22,21;16,10,11,18,22;17,11,12,19,23,22;18,12,13,20,23;19,13,14,21,23;20,14,15,16,22,23;21,16,17,18,23;22,18,19,20,21
C44#40 24 1,5,4,3,2;0,2,7,6,5;1,0,3,8,7;2,0,4,10,9,8;3,0,5,11,10;4,0,1,6,12,11;5,1,7,13,12;6,1,2,8,14,13;7,2,3,9,15,14;8,3,10,16,15;9,3,4,11,17,16;10,4,5,12,18,17;11,5,6,13,19,18;12,6,7,14,20,19;13,7,8,15,21,20;14,8,9,16,21;15,9,10,17,22,21;16,10,11,18,23,22;17,11,12,19,23;18,12,13,20,23;19,13,14,21,22,23;20,14,15,16,22;21,16,17,23,20;22,17,18,19,20
C44#41 24 1,5,4,3,2;0,2,7,6,5;1,0,3,8,7;2,0,4,10,9,8;3,0,5,11,10;4,0,1,6,12,11;5,1,7,13,12;6,1,2,8,14,13;7,2,3,9,15,14;8,3,10,16,15;9,3,4,11,17,16;10,4,5,12,18,17;11,5,6,13,19,18;12,6,7,14,20,19;13,7,8,15,21,20;14,8,9,16,22,21;15,9,10,17,22;16,10,11,18,23,22;17,11,12,19,23;18,12,13,20,23;19,13,14,21,23;20,14,15,22,23;21,15,16,17,23;22,17,18,19,20,21
C44#42 24 1,5,4,3,2;0,2,7,6,5;1,0,3,8,7;2,0,4,10,9,8;3,0,5,11,10;4,0,1,6,12,11;5,1,7,13,12;6,1,2,8,14,13;7,2,3,9,15,14;8,3,10,17,16,15;9,3,4,11,17;10,4,5,12,18,17;11,5,6,13,19,18;12,6,7,14,20,19;13,7,8,15,21,20;14,8,9,16,21;15,9,17,22,21;16,9,10,11,18,22;17,11,12,19,23,22;18,12,13,20,23;19,13,14,21,23;20,14,15,16,22,23;21,16,17,18,23;22,18,19,20,21
C44#43 24 1,5,4,3,2;0,2,7,6,5;1,0,3,8,7;2,0,4,10,9,8;3,0,5,11,10;4,0,1,6,12,11;5,1,7,13,12;6,1,2,8,14,13;7,2,3,9,15,14;8,3,10,17,16,15;9,3,4,11,17;10,4,5,12,18,17;11,5,6,13,19,18;12,6,7,14,20,19;13,7,8,15,21,20;14,8,9,16,21;15,9,17,23,22,21;16,9,10,11,18,23;17,11,12,19,23;18,12,13,20,22,23;19,13,14,21,22;20,14,15,16,22;21,16,23,19,20;22,16,17,18,19
C44#44 24 1,5,4,3,2;0,2,7,6,5;1,0,3,8,7;2,0,4,10,9,8;3,0,5,11,10;4,0,1,6,12,11;5,1,7,13,12;6,1,2,8,14,13;7,2,3,9,15,14;8,3,10,17,16,15;9,3,4,11,18,17;10,4,5,12,18;11,5,6,13,19,18;12,6,7,14,20,19;13,7,8,15,21,20;14,8,9,16,21;15,9,17,23,22,21;16,9,10,18,23;17,10,11,12,19,23;18,12,13,20,22,23;19,13,14,21,22;20,14,15,16,22;21,16,23,19,20;22,16,17,18,19
C44#45 24 1,5,4,3,2;0,2,7,6,5;1,0,3,8,7;2,0,4,10,9,8;3,0,5,11,10;4,0,1,6,12,11;5,1,7,14,13,12;6,1,2,8,15,14;7,2,3,9,16,15;8,3,10,17,16;9,3,4,11,17;10,4,5,12,18,17;11,5,6,13,19,18;12,6,14,20,19;13,6,7,15,20;14,7,8,16,21,20;15,8,9,17,22,21;16,9,10,11,18,22;17,11,12,19,23,22;18,12,13,20,23;19,13,14,15,21,23;20,15,16,22,23;21,16,17,18,23;22,18,19,20,21
C44#46 24 1,5,4,3,2;0,2,7,6,5;1,0,3,8,7;2,0,4,10,9,8;3,0,5,11,10;4,0,1,6,12,11;5,1,7,14,13,12;6,1,2,8,15,14;7,2,3,9,16,15;8,3,10,17,16;9,3,4,11,18,17;10,4,5,12,18;11,5,6,13,19,18;12,6,14,20,19;13,6,7,15,21,20;14,7,8,16,21;15,8,9,17,22,21;16,9,10,18,23,22;17,10,11,12,19,23;18,12,13,20,23;19,13,14,21,22,23;20,14,15,16,22;21,16,17,23,20;22,17,18,19,20
C44#47 24 1,5,4,3,2;0,2,7,6,5;1,0,3,8,7;2,0,4,10,9,8;3,0,5,11,10;4,0,1,6,12,11;5,1,7,14,13,12;6,1,2,8,15,14;7,2,3,9,16,15;8,3,10,17,16;9,3,4,11,18,17;10,4,5,12,18;11,5,6,13,19,18;12,6,14,20,19;13,6,7,15,21,20;14,7,8,16,22,21;15,8,9,17,22;16,9,10,18,23,22;17,10,11,12,19,23;18,12,13,20,23;19,13,14,21,23;20,14,15,22,23;21,15,16,17,23;22,17,18,19,20,21
C44#48 24 1,5,4,3,2;0,2,7,6,5;1,0,3,8,7;2,0,4,10,9,8;3,0,5,11,10;4,0,1,6,12,11;5,1,7,14,13,12;6,1,2,8,15,14;7,2,3,9,16,15;8,3,10,17,16;9,3,4,11,18,17;10,4,5,12,18;11,5,6,13,19,18;12,6,14,21,20,19;13,6,7,15,21;14,7,8,16,22,21;15,8,9,17,22;16,9,10,18,23,22;17,10,11,12,19,23;18,12,13,20,23;19,13,21,22,23;20,13,14,15,22;21,15,16,17,23,20;22,17,18,19,20
C44#49 24 1,5,4,3,2;0,2,7,6,5;1,0,3,8,7;2,0,4,10,9,8;3,0,5,11,10;4,0,1,6,12,11;5,1,7,14,13,12;6,1,2,8,15,14;7,2,3,9,16,15;8,3,10,17,16;9,3,4,11,18,17;10,4,5,12,19,18;11,5,6,13,19;12,6,14,20,19;13,6,7,15,20;14,7,8,16,21,20;15,8,9,17,22,21;16,9,10,18,22;17,10,11,19,23,22;18,11,12,13,20,23;19,13,14,15,21,23;20,15,16,22,23;21,16,17,18,23;22,18,19,20,21
C44#50 24 1,5,4,3,2;0,2,7,6,5;1,0,3,8,7;2,0,4,10,9,8;3,0,5,11,10;4,0,1,6,12,11;5,1,7,14,13,12;6,1,2,8,15,14;7,2,3,9,16,15;8,3,10,17,16;9,3,4,11,18,17;10,4,5,12,19,18;11,5,6,13,19;12,6,14,20,19;13,6,7,15,21,20;14,7,8,16,21;15,8,9,17,22,21;16,9,10,18,22;17,10,11,19,23,22;18,11,12,13,20,23;19,13,14,21,23;20,14,15,16,22,23;21,16,17,18,23;22,18,19,20,21
C44#51 24 1,5,4,3,2;0,2,7,6,5;1,0,3,8,7;2,0,4,10,9,8;3,0,5,11,10;4,0,1,6,12,11;5,1,7,14,13,12;6,1,2,8,15,14;7,2,3,9,16,15;8,3,10,17,16;9,3,4,11,18,17;10,4,5,12,19,18;11,5,6,13,19;12,6,14,20,19;13,6,7,15,21,20;14,7,8,16,21;15,8,9,17,22,21;16,9,10,18,23,22;17,10,11,19,23;18,11,12,13,20,23;19,13,14,21,22,23;20,14,15,16,22;21,16,17,23,20;22,17,18,19,20
C44#52 24 1,5,4,3,2;0,2,7,6,5;1,0,3,8,7;2,0,4,10,9,8;3,0,5,11,10;4,0,1,6,12,11;5,1,7,14,13,12;6,1,2,8,15,14;7,2,3,9,16,15;8,3,10,17,16;9,3,4,11,18,17;10,4,5,12,19,18;11,5,6,13,19;12,6,14,20,19;13,6,7,15,21,20;14,7,8,16,22,21;15,8,9,17,22;16,9,10,18,22;17,10,11,19,23,22;18,11,12,13,20,23;19,13,14,21,23;20,14,15,22,23;21,15,16,17,18,23;22,18,19,20,21
C44#53 24 1,5,4,3,2;0,2,7,6,5;1,0,3,8,7;2,0,4,10,9,8;3,0,5,11,10;4,0,1,6,12,11;5,1,7,14,13,12;6,1,2,8,15,14;7,2,3,9,16,15;8,3,10,17,16;9,3,4,11,18,17;10,4,5,12,19,18;11,5,6,13,19;12,6,14,20,19;13,6,7,15,21,20;14,7,8,16,22,21;15,8,9,17,22;16,9,10,18,23,22;17,10,11,19,23;18,11,12,13,20,23;19,13,14,21,23;20,14,15,22,23;21,15,16,17,23;22,17,18,19,20,21
C44#54 24 1,5,4,3,2;0,2,7,6,5;1,0,3,8,7;2,0,4,10,9,8;3,0,5,11,10;4,0,1,6,12,11;5,1,7,14,13,12;6,1,2,8,15,14;7,2,3,9,16,15;8,3,10,17,16;9,3,4,11,18,17;10,4,5,12,19,18;11,5,6,13,19;12,6,14,21,20,19;13,6,7,15,21;14,7,8,16,21;15,8,9,17,22,21;16,9,10,18,23,22;17,10,11,19,23;18,11,12,13,20,23;19,13,21,22,23;20,13,14,15,16,22;21,16,17,23,20;22,17,18,19,20
C44#55 24 1,5,4,3,2;0,2,7,6,5;1,0,3,8,7;2,0,4,10,9,8;3,0,5,11,10;4,0,1,6,12,11;5,1,7,14,13,12;6,1,2,8,15,14;7,2,3,9,16,15;8,3,10,17,16;9,3,4,11,18,17;10,4,5,12,19,18;11,5,6,13,19;12,6,14,21,20,19;13,6,7,15,21;14,7,8,16,22,21;15,8,9,17,23,22;16,9,10,18,23;17,10,11,19,23;18,11,12,13,20,23;19,13,21,22,23;20,13,14,15,22;21,15,16,23,20;22,16,17,18,19,20
C44#56 24 1,5,4,3,2;0,2,7,6,5;1,0,3,8,7;2,0,4,10,9,8;3,0,5,11,10;4,0,1,6,12,11;5,1,7,14,13,12;6,1,2,8,15,14;7,2,3,9,16,15;8,3,10,17,16;9,3,4,11,18,17;10,4,5,12,19,18;11,5,6,13,19;12,6,14,21,20,19;13,6,7,15,21;14,7,8,16,22,21;15,8,9,17,23,22;16,9,10,18,23;17,10,11,19,20,23;18,11,12,13,20;19,13,21,22,23,18;20,13,14,15,22;21,15,16,23,20;22,16,17,18,20
C44#57 24 1,5,4,3,2;0,2,7,6,5;1,0,3,8,7;2,0,4,10,9,8;3,0,5,11,10;4,0,1,6,12,11;5,1,7,14,13,12;6,1,2,8,15,14;7,2,3,9,16,15;8,3,10,17,16;9,3,4,11,18,17;10,4,5,12,19,18;11,5,6,13,20,19;12,6,14,21,20;13,6,7,15,21;14,7,8,16,22,21;15,8,9,17,22;16,9,10,18,22;17,10,11,19,23,22;18,11,12,20,23;19,12,13,21,23;20,13,14,15,22,23;21,15,16,17,18,23;22,18,19,20,21
C44#58 24 1,5,4,3,2;0,2,7,6,5;1,0,3,8,7;2,0,4,10,9,8;3,0,5,11,10;4,0,1,6,12,11;5,1,7,14,13,12;6,1,2,8,15,14;7,2,3,9,16,15;8,3,10,17,16;9,3,4,11,18,17;10,4,5,12,19,18;11,5,6,13,20,19;12,6,14,21,20;13,6,7,15,21;14,7,8,16,22,21;15,8,9,17,22;16,9,10,18,23,22;17,10,11,19,23;18,11,12,20,23;19,12,13,21,23;20,13,14,15,22,23;21,15,16,17,23;22,17,18,19,20,21
C44#59 24 1,5,4,3,2;0,2,7,6,5;1,0,3,8,7;2,0,4,10,9,8;3,0,5,11,10;4,0,1,6,12,11;5,1,7,14,13,12;6,1,2,8,15,14;7,2,3,9,16,15;8,3,10,17,16;9,3,4,11,18,17;10,4,5,12,19,18;11,5,6,13,20,19;12,6,14,21,20;13,6,7,15,21;14,7,8,16,22,21;15,8,9,17,22;16,9,10,18,23,22;17,10,11,19,23;18,11,12,20,23;19,12,13,21,22,23;20,13,14,15,22;21,15,16,17,23,20;22,17,18,19,20
C44#60 24 1,5,4,3,2;0,2,7,6,5;1,0,3,8,7;2,0,4,10,9,8;3,0,5,11,10;4,0,1,6,12,11;5,1,7,14,13,12;6,1,2,8,15,14;7,2,3,9,16,15;8,3,10,17,16;9,3,4,11,18,17;10,4,5,12,19,18;11,5,6,13,20,19;12,6,14,21,20;13,6,7,15,21;14,7,8,16,22,21;15,8,9,17,23,22;16,9,10,18,23;17,10,11,19,23;18,11,12,20,23;19,12,13,21,22,23;20,13,14,15,22;21,15,16,23,20;22,16,17,18,19,20
C44#61 24 1,5,4,3,2;0,2,7,6,5;1,0,3,8,7;2,0,4,10,9,8;3,0,5,11,10;4,0,1,6,12,11;5,1,7,14,13,12;6,1,2,8,15,14;7,2,3,9,16,15;8,3,10,17,16;9,3,4,11,18,17;10,4,5,12,19,18;11,5,6,13,20,19;12,6,14,21,20;13,6,7,15,22,21;14,7,8,16,22;15,8,9,17,22;16,9,10,18,23,22;17,10,11,19,23;18,11,12,20,23;19,12,13,21,23;20,13,14,22,23;21,14,15,16,17,23;22,17,18,19,20,21
C44#62 24 1,5,4,3,2;0,2,7,6,5;1,0,3,8,7;2,0,4,10,9,8;3,0,5,11,10;4,0,1,6,12,11;5,1,7,14,13,12;6,1,2,8,15,14;7,2,3,9,16,15;8,3,10,18,17,16;9,3,4,11,18;10,4,5,12,19,18;11,5,6,13,20,19;12,6,14,21,20;13,6,7,15,21;14,7,8,16,22,21;15,8,9,17,22;16,9,18,23,22;17,9,10,11,19,23;18,11,12,20,23;19,12,13,21,23;20,13,14,15,22,23;21,15,16,17,23;22,17,18,19,20,21
C44#63 24 1,5,4,3,2;0,2,7,6,5;1,0,3,8,7;2,0,4,10,9,8;3,0,5,11,10;4,0,1,6,12,11;5,1,7,14,13,12;6,1,2,8,15,14;7,2,3,9,16,15;8,3,10,18,17,16;9,3,4,11,18;10,4,5,12,19,18;11,5,6,13,20,19;12,6,14,21,20;13,6,7,15,21;14,7,8,16,22,21;15,8,9,17,22;16,9,18,23,22;17,9,10,11,19,23;18,11,12,20,23;19,12,13,21,22,23;20,13,14,15,22;21,15,16,17,23,20;22,17,18,19,20
C44#64 24 1,5,4,3,2;0,2,7,6,5;1,0,3,8,7;2,0,4,10,9,8;3,0,5,11,10;4,0,1,6,12,11;5,1,7,14,13,12;6,1,2,8,15,14;7,2,3,9,16,15;8,3,10,18,17,16;9,3,4,11,18;10,4,5,12,19,18;11,5,6,13,20,19;12,6,14,21,20;13,6,7,15,21;14,7,8,16,22,21;15,8,9,17,22;16,9,18,19,23,22;17,9,10,11,19;18,11,12,20,23,17;19,12,13,21,23;20,13,14,15,22,23;21,15,16,17,23;22,17,19,20,21
C44#65 24 1,5,4,3,2;0,2,7,6,5;1,0,3,8,7;2,0,4,10,9,8;3,0,5,11,10;4,0,1,6,12,11;5,1,7,14,13,12;6,1,2,8,15,14;7,2,3,9,16,15;8,3,10,18,17,16;9,3,4,11,18;10,4,5,12,19,18;11,5,6,13,20,19;12,6,14,21,20;13,6,7,15,21;14,7,8,16,22,21;15,8,9,17,23,22;16,9,18,19,23;17,9,10,11,19;18,11,12,20,23,17;19,12,13,21,22,23;20,13,14,15,22;21,15,16,23,20;22,16,17,19,20
C44#66 24 1,5,4,3,2;0,2,7,6,5;1,0,3,8,7;2,0,4,10,9,8;3,0,5,12,11,10;4,0,1,6,13,12;5,1,7,15,14,13;6,1,2,8,16,15;7,2,3,9,17,16;8,3,10,18,17;9,3,4,11,18;10,4,12,19,18;11,4,5,13,20,19;12,5,6,14,20;13,6,15,21,20;14,6,7,16,22,21;15,7,8,17,22;16,8,9,18,23,22;17,9,10,11,19,23;18,11,12,20,23;19,12,13,14,21,23;20,14,15,22,23;21,15,16,17,23;22,17,18,19,20,21
C44#67 24 1,5,4,3,2;0,2,7,6,5;1,0,3,8,7;2,0,4,10,9,8;3,0,5,12,11,10;4,0,1,6,13,12;5,1,7,15,14,13;6,1,2,8,16,15;7,2,3,9,17,16;8,3,10,18,17;9,3,4,11,18;10,4,12,19,18;11,4,5,13,20,19;12,5,6,14,20;13,6,15,21,20;14,6,7,16,22,21;15,7,8,17,22;16,8,9,18,23,22;17,9,10,11,19,23;18,11,12,20,21,23;19,12,13,14,21;20,14,15,22,23,19;21,15,16,17,23;22,17,18,19,21
C44#68 24 1,5,4,3,2;0,2,7,6,5;1,0,3,8,7;2,0,4,10,9,8;3,0,5,12,11,10;4,0,1,6,13,12;5,1,7,15,14,13;6,1,2,8,16,15;7,2,3,9,17,16;8,3,10,18,17;9,3,4,11,18;10,4,12,19,18;11,4,5,13,20,19;12,5,6,14,20;13,6,15,22,21,20;14,6,7,16,22;15,7,8,17,22;16,8,9,18,23,22;17,9,10,11,19,23;18,11,12,20,21,23;19,12,13,14,21;20,14,22,23,19;21,14,15,16,17,23;22,17,18,19,21
C44#69 24 1,5,4,3,2;0,2,7,6,5;1,0,3,8,7;2,0,4,10,9,8;3,0,5,12,11,10;4,0,1,6,13,12;5,1,7,15,14,13;6,1,2,8,16,15;7,2,3,9,17,16;8,3,10,18,17;9,3,4,11,18;10,4,12,19,18;11,4,5,13,20,19;12,5,6,14,20;13,6,15,22,21,20;14,6,7,16,22;15,7,8,17,23,22;16,8,9,18,23;17,9,10,11,19,23;18,11,12,20,21,23;19,12,13,14,21;20,14,22,23,19;21,14,15,16,23;22,16,17,18,19,21
C44#70 24 1,5,4,3,2;0,2,7,6,5;1,0,3,8,7;2,0,4,10,9,8;3,0,5,12,11,10;4,0,1,6,13,12;5,1,7,15,14,13;6,1,2,8,16,15;7,2,3,9,17,16;8,3,10,18,17;9,3,4,11,18;10,4,12,19,18;11,4,5,13,20,19;12,5,6,14,21,20;13,6,15,22,21;14,6,7,16,22;15,7,8,17,22;16,8,9,18,23,22;17,9,10,11,19,23;18,11,12,20,23;19,12,13,21,23;20,13,14,22,23;21,14,15,16,17,23;22,17,18,19,20,21
C44#71 24 1,5,4,3,2;0,2,7,6,5;1,0,3,8,7;2,0,4,10,9,8;3,0,5,12,11,10;4,0,1,6,13,12;5,1,7,15,14,13;6,1,2,8,16,15;7,2,3,9,17,16;8,3,10,18,17;9,3,4,11,18;10,4,12,20,19,18;11,4,5,13,20;12,5,6,14,20;13,6,15,22,21,20;14,6,7,16,22;15,7,8,17,22;16,8,9,18,23,22;17,9,10,11,19,23;18,11,20,21,23;19,11,12,13,14,21;20,14,22,23,19;21,14,15,16,17,23;22,17,18,19,21
C44#72 24 1,5,4,3,2;0,2,7,6,5;1,0,3,8,7;2,0,4,10,9,8;3,0,5,12,11,10;4,0,1,6,13,12;5,1,7,15,14,13;6,1,2,8,16,15;7,2,3,9,17,16;8,3,10,18,17;9,3,4,11,19,18;10,4,12,20,19;11,4,5,13,20;12,5,6,14,21,20;13,6,15,22,21;14,6,7,16,22;15,7,8,17,23,22;16,8,9,18,23;17,9,10,19,23;18,10,11,20,21,23;19,11,12,13,21;20,13,14,22,23,19;21,14,15,16,23;22,16,17,18,19,21
C44#73 24 1,5,4,3,2;0,2,7,6,5;1,0,3,9,8,7;2,0,4,10,9;3,0,5,12,11,10;4,0,1,6,13,12;5,1,7,14,13;6,1,2,8,15,14;7,2,9,16,15;8,2,3,10,16;9,3,4,11,17,16;10,4,12,18,17;11,4,5,13,19,18;12,5,6,14,20,19;13,6,7,15,21,20;14,7,8,16,22,21;15,8,9,10,17,22;16,10,11,18,23,22;17,11,12,19,23;18,12,13,20,23;19,13,14,21,23;20,14,15,22,23;21,15,16,17,23;22,17,18,19,20,21
C44#74 24 1,5,4,3,2;0,2,7,6,5;1,0,3,9,8,7;2,0,4,10,9;3,0,5,12,11,10;4,0,1,6,13,12;5,1,7,14,13;6,1,2,8,15,14;7,2,9,16,15;8,2,3,10,17,16;9,3,4,11,18,17;10,4,12,19,18;11,4,5,13,19;12,5,6,14,20,19;13,6,7,15,21,20;14,7,8,16,21;15,8,9,17,22,21;16,9,10,18,22;17,10,11,19,23,22;18,11,12,13,20,23;19,13,14,21,23;20,14,15,16,22,23;21,16,17,18,23;22,18,19,20,21
C44#75 24 1,5,4,3,2;0,2,7,6,5;1,0,3,9,8,7;2,0,4,10,9;3,0,5,12,11,10;4,0,1,6,13,12;5,1,7,14,13;6,1,2,8,15,14;7,2,9,16,15;8,2,3,10,17,16;9,3,4,11,18,17;10,4,12,19,18;11,4,5,13,19;12,5,6,14,20,19;13,6,7,15,21,20;14,7,8,16,21;15,8,9,17,22,21;16,9,10,18,23,22;17,10,11,19,23;18,11,12,13,20,23;19,13,14,21,22,23;20,14,15,16,22;21,16,17,23,20;22,17,18,19,20
C44#76 24 1,5,4,3,2;0,2,7,6,5;1,0,3,9,8,7;2,0,4,10,9;3,0,5,12,11,10;4,0,1,6,13,12;5,1,7,14,13;6,1,2,8,15,14;7,2,9,16,15;8,2,3,10,17,16;9,3,4,11,18,17;10,4,12,19,18;11,4,5,13,19;12,5,6,14,20,19;13,6,7,15,21,20;14,7,8,16,22,21;15,8,9,17,22;16,9,10,18,23,22;17,10,11,19,23;18,11,12,13,20,23;19,13,14,21,23;20,14,15,22,23;21,15,16,17,23;22,17,18,19,20,21
C44#77 24 1,5,4,3,2;0,2,7,6,5;1,0,3,9,8,7;2,0,4,10,9;3,0,5,12,11,10;4,0,1,6,13,12;5,1,7,14,13;6,1,2,8,15,14;7,2,9,16,15;8,2,3,10,17,16;9,3,4,11,18,17;10,4,12,19,18;11,4,5,13,20,19;12,5,6,14,20;13,6,7,15,21,20;14,7,8,16,21;15,8,9,17,22,21;16,9,10,18,22;17,10,11,19,23,22;18,11,12,20,23;19,12,13,14,21,23;20,14,15,16,22,23;21,16,17,18,23;22,18,19,20,21
C44#78 24 1,5,4,3,2;0,2,7,6,5;1,0,3,9,8,7;2,0,4,10,9;3,0,5,12,11,10;4,0,1,6,13,12;5,1,7,14,13;6,1,2,8,15,14;7,2,9,16,15;8,2,3,10,17,16;9,3,4,11,18,17;10,4,12,19,18;11,4,5,13,20,19;12,5,6,14,20;13,6,7,15,21,20;14,7,8,16,22,21;15,8,9,17,22;16,9,10,18,23,22;17,10,11,19,23;18,11,12,20,21,23;19,12,13,14,21;20,14,15,22,23,19;21,15,16,17,23;22,17,18,19,21
C44#79 24 1,5,4,3,2;0,2,7,6,5;1,0,3,9,8,7;2,0,4,10,9;3,0,5,12,11,10;4,0,1,6,13,12;5,1,7,14,13;6,1,2,8,15,14;7,2,9,16,15;8,2,3,10,17,16;9,3,4,11,18,17;10,4,12,20,19,18;11,4,5,13,20;12,5,6,14,21,20;13,6,7,15,22,21;14,7,8,16,23,22;15,8,9,17,23;16,9,10,18,23;17,10,11,19,23;18,11,20,21,22,23;19,11,12,13,21;20,13,14,22,19;21,14,15,23,19;22,15,16,17,18,19
C44#80 24 1,5,4,3,2;0,2,7,6,5;1,0,3,9,8,7;2,0,4,10,9;3,0,5,12,11,10;4,0,1,6,13,12;5,1,7,14,13;6,1,2,8,15,14;7,2,9,16,15;8,2,3,10,17,16;9,3,4,11,18,17;10,4,12,20,19,18;11,4,5,13,21,20;12,5,6,14,21;13,6,7,15,22,21;14,7,8,16,23,22;15,8,9,17,23;16,9,10,18,23;17,10,11,19,23;18,11,20,22,23;19,11,12,21,22;20,12,13,14,22;21,14,15,23,19,20;22,15,16,17,18,19
C44#81 24 1,5,4,3,2;0,2,7,6,5;1,0,3,9,8,7;2,0,4,10,9;3,0,5,12,11,10;4,0,1,6,13,12;5,1,7,14,13;6,1,2,8,15,14;7,2,9,17,16,15;8,2,3,10,17;9,3,4,11,18,17;10,4,12,19,18;11,4,5,13,20,19;12,5,6,14,20;13,6,7,15,21,20;14,7,8,16,21;15,8,17,22,21;16,8,9,10,18,22;17,10,11,19,23,22;18,11,12,20,23;19,12,13,14,21,23;20,14,15,16,22,23;21,16,17,18,23;22,18,19,20,21
C44#82 24 1,5,4,3,2;0,2,7,6,5;1,0,3,9,8,7;2,0,4,10,9;3,0,5,12,11,10;4,0,1,6,13,12;5,1,7,14,13;6,1,2,8,15,14;7,2,9,17,16,15;8,2,3,10,17;9,3,4,11,18,17;10,4,12,19,18;11,4,5,13,20,19;12,5,6,14,20;13,6,7,15,21,20;14,7,8,16,21;15,8,17,23,22,21;16,8,9,10,18,23;17,10,11,19,23;18,11,12,20,22,23;19,12,13,14,21,22;20,14,15,16,22;21,16,23,19,20;22,16,17,18,19
C44#83 24 1,5,4,3,2;0,2,7,6,5;1,0,3,9,8,7;2,0,4,10,9;3,0,5,12,11,10;4,0,1,6,13,12;5,1,7,14,13;6,1,2,8,15,14;7,2,9,17,16,15;8,2,3,10,17;9,3,4,11,18,17;10,4,12,19,18;11,4,5,13,20,19;12,5,6,14,21,20;13,6,7,15,21;14,7,8,16,21;15,8,17,23,22,21;16,8,9,10,18,23;17,10,11,19,23;18,11,12,20,22,23;19,12,13,21,22;20,13,14,15,16,22;21,16,23,19,20;22,16,17,18,19
C44#84 24 1,5,4,3,2;0,2,7,6,5;1,0,3,9,8,7;2,0,4,10,9;3,0,5,12,11,10;4,0,1,6,13,12;5,1,7,14,13;6,1,2,8,15,14;7,2,9,17,16,15;8,2,3,10,17;9,3,4,11,18,17;10,4,12,20,19,18;11,4,5,13,21,20;12,5,6,14,21;13,6,7,15,22,21;14,7,8,16,23,22;15,8,17,18,23;16,8,9,10,18;17,10,11,19,23,16;18,11,20,22,23;19,11,12,21,22;20,12,13,14,22;21,14,15,23,19,20;22,15,16,18,19
C44#85 24 1,5,4,3,2;0,2,7,6,5;1,0,3,9,8,7;2,0,4,10,9;3,0,5,12,11,10;4,0,1,6,13,12;5,1,7,14,13;6,1,2,8,15,14;7,2,9,17,16,15;8,2,3,10,17;9,3,4,11,18,17;10,4,12,20,19,18;11,4,5,13,21,20;12,5,6,14,21;13,6,7,15,22,21;14,7,8,16,23,22;15,8,17,18,19,23;16,8,9,10,18;17,10,11,19,16;18,11,20,23,16;19,11,12,21,22,23;20,12,13,14,22;21,14,15,23,20;22,15,16,19,20
C44#86 24 1,5,4,3,2;0,2,7,6,5;1,0,3,9,8,7;2,0,4,10,9;3,0,5,12,11,10;4,0,1,6,13,12;5,1,7,15,14,13;6,1,2,8,15;7,2,9,16,15;8,2,3,10,17,16;9,3,4,11,18,17;10,4,12,19,18;11,4,5,13,20,19;12,5,6,14,20;13,6,15,21,20;14,6,7,8,16,21;15,8,9,17,22,21;16,9,10,18,22;17,10,11,19,23,22;18,11,12,20,23;19,12,13,14,21,23;20,14,15,16,22,23;21,16,17,18,23;22,18,19,20,21
C44#87 24 1,5,4,3,2;0,2,7,6,5;1,0,3,9,8,7;2,0,4,10,9;3,0,5,12,11,10;4,0,1,6,13,12;5,1,7,15,14,13;6,1,2,8,15;7,2,9,16,15;8,2,3,10,17,16;9,3,4,11,18,17;10,4,12,19,18;11,4,5,13,20,19;12,5,6,14,20;13,6,15,22,21,20;14,6,7,8,16,22;15,8,9,17,23,22;16,9,10,18,23;17,10,11,19,23;18,11,12,20,21,23;19,12,13,14,21;20,14,22,23,19;21,14,15,16,23;22,16,17,18,19,21
C44#88 24 1,5,4,3,2;0,2,7,6,5;1,0,3,9,8,7;2,0,4,10,9;3,0,5,12,11,10;4,0,1,6,13,12;5,1,7,15,14,13;6,1,2,8,16,15;7,2,9,17,16;8,2,3,10,18,17;9,3,4,11,19,18;10,4,12,20,19;11,4,5,13,20;12,5,6,14,20;13,6,15,22,21,20;14,6,7,16,22;15,7,8,17,22;16,8,9,18,23,22;17,9,10,19,23;18,10,11,20,21,23;19,11,12,13,14,21;20,14,22,23,19;21,14,15,16,17,23;22,17,18,19,21
