C42#0 23 1,5,4,3,2;0,2,7,6,5;1,0,3,8,7;2,0,4,9,8;3,0,5,10,9;4,0,1,6,11,10;5,1,7,12,11;6,1,2,8,13,12;7,2,3,9,14,13;8,3,4,10,15,14;9,4,5,11,16,15;10,5,6,12,17,16;11,6,7,13,18,17;12,7,8,14,19,18;13,8,9,15,20,19;14,9,10,16,21,20;15,10,11,17,21;16,11,12,18,22,21;17,12,13,19,22;18,13,14,20,22;19,14,15,21,22;20,15,16,17,22;21,17,18,19,20
C42#1 23 1,5,4,3,2;0,2,7,6,5;1,0,3,8,7;2,0,4,9,8;3,0,5,10,9;4,0,1,6,11,10;5,1,7,13,12,11;6,1,2,8,14,13;7,2,3,9,15,14;8,3,4,10,16,15;9,4,5,11,17,16;10,5,6,12,18,17;11,6,13,19,18;12,6,7,14,19;13,7,8,15,20,19;14,8,9,16,21,20;15,9,10,17,21;16,10,11,18,22,21;17,11,12,19,22;18,12,13,14,20,22;19,14,15,21,22;20,15,16,17,22;21,17,18,19,20
C42#2 23 1,5,4,3,2;0,2,7,6,5;1,0,3,8,7;2,0,4,9,8;3,0,5,10,9;4,0,1,6,11,10;5,1,7,13,12,11;6,1,2,8,14,13;7,2,3,9,15,14;8,3,4,10,16,15;9,4,5,11,17,16;10,5,6,12,18,17;11,6,13,19,18;12,6,7,14,20,19;13,7,8,15,20;14,8,9,16,21,20;15,9,10,17,21;16,10,11,18,22,21;17,11,12,19,22;18,12,13,20,22;19,13,14,15,21,22;20,15,16,17,22;21,17,18,19,20
C42#3 23 1,5,4,3,2;0,2,7,6,5;1,0,3,8,7;2,0,4,9,8;3,0,5,10,9;4,0,1,6,11,10;5,1,7,13,12,11;6,1,2,8,14,13;7,2,3,9,15,14;8,3,4,10,16,15;9,4,5,11,17,16;10,5,6,12,18,17;11,6,13,19,18;12,6,7,14,20,19;13,7,8,15,20;14,8,9,16,21,20;15,9,10,17,22,21;16,10,11,18,22;17,11,12,19,22;18,12,13,20,21,22;19,13,14,15,21;20,15,16,22,19;21,16,17,18,19
C42#4 23 1,5,4,3,2;0,2,7,6,5;1,0,3,8,7;2,0,4,9,8;3,0,5,10,9;4,0,1,6,11,10;5,1,7,13,12,11;6,1,2,8,14,13;7,2,3,9,15,14;8,3,4,10,16,15;9,4,5,11,17,16;10,5,6,12,18,17;11,6,13,19,18;12,6,7,14,20,19;13,7,8,15,21,20;14,8,9,16,21;15,9,10,17,21;16,10,11,18,22,21;17,11,12,19,22;18,12,13,20,22;19,13,14,21,22;20,14,15,16,17,22;21,17,18,19,20
C42#5 23 1,5,4,3,2;0,2,7,6,5;1,0,3,8,7;2,0,4,9,8;3,0,5,11,10,9;4,0,1,6,12,11;5,1,7,13,12;6,1,2,8,14,13;7,2,3,9,15,14;8,3,4,10,15;9,4,11,17,16,15;10,4,5,12,18,17;11,5,6,13,19,18;12,6,7,14,20,19;13,7,8,15,21,20;14,8,9,10,16,21;15,10,17,22,21;16,10,11,18,22;17,11,12,19,22;18,12,13,20,22;19,13,14,21,22;20,14,15,16,22;21,16,17,18,19,20
C42#6 23 1,5,4,3,2;0,2,7,6,5;1,0,3,8,7;2,0,4,9,8;3,0,5,11,10,9;4,0,1,6,12,11;5,1,7,13,12;6,1,2,8,14,13;7,2,3,9,15,14;8,3,4,10,16,15;9,4,11,17,16;10,4,5,12,18,17;11,5,6,13,18;12,6,7,14,19,18;13,7,8,15,20,19;14,8,9,16,21,20;15,9,10,17,21;16,10,11,18,22,21;17,11,12,13,19,22;18,13,14,20,22;19,14,15,21,22;20,15,16,17,22;21,17,18,19,20
C42#7 23 1,5,4,3,2;0,2,7,6,5;1,0,3,8,7;2,0,4,9,8;3,0,5,11,10,9;4,0,1,6,12,11;5,1,7,13,12;6,1,2,8,14,13;7,2,3,9,15,14;8,3,4,10,16,15;9,4,11,17,16;10,4,5,12,18,17;11,5,6,13,19,18;12,6,7,14,19;13,7,8,15,20,19;14,8,9,16,21,20;15,9,10,17,21;16,10,11,18,22,21;17,11,12,19,22;18,12,13,14,20,22;19,14,15,21,22;20,15,16,17,22;21,17,18,19,20
C42#8 23 1,5,4,3,2;0,2,7,6,5;1,0,3,8,7;2,0,4,9,8;3,0,5,11,10,9;4,0,1,6,12,11;5,1,7,13,12;6,1,2,8,14,13;7,2,3,9,15,14;8,3,4,10,16,15;9,4,11,17,16;10,4,5,12,18,17;11,5,6,13,19,18;12,6,7,14,20,19;13,7,8,15,20;14,8,9,16,21,20;15,9,10,17,21;16,10,11,18,22,21;17,11,12,19,22;18,12,13,20,22;19,13,14,15,21,22;20,15,16,17,22;21,17,18,19,20
C42#9 23 1,5,4,3,2;0,2,7,6,5;1,0,3,8,7;2,0,4,9,8;3,0,5,11,10,9;4,0,1,6,12,11;5,1,7,13,12;6,1,2,8,14,13;7,2,3,9,15,14;8,3,4,10,16,15;9,4,11,17,16;10,4,5,12,18,17;11,5,6,13,19,18;12,6,7,14,20,19;13,7,8,15,20;14,8,9,16,21,20;15,9,10,17,22,21;16,10,11,18,22;17,11,12,19,22;18,12,13,20,21,22;19,13,14,15,21;20,15,16,22,19;21,16,17,18,19
C42#10 23 1,5,4,3,2;0,2,7,6,5;1,0,3,8,7;2,0,4,9,8;3,0,5,11,10,9;4,0,1,6,12,11;5,1,7,13,12;6,1,2,8,14,13;7,2,3,9,15,14;8,3,4,10,16,15;9,4,11,17,16;10,4,5,12,18,17;11,5,6,13,19,18;12,6,7,14,20,19;13,7,8,15,21,20;14,8,9,16,21;15,9,10,17,21;16,10,11,18,22,21;17,11,12,19,22;18,12,13,20,22;19,13,14,21,22;20,14,15,16,17,22;21,17,18,19,20
C42#11 23 1,5,4,3,2;0,2,7,6,5;1,0,3,8,7;2,0,4,9,8;3,0,5,11,10,9;4,0,1,6,12,11;5,1,7,13,12;6,1,2,8,14,13;7,2,3,9,15,14;8,3,4,10,16,15;9,4,11,17,16;10,4,5,12,18,17;11,5,6,13,19,18;12,6,7,14,20,19;13,7,8,15,21,20;14,8,9,16,21;15,9,10,17,22,21;16,10,11,18,22;17,11,12,19,22;18,12,13,20,22;19,13,14,21,22;20,14,15,16,22;21,16,17,18,19,20
C42#12 23 1,5,4,3,2;0,2,7,6,5;1,0,3,8,7;2,0,4,9,8;3,0,5,11,10,9;4,0,1,6,12,11;5,1,7,13,12;6,1,2,8,14,13;7,2,3,9,15,14;8,3,4,10,16,15;9,4,11,18,17,16;10,4,5,12,18;11,5,6,13,19,18;12,6,7,14,20,19;13,7,8,15,20;14,8,9,16,21,20;15,9,10,17,21;16,10,18,22,21;17,10,11,12,19,22;18,12,13,20,22;19,13,14,15,21,22;20,15,16,17,22;21,17,18,19,20
C42#13 23 1,5,4,3,2;0,2,7,6,5;1,0,3,8,7;2,0,4,9,8;3,0,5,11,10,9;4,0,1,6,12,11;5,1,7,14,13,12;6,1,2,8,15,14;7,2,3,9,16,15;8,3,4,10,17,16;9,4,11,18,17;10,4,5,12,18;11,5,6,13,19,18;12,6,14,20,19;13,6,7,15,20;14,7,8,16,21,20;15,8,9,17,21;16,9,10,18,22,21;17,10,11,12,19,22;18,12,13,20,22;19,13,14,15,21,22;20,15,16,17,22;21,17,18,19,20
C42#14 23 1,5,4,3,2;0,2,7,6,5;1,0,3,8,7;2,0,4,9,8;3,0,5,11,10,9;4,0,1,6,12,11;5,1,7,14,13,12;6,1,2,8,15,14;7,2,3,9,16,15;8,3,4,10,17,16;9,4,11,18,17;10,4,5,12,18;11,5,6,13,19,18;12,6,14,20,19;13,6,7,15,20;14,7,8,16,21,20;15,8,9,17,22,21;16,9,10,18,22;17,10,11,12,19,22;18,12,13,20,21,22;19,13,14,15,21;20,15,16,22,19;21,16,17,18,19
C42#15 23 1,5,4,3,2;0,2,7,6,5;1,0,3,8,7;2,0,4,9,8;3,0,5,11,10,9;4,0,1,6,12,11;5,1,7,14,13,12;6,1,2,8,15,14;7,2,3,9,16,15;8,3,4,10,17,16;9,4,11,18,17;10,4,5,12,18;11,5,6,13,19,18;12,6,14,20,19;13,6,7,15,21,20;14,7,8,16,21;15,8,9,17,21;16,9,10,18,22,21;17,10,11,12,19,22;18,12,13,20,22;19,13,14,21,22;20,14,15,16,17,22;21,17,18,19,20
C42#16 23 1,5,4,3,2;0,2,7,6,5;1,0,3,8,7;2,0,4,9,8;3,0,5,11,10,9;4,0,1,6,12,11;5,1,7,14,13,12;6,1,2,8,15,14;7,2,3,9,16,15;8,3,4,10,17,16;9,4,11,18,17;10,4,5,12,18;11,5,6,13,19,18;12,6,14,20,19;13,6,7,15,21,20;14,7,8,16,21;15,8,9,17,22,21;16,9,10,18,22;17,10,11,12,19,22;18,12,13,20,22;19,13,14,21,22;20,14,15,16,22;21,16,17,18,19,20
C42#17 23 1,5,4,3,2;0,2,7,6,5;1,0,3,8,7;2,0,4,9,8;3,0,5,11,10,9;4,0,1,6,12,11;5,1,7,14,13,12;6,1,2,8,15,14;7,2,3,9,16,15;8,3,4,10,17,16;9,4,11,18,17;10,4,5,12,18;11,5,6,13,19,18;12,6,14,20,19;13,6,7,15,21,20;14,7,8,16,21;15,8,9,17,22,21;16,9,10,18,19,22;17,10,11,12,19;18,12,13,20,22,17;19,13,14,21,22;20,14,15,16,22;21,16,17,19,20
C42#18 23 1,5,4,3,2;0,2,7,6,5;1,0,3,8,7;2,0,4,9,8;3,0,5,11,10,9;4,0,1,6,12,11;5,1,7,14,13,12;6,1,2,8,15,14;7,2,3,9,16,15;8,3,4,10,17,16;9,4,11,18,17;10,4,5,12,19,18;11,5,6,13,19;12,6,14,20,19;13,6,7,15,20;14,7,8,16,21,20;15,8,9,17,21;16,9,10,18,22,21;17,10,11,19,22;18,11,12,13,20,22;19,13,14,15,21,22;20,15,16,17,22;21,17,18,19,20
C42#19 23 1,5,4,3,2;0,2,7,6,5;1,0,3,8,7;2,0,4,9,8;3,0,5,11,10,9;4,0,1,6,12,11;5,1,7,14,13,12;6,1,2,8,15,14;7,2,3,9,16,15;8,3,4,10,17,16;9,4,11,18,17;10,4,5,12,19,18;11,5,6,13,19;12,6,14,20,19;13,6,7,15,21,20;14,7,8,16,21;15,8,9,17,22,21;16,9,10,18,22;17,10,11,19,22;18,11,12,13,20,22;19,13,14,21,22;20,14,15,16,22;21,16,17,18,19,20
C42#20 23 1,5,4,3,2;0,2,7,6,5;1,0,3,8,7;2,0,4,9,8;3,0,5,11,10,9;4,0,1,6,12,11;5,1,7,14,13,12;6,1,2,8,15,14;7,2,3,9,16,15;8,3,4,10,17,16;9,4,11,18,17;10,4,5,12,19,18;11,5,6,13,19;12,6,14,21,20,19;13,6,7,15,21;14,7,8,16,22,21;15,8,9,17,22;16,9,10,18,20,22;17,10,11,19,20;18,11,12,13,20;19,13,21,22,17,18;20,13,14,15,22;21,15,16,17,20
C42#21 23 1,5,4,3,2;0,2,7,6,5;1,0,3,8,7;2,0,4,10,9,8;3,0,5,11,10;4,0,1,6,12,11;5,1,7,13,12;6,1,2,8,14,13;7,2,3,9,14;8,3,10,16,15,14;9,3,4,11,17,16;10,4,5,12,18,17;11,5,6,13,19,18;12,6,7,14,20,19;13,7,8,9,15,20;14,9,16,21,20;15,9,10,17,21;16,10,11,18,22,21;17,11,12,19,22;18,12,13,20,22;19,13,14,15,21,22;20,15,16,17,22;21,17,18,19,20
C42#22 23 1,5,4,3,2;0,2,7,6,5;1,0,3,8,7;2,0,4,10,9,8;3,0,5,11,10;4,0,1,6,12,11;5,1,7,13,12;6,1,2,8,14,13;7,2,3,9,15,14;8,3,10,16,15;9,3,4,11,17,16;10,4,5,12,18,17;11,5,6,13,19,18;12,6,7,14,19;13,7,8,15,20,19;14,8,9,16,21,20;15,9,10,17,21;16,10,11,18,22,21;17,11,12,19,22;18,12,13,14,20,22;19,14,15,21,22;20,15,16,17,22;21,17,18,19,20
C42#23 23 1,5,4,3,2;0,2,7,6,5;1,0,3,8,7;2,0,4,10,9,8;3,0,5,11,10;4,0,1,6,12,11;5,1,7,13,12;6,1,2,8,14,13;7,2,3,9,15,14;8,3,10,16,15;9,3,4,11,17,16;10,4,5,12,18,17;11,5,6,13,19,18;12,6,7,14,20,19;13,7,8,15,20;14,8,9,16,21,20;15,9,10,17,21;16,10,11,18,22,21;17,11,12,19,22;18,12,13,20,22;19,13,14,15,21,22;20,15,16,17,22;21,17,18,19,20
C42#24 23 1,5,4,3,2;0,2,7,6,5;1,0,3,8,7;2,0,4,10,9,8;3,0,5,11,10;4,0,1,6,12,11;5,1,7,13,12;6,1,2,8,14,13;7,2,3,9,15,14;8,3,10,16,15;9,3,4,11,17,16;10,4,5,12,18,17;11,5,6,13,19,18;12,6,7,14,20,19;13,7,8,15,21,20;14,8,9,16,21;15,9,10,17,22,21;16,10,11,18,22;17,11,12,19,22;18,12,13,20,22;19,13,14,21,22;20,14,15,16,22;21,16,17,18,19,20
C42#25 23 1,5,4,3,2;0,2,7,6,5;1,0,3,8,7;2,0,4,10,9,8;3,0,5,11,10;4,0,1,6,12,11;5,1,7,13,12;6,1,2,8,14,13;7,2,3,9,15,14;8,3,10,17,16,15;9,3,4,11,17;10,4,5,12,18,17;11,5,6,13,19,18;12,6,7,14,20,19;13,7,8,15,21,20;14,8,9,16,21;15,9,17,22,21;16,9,10,11,18,22;17,11,12,19,22;18,12,13,20,22;19,13,14,21,22;20,14,15,16,22;21,16,17,18,19,20
C42#26 23 1,5,4,3,2;0,2,7,6,5;1,0,3,8,7;2,0,4,10,9,8;3,0,5,11,10;4,0,1,6,12,11;5,1,7,13,12;6,1,2,8,14,13;7,2,3,9,15,14;8,3,10,17,16,15;9,3,4,11,18,17;10,4,5,12,18;11,5,6,13,19,18;12,6,7,14,20,19;13,7,8,15,21,20;14,8,9,16,21;15,9,17,22,21;16,9,10,18,22;17,10,11,12,19,22;18,12,13,20,22;19,13,14,21,22;20,14,15,16,22;21,16,17,18,19,20
C42#27 23 1,5,4,3,2;0,2,7,6,5;1,0,3,8,7;2,0,4,10,9,8;3,0,5,11,10;4,0,1,6,12,11;5,1,7,14,13,12;6,1,2,8,15,14;7,2,3,9,16,15;8,3,10,17,16;9,3,4,11,17;10,4,5,12,18,17;11,5,6,13,19,18;12,6,14,20,19;13,6,7,15,20;14,7,8,16,21,20;15,8,9,17,22,21;16,9,10,11,18,22;17,11,12,19,22;18,12,13,20,21,22;19,13,14,15,21;20,15,16,22,19;21,16,17,18,19
C42#28 23 1,5,4,3,2;0,2,7,6,5;1,0,3,8,7;2,0,4,10,9,8;3,0,5,11,10;4,0,1,6,12,11;5,1,7,14,13,12;6,1,2,8,15,14;7,2,3,9,16,15;8,3,10,17,16;9,3,4,11,18,17;10,4,5,12,18;11,5,6,13,19,18;12,6,14,20,19;13,6,7,15,20;14,7,8,16,21,20;15,8,9,17,21;16,9,10,18,22,21;17,10,11,12,19,22;18,12,13,20,22;19,13,14,15,21,22;20,15,16,17,22;21,17,18,19,20
C42#29 23 1,5,4,3,2;0,2,7,6,5;1,0,3,8,7;2,0,4,10,9,8;3,0,5,11,10;4,0,1,6,12,11;5,1,7,14,13,12;6,1,2,8,15,14;7,2,3,9,16,15;8,3,10,17,16;9,3,4,11,18,17;10,4,5,12,18;11,5,6,13,19,18;12,6,14,20,19;13,6,7,15,20;14,7,8,16,21,20;15,8,9,17,22,21;16,9,10,18,22;17,10,11,12,19,22;18,12,13,20,21,22;19,13,14,15,21;20,15,16,22,19;21,16,17,18,19
C42#30 23 1,5,4,3,2;0,2,7,6,5;1,0,3,8,7;2,0,4,10,9,8;3,0,5,11,10;4,0,1,6,12,11;5,1,7,14,13,12;6,1,2,8,15,14;7,2,3,9,16,15;8,3,10,17,16;9,3,4,11,18,17;10,4,5,12,18;11,5,6,13,19,18;12,6,14,20,19;13,6,7,15,21,20;14,7,8,16,21;15,8,9,17,22,21;16,9,10,18,22;17,10,11,12,19,22;18,12,13,20,22;19,13,14,21,22;20,14,15,16,22;21,16,17,18,19,20
C42#31 23 1,5,4,3,2;0,2,7,6,5;1,0,3,8,7;2,0,4,10,9,8;3,0,5,11,10;4,0,1,6,12,11;5,1,7,14,13,12;6,1,2,8,15,14;7,2,3,9,16,15;8,3,10,17,16;9,3,4,11,18,17;10,4,5,12,19,18;11,5,6,13,19;12,6,14,20,19;13,6,7,15,20;14,7,8,16,21,20;15,8,9,17,21;16,9,10,18,22,21;17,10,11,19,22;18,11,12,13,20,22;19,13,14,15,21,22;20,15,16,17,22;21,17,18,19,20
C42#32 23 1,5,4,3,2;0,2,7,6,5;1,0,3,8,7;2,0,4,10,9,8;3,0,5,11,10;4,0,1,6,12,11;5,1,7,14,13,12;6,1,2,8,15,14;7,2,3,9,16,15;8,3,10,17,16;9,3,4,11,18,17;10,4,5,12,19,18;11,5,6,13,19;12,6,14,20,19;13,6,7,15,21,20;14,7,8,16,21;15,8,9,17,22,21;16,9,10,18,22;17,10,11,19,22;18,11,12,13,20,22;19,13,14,21,22;20,14,15,16,22;21,16,17,18,19,20
C42#33 23 1,5,4,3,2;0,2,7,6,5;1,0,3,8,7;2,0,4,10,9,8;3,0,5,11,10;4,0,1,6,12,11;5,1,7,14,13,12;6,1,2,8,15,14;7,2,3,9,16,15;8,3,10,17,16;9,3,4,11,18,17;10,4,5,12,19,18;11,5,6,13,19;12,6,14,20,19;13,6,7,15,21,20;14,7,8,16,21;15,8,9,17,22,21;16,9,10,18,22;17,10,11,19,20,22;18,11,12,13,20;19,13,14,21,22,18;20,14,15,16,22;21,16,17,18,20
C42#34 23 1,5,4,3,2;0,2,7,6,5;1,0,3,8,7;2,0,4,10,9,8;3,0,5,11,10;4,0,1,6,12,11;5,1,7,14,13,12;6,1,2,8,15,14;7,2,3,9,16,15;8,3,10,17,16;9,3,4,11,18,17;10,4,5,12,19,18;11,5,6,13,19;12,6,14,21,20,19;13,6,7,15,21;14,7,8,16,21;15,8,9,17,22,21;16,9,10,18,22;17,10,11,19,20,22;18,11,12,13,20;19,13,21,22,18;20,13,14,15,16,22;21,16,17,18,20
C42#35 23 1,5,4,3,2;0,2,7,6,5;1,0,3,8,7;2,0,4,10,9,8;3,0,5,11,10;4,0,1,6,12,11;5,1,7,14,13,12;6,1,2,8,15,14;7,2,3,9,16,15;8,3,10,17,16;9,3,4,11,18,17;10,4,5,12,19,18;11,5,6,13,20,19;12,6,14,21,20;13,6,7,15,21;14,7,8,16,21;15,8,9,17,22,21;16,9,10,18,22;17,10,11,19,22;18,11,12,20,22;19,12,13,21,22;20,13,14,15,16,22;21,16,17,18,19,20
C42#36 23 1,5,4,3,2;0,2,7,6,5;1,0,3,8,7;2,0,4,10,9,8;3,0,5,11,10;4,0,1,6,12,11;5,1,7,14,13,12;6,1,2,8,15,14;7,2,3,9,16,15;8,3,10,18,17,16;9,3,4,11,18;10,4,5,12,19,18;11,5,6,13,20,19;12,6,14,21,20;13,6,7,15,21;14,7,8,16,21;15,8,9,17,22,21;16,9,18,19,22;17,9,10,11,19;18,11,12,20,22,17;19,12,13,21,22;20,13,14,15,16,22;21,16,17,19,20
C42#37 23 1,5,4,3,2;0,2,7,6,5;1,0,3,8,7;2,0,4,10,9,8;3,0,5,11,10;4,0,1,6,12,11;5,1,7,14,13,12;6,1,2,8,15,14;7,2,3,9,16,15;8,3,10,18,17,16;9,3,4,11,18;10,4,5,12,19,18;11,5,6,13,20,19;12,6,14,22,21,20;13,6,7,15,22;14,7,8,16,22;15,8,9,17,21,22;16,9,18,19,20,21;17,9,10,11,19;18,11,12,20,17;19,12,13,21,17;20,13,22,16,17;21,13,14,15,16
C42#38 23 1,5,4,3,2;0,2,7,6,5;1,0,3,8,7;2,0,4,10,9,8;3,0,5,12,11,10;4,0,1,6,13,12;5,1,7,15,14,13;6,1,2,8,16,15;7,2,3,9,17,16;8,3,10,18,17;9,3,4,11,18;10,4,12,19,18;11,4,5,13,19;12,5,6,14,20,19;13,6,15,21,20;14,6,7,16,21;15,7,8,17,21;16,8,9,18,22,21;17,9,10,11,19,22;18,11,12,13,20,22;19,13,14,21,22;20,14,15,16,17,22;21,17,18,19,20
C42#39 23 1,5,4,3,2;0,2,7,6,5;1,0,3,8,7;2,0,4,10,9,8;3,0,5,12,11,10;4,0,1,6,13,12;5,1,7,15,14,13;6,1,2,8,16,15;7,2,3,9,17,16;8,3,10,18,17;9,3,4,11,18;10,4,12,19,18;11,4,5,13,20,19;12,5,6,14,20;13,6,15,22,21,20;14,6,7,16,22;15,7,8,17,22;16,8,9,18,21,22;17,9,10,11,19,21;18,11,12,20,21;19,12,13,14,21;20,14,22,17,18,19;21,14,15,16,17
C42#40 23 1,5,4,3,2;0,2,7,6,5;1,0,3,9,8,7;2,0,4,10,9;3,0,5,12,11,10;4,0,1,6,13,12;5,1,7,14,13;6,1,2,8,15,14;7,2,9,16,15;8,2,3,10,16;9,3,4,11,17,16;10,4,12,19,18,17;11,4,5,13,19;12,5,6,14,20,19;13,6,7,15,21,20;14,7,8,16,22,21;15,8,9,10,17,22;16,10,11,18,22;17,11,19,20,21,22;18,11,12,13,20;19,13,14,21,18;20,14,15,22,18;21,15,16,17,18
C42#41 23 1,5,4,3,2;0,2,7,6,5;1,0,3,9,8,7;2,0,4,10,9;3,0,5,12,11,10;4,0,1,6,13,12;5,1,7,14,13;6,1,2,8,15,14;7,2,9,16,15;8,2,3,10,17,16;9,3,4,11,17;10,4,12,18,17;11,4,5,13,19,18;12,5,6,14,20,19;13,6,7,15,20;14,7,8,16,21,20;15,8,9,17,22,21;16,9,10,11,18,22;17,11,12,19,22;18,12,13,20,21,22;19,13,14,15,21;20,15,16,22,19;21,16,17,18,19
C42#42 23 1,5,4,3,2;0,2,7,6,5;1,0,3,9,8,7;2,0,4,10,9;3,0,5,12,11,10;4,0,1,6,13,12;5,1,7,14,13;6,1,2,8,15,14;7,2,9,16,15;8,2,3,10,17,16;9,3,4,11,17;10,4,12,18,17;11,4,5,13,19,18;12,5,6,14,20,19;13,6,7,15,21,20;14,7,8,16,21;15,8,9,17,22,21;16,9,10,11,18,22;17,11,12,19,22;18,12,13,20,22;19,13,14,21,22;20,14,15,16,22;21,16,17,18,19,20
C42#43 23 1,5,4,3,2;0,2,7,6,5;1,0,3,9,8,7;2,0,4,10,9;3,0,5,12,11,10;4,0,1,6,13,12;5,1,7,14,13;6,1,2,8,15,14;7,2,9,16,15;8,2,3,10,17,16;9,3,4,11,17;10,4,12,19,18,17;11,4,5,13,19;12,5,6,14,20,19;13,6,7,15,21,20;14,7,8,16,21;15,8,9,17,22,21;16,9,10,11,18,22;17,11,19,20,22;18,11,12,13,20;19,13,14,21,22,18;20,14,15,16,22;21,16,17,18,20
C42#44 23 1,5,4,3,2;0,2,7,6,5;1,0,3,9,8,7;2,0,4,10,9;3,0,5,12,11,10;4,0,1,6,13,12;5,1,7,14,13;6,1,2,8,15,14;7,2,9,16,15;8,2,3,10,17,16;9,3,4,11,18,17;10,4,12,19,18;11,4,5,13,19;12,5,6,14,20,19;13,6,7,15,21,20;14,7,8,16,21;15,8,9,17,22,21;16,9,10,18,22;17,10,11,19,22;18,11,12,13,20,22;19,13,14,21,22;20,14,15,16,22;21,16,17,18,19,20
