C46#0 25 1,5,4,3,2;0,2,7,6,5;1,0,3,8,7;2,0,4,9,8;3,0,5,10,9;4,0,1,6,11,10;5,1,7,12,11;6,1,2,8,13,12;7,2,3,9,14,13;8,3,4,10,15,14;9,4,5,11,16,15;10,5,6,12,17,16;11,6,7,13,18,17;12,7,8,14,19,18;13,8,9,15,20,19;14,9,10,16,21,20;15,10,11,17,22,21;16,11,12,18,23,22;17,12,13,19,23;18,13,14,20,24,23;19,14,15,21,24;20,15,16,22,24;21,16,17,23,24;22,17,18,19,24;23,19,20,21,22
C46#1 25 1,5,4,3,2;0,2,7,6,5;1,0,3,8,7;2,0,4,9,8;3,0,5,10,9;4,0,1,6,11,10;5,1,7,13,12,11;6,1,2,8,14,13;7,2,3,9,15,14;8,3,4,10,16,15;9,4,5,11,17,16;10,5,6,12,17;11,6,13,19,18,17;12,6,7,14,20,19;13,7,8,15,21,20;14,8,9,16,22,21;15,9,10,17,23,22;16,10,11,12,18,23;17,12,19,24,23;18,12,13,20,24;19,13,14,21,24;20,14,15,22,24;21,15,16,23,24;22,16,17,18,24;23,18,19,20,21,22
C46#2 25 1,5,4,3,2;0,2,7,6,5;1,0,3,8,7;2,0,4,9,8;3,0,5,10,9;4,0,1,6,11,10;5,1,7,13,12,11;6,1,2,8,14,13;7,2,3,9,15,14;8,3,4,10,16,15;9,4,5,11,17,16;10,5,6,12,18,17;11,6,13,19,18;12,6,7,14,20,19;13,7,8,15,20;14,8,9,16,21,20;15,9,10,17,22,21;16,10,11,18,23,22;17,11,12,19,23;18,12,13,20,24,23;19,13,14,15,21,24;20,15,16,22,24;21,16,17,23,24;22,17,18,19,24;23,19,20,21,22
C46#3 25 1,5,4,3,2;0,2,7,6,5;1,0,3,8,7;2,0,4,9,8;3,0,5,10,9;4,0,1,6,11,10;5,1,7,13,12,11;6,1,2,8,14,13;7,2,3,9,15,14;8,3,4,10,16,15;9,4,5,11,17,16;10,5,6,12,18,17;11,6,13,19,18;12,6,7,14,20,19;13,7,8,15,21,20;14,8,9,16,21;15,9,10,17,22,21;16,10,11,18,23,22;17,11,12,19,23;18,12,13,20,24,23;19,13,14,21,24;20,14,15,16,22,24;21,16,17,23,24;22,17,18,19,24;23,19,20,21,22
C46#4 25 1,5,4,3,2;0,2,7,6,5;1,0,3,8,7;2,0,4,9,8;3,0,5,10,9;4,0,1,6,11,10;5,1,7,13,12,11;6,1,2,8,14,13;7,2,3,9,15,14;8,3,4,10,16,15;9,4,5,11,17,16;10,5,6,12,18,17;11,6,13,19,18;12,6,7,14,20,19;13,7,8,15,21,20;14,8,9,16,22,21;15,9,10,17,22;16,10,11,18,23,22;17,11,12,19,23;18,12,13,20,24,23;19,13,14,21,24;20,14,15,22,24;21,15,16,17,23,24;22,17,18,19,24;23,19,20,21,22
C46#5 25 1,5,4,3,2;0,2,7,6,5;1,0,3,8,7;2,0,4,9,8;3,0,5,10,9;4,0,1,6,11,10;5,1,7,13,12,11;6,1,2,8,14,13;7,2,3,9,15,14;8,3,4,10,16,15;9,4,5,11,17,16;10,5,6,12,18,17;11,6,13,19,18;12,6,7,14,20,19;13,7,8,15,21,20;14,8,9,16,22,21;15,9,10,17,22;16,10,11,18,23,22;17,11,12,19,24,23;18,12,13,20,24;19,13,14,21,24;20,14,15,22,23,24;21,15,16,17,23;22,17,18,24,21;23,18,19,20,21
C46#6 25 1,5,4,3,2;0,2,7,6,5;1,0,3,8,7;2,0,4,9,8;3,0,5,10,9;4,0,1,6,11,10;5,1,7,13,12,11;6,1,2,8,14,13;7,2,3,9,15,14;8,3,4,10,16,15;9,4,5,11,17,16;10,5,6,12,18,17;11,6,13,19,18;12,6,7,14,20,19;13,7,8,15,21,20;14,8,9,16,22,21;15,9,10,17,23,22;16,10,11,18,23;17,11,12,19,23;18,12,13,20,24,23;19,13,14,21,24;20,14,15,22,24;21,15,16,23,24;22,16,17,18,19,24;23,19,20,21,22
C46#7 25 1,5,4,3,2;0,2,7,6,5;1,0,3,8,7;2,0,4,9,8;3,0,5,10,9;4,0,1,6,11,10;5,1,7,13,12,11;6,1,2,8,14,13;7,2,3,9,15,14;8,3,4,10,16,15;9,4,5,11,17,16;10,5,6,12,18,17;11,6,13,19,18;12,6,7,14,20,19;13,7,8,15,21,20;14,8,9,16,22,21;15,9,10,17,23,22;16,10,11,18,23;17,11,12,19,24,23;18,12,13,20,24;19,13,14,21,24;20,14,15,22,24;21,15,16,23,24;22,16,17,18,24;23,18,19,20,21,22
C46#8 25 1,5,4,3,2;0,2,7,6,5;1,0,3,8,7;2,0,4,9,8;3,0,5,10,9;4,0,1,6,11,10;5,1,7,13,12,11;6,1,2,8,14,13;7,2,3,9,15,14;8,3,4,10,16,15;9,4,5,11,17,16;10,5,6,12,18,17;11,6,13,20,19,18;12,6,7,14,20;13,7,8,15,21,20;14,8,9,16,21;15,9,10,17,22,21;16,10,11,18,23,22;17,11,12,19,23;18,12,20,24,23;19,12,13,14,21,24;20,14,15,16,22,24;21,16,17,23,24;22,17,18,19,24;23,19,20,21,22
C46#9 25 1,5,4,3,2;0,2,7,6,5;1,0,3,8,7;2,0,4,9,8;3,0,5,10,9;4,0,1,6,11,10;5,1,7,13,12,11;6,1,2,8,14,13;7,2,3,9,15,14;8,3,4,10,16,15;9,4,5,11,17,16;10,5,6,12,18,17;11,6,13,20,19,18;12,6,7,14,20;13,7,8,15,21,20;14,8,9,16,22,21;15,9,10,17,22;16,10,11,18,23,22;17,11,12,19,23;18,12,20,24,23;19,12,13,14,21,24;20,14,15,22,24;21,15,16,17,23,24;22,17,18,19,24;23,19,20,21,22
C46#10 25 1,5,4,3,2;0,2,7,6,5;1,0,3,8,7;2,0,4,9,8;3,0,5,11,10,9;4,0,1,6,12,11;5,1,7,13,12;6,1,2,8,14,13;7,2,3,9,15,14;8,3,4,10,15;9,4,11,17,16,15;10,4,5,12,18,17;11,5,6,13,19,18;12,6,7,14,20,19;13,7,8,15,21,20;14,8,9,10,16,21;15,10,17,22,21;16,10,11,18,23,22;17,11,12,19,23;18,12,13,20,24,23;19,13,14,21,24;20,14,15,16,22,24;21,16,17,23,24;22,17,18,19,24;23,19,20,21,22
C46#11 25 1,5,4,3,2;0,2,7,6,5;1,0,3,8,7;2,0,4,9,8;3,0,5,11,10,9;4,0,1,6,12,11;5,1,7,13,12;6,1,2,8,14,13;7,2,3,9,15,14;8,3,4,10,16,15;9,4,11,17,16;10,4,5,12,18,17;11,5,6,13,19,18;12,6,7,14,20,19;13,7,8,15,20;14,8,9,16,21,20;15,9,10,17,22,21;16,10,11,18,23,22;17,11,12,19,23;18,12,13,20,24,23;19,13,14,15,21,24;20,15,16,22,24;21,16,17,23,24;22,17,18,19,24;23,19,20,21,22
C46#12 25 1,5,4,3,2;0,2,7,6,5;1,0,3,8,7;2,0,4,9,8;3,0,5,11,10,9;4,0,1,6,12,11;5,1,7,13,12;6,1,2,8,14,13;7,2,3,9,15,14;8,3,4,10,16,15;9,4,11,17,16;10,4,5,12,18,17;11,5,6,13,19,18;12,6,7,14,20,19;13,7,8,15,21,20;14,8,9,16,21;15,9,10,17,22,21;16,10,11,18,23,22;17,11,12,19,23;18,12,13,20,24,23;19,13,14,21,24;20,14,15,16,22,24;21,16,17,23,24;22,17,18,19,24;23,19,20,21,22
C46#13 25 1,5,4,3,2;0,2,7,6,5;1,0,3,8,7;2,0,4,9,8;3,0,5,11,10,9;4,0,1,6,12,11;5,1,7,13,12;6,1,2,8,14,13;7,2,3,9,15,14;8,3,4,10,16,15;9,4,11,17,16;10,4,5,12,18,17;11,5,6,13,19,18;12,6,7,14,20,19;13,7,8,15,21,20;14,8,9,16,22,21;15,9,10,17,22;16,10,11,18,23,22;17,11,12,19,23;18,12,13,20,24,23;19,13,14,21,24;20,14,15,22,24;21,15,16,17,23,24;22,17,18,19,24;23,19,20,21,22
C46#14 25 1,5,4,3,2;0,2,7,6,5;1,0,3,8,7;2,0,4,9,8;3,0,5,11,10,9;4,0,1,6,12,11;5,1,7,13,12;6,1,2,8,14,13;7,2,3,9,15,14;8,3,4,10,16,15;9,4,11,17,16;10,4,5,12,18,17;11,5,6,13,19,18;12,6,7,14,20,19;13,7,8,15,21,20;14,8,9,16,22,21;15,9,10,17,22;16,10,11,18,23,22;17,11,12,19,24,23;18,12,13,20,24;19,13,14,21,24;20,14,15,22,23,24;21,15,16,17,23;22,17,18,24,21;23,18,19,20,21
C46#15 25 1,5,4,3,2;0,2,7,6,5;1,0,3,8,7;2,0,4,9,8;3,0,5,11,10,9;4,0,1,6,12,11;5,1,7,13,12;6,1,2,8,14,13;7,2,3,9,15,14;8,3,4,10,16,15;9,4,11,17,16;10,4,5,12,18,17;11,5,6,13,19,18;12,6,7,14,20,19;13,7,8,15,21,20;14,8,9,16,22,21;15,9,10,17,23,22;16,10,11,18,23;17,11,12,19,23;18,12,13,20,24,23;19,13,14,21,24;20,14,15,22,24;21,15,16,23,24;22,16,17,18,19,24;23,19,20,21,22
C46#16 25 1,5,4,3,2;0,2,7,6,5;1,0,3,8,7;2,0,4,9,8;3,0,5,11,10,9;4,0,1,6,12,11;5,1,7,13,12;6,1,2,8,14,13;7,2,3,9,15,14;8,3,4,10,16,15;9,4,11,17,16;10,4,5,12,18,17;11,5,6,13,19,18;12,6,7,14,20,19;13,7,8,15,21,20;14,8,9,16,22,21;15,9,10,17,23,22;16,10,11,18,23;17,11,12,19,24,23;18,12,13,20,24;19,13,14,21,24;20,14,15,22,24;21,15,16,23,24;22,16,17,18,24;23,18,19,20,21,22
C46#17 25 1,5,4,3,2;0,2,7,6,5;1,0,3,8,7;2,0,4,9,8;3,0,5,11,10,9;4,0,1,6,12,11;5,1,7,13,12;6,1,2,8,14,13;7,2,3,9,15,14;8,3,4,10,16,15;9,4,11,18,17,16;10,4,5,12,18;11,5,6,13,19,18;12,6,7,14,20,19;13,7,8,15,21,20;14,8,9,16,22,21;15,9,10,17,22;16,10,18,23,22;17,10,11,12,19,23;18,12,13,20,24,23;19,13,14,21,24;20,14,15,22,24;21,15,16,17,23,24;22,17,18,19,24;23,19,20,21,22
C46#18 25 1,5,4,3,2;0,2,7,6,5;1,0,3,8,7;2,0,4,9,8;3,0,5,11,10,9;4,0,1,6,12,11;5,1,7,13,12;6,1,2,8,14,13;7,2,3,9,15,14;8,3,4,10,16,15;9,4,11,18,17,16;10,4,5,12,18;11,5,6,13,19,18;12,6,7,14,20,19;13,7,8,15,21,20;14,8,9,16,22,21;15,9,10,17,22;16,10,18,24,23,22;17,10,11,12,19,24;18,12,13,20,24;19,13,14,21,23,24;20,14,15,22,23;21,15,16,17,23;22,17,24,20,21;23,17,18,19,20
C46#19 25 1,5,4,3,2;0,2,7,6,5;1,0,3,8,7;2,0,4,9,8;3,0,5,11,10,9;4,0,1,6,12,11;5,1,7,13,12;6,1,2,8,14,13;7,2,3,9,15,14;8,3,4,10,16,15;9,4,11,18,17,16;10,4,5,12,19,18;11,5,6,13,19;12,6,7,14,20,19;13,7,8,15,21,20;14,8,9,16,22,21;15,9,10,17,22;16,10,18,23,22;17,10,11,19,24,23;18,11,12,13,20,24;19,13,14,21,24;20,14,15,22,23,24;21,15,16,17,23;22,17,18,24,21;23,18,19,20,21
C46#20 25 1,5,4,3,2;0,2,7,6,5;1,0,3,8,7;2,0,4,9,8;3,0,5,11,10,9;4,0,1,6,12,11;5,1,7,13,12;6,1,2,8,14,13;7,2,3,9,15,14;8,3,4,10,16,15;9,4,11,18,17,16;10,4,5,12,19,18;11,5,6,13,19;12,6,7,14,20,19;13,7,8,15,21,20;14,8,9,16,22,21;15,9,10,17,22;16,10,18,24,23,22;17,10,11,19,24;18,11,12,13,20,24;19,13,14,21,23,24;20,14,15,22,23;21,15,16,17,23;22,17,24,20,21;23,17,18,19,20
C46#21 25 1,5,4,3,2;0,2,7,6,5;1,0,3,8,7;2,0,4,9,8;3,0,5,11,10,9;4,0,1,6,12,11;5,1,7,14,13,12;6,1,2,8,15,14;7,2,3,9,16,15;8,3,4,10,17,16;9,4,11,18,17;10,4,5,12,18;11,5,6,13,19,18;12,6,14,20,19;13,6,7,15,20;14,7,8,16,21,20;15,8,9,17,22,21;16,9,10,18,23,22;17,10,11,12,19,23;18,12,13,20,24,23;19,13,14,15,21,24;20,15,16,22,24;21,16,17,23,24;22,17,18,19,24;23,19,20,21,22
C46#22 25 1,5,4,3,2;0,2,7,6,5;1,0,3,8,7;2,0,4,9,8;3,0,5,11,10,9;4,0,1,6,12,11;5,1,7,14,13,12;6,1,2,8,15,14;7,2,3,9,16,15;8,3,4,10,17,16;9,4,11,18,17;10,4,5,12,18;11,5,6,13,19,18;12,6,14,20,19;13,6,7,15,21,20;14,7,8,16,21;15,8,9,17,22,21;16,9,10,18,23,22;17,10,11,12,19,23;18,12,13,20,24,23;19,13,14,21,24;20,14,15,16,22,24;21,16,17,23,24;22,17,18,19,24;23,19,20,21,22
C46#23 25 1,5,4,3,2;0,2,7,6,5;1,0,3,8,7;2,0,4,9,8;3,0,5,11,10,9;4,0,1,6,12,11;5,1,7,14,13,12;6,1,2,8,15,14;7,2,3,9,16,15;8,3,4,10,17,16;9,4,11,18,17;10,4,5,12,18;11,5,6,13,19,18;12,6,14,20,19;13,6,7,15,21,20;14,7,8,16,22,21;15,8,9,17,22;16,9,10,18,23,22;17,10,11,12,19,23;18,12,13,20,24,23;19,13,14,21,24;20,14,15,22,24;21,15,16,17,23,24;22,17,18,19,24;23,19,20,21,22
C46#24 25 1,5,4,3,2;0,2,7,6,5;1,0,3,8,7;2,0,4,9,8;3,0,5,11,10,9;4,0,1,6,12,11;5,1,7,14,13,12;6,1,2,8,15,14;7,2,3,9,16,15;8,3,4,10,17,16;9,4,11,18,17;10,4,5,12,18;11,5,6,13,19,18;12,6,14,21,20,19;13,6,7,15,21;14,7,8,16,22,21;15,8,9,17,23,22;16,9,10,18,24,23;17,10,11,12,19,24;18,12,13,20,24;19,13,21,22,23,24;20,13,14,15,22;21,15,16,23,20;22,16,17,24,20;23,17,18,19,20
C46#25 25 1,5,4,3,2;0,2,7,6,5;1,0,3,8,7;2,0,4,9,8;3,0,5,11,10,9;4,0,1,6,12,11;5,1,7,14,13,12;6,1,2,8,15,14;7,2,3,9,16,15;8,3,4,10,17,16;9,4,11,18,17;10,4,5,12,18;11,5,6,13,19,18;12,6,14,21,20,19;13,6,7,15,22,21;14,7,8,16,22;15,8,9,17,23,22;16,9,10,18,24,23;17,10,11,12,19,24;18,12,13,20,24;19,13,21,23,24;20,13,14,22,23;21,14,15,16,23;22,16,17,24,20,21;23,17,18,19,20
C46#26 25 1,5,4,3,2;0,2,7,6,5;1,0,3,8,7;2,0,4,9,8;3,0,5,11,10,9;4,0,1,6,12,11;5,1,7,14,13,12;6,1,2,8,15,14;7,2,3,9,16,15;8,3,4,10,17,16;9,4,11,18,17;10,4,5,12,19,18;11,5,6,13,19;12,6,14,20,19;13,6,7,15,21,20;14,7,8,16,22,21;15,8,9,17,22;16,9,10,18,23,22;17,10,11,19,24,23;18,11,12,13,20,24;19,13,14,21,24;20,14,15,22,23,24;21,15,16,17,23;22,17,18,24,21;23,18,19,20,21
C46#27 25 1,5,4,3,2;0,2,7,6,5;1,0,3,8,7;2,0,4,9,8;3,0,5,11,10,9;4,0,1,6,12,11;5,1,7,14,13,12;6,1,2,8,15,14;7,2,3,9,16,15;8,3,4,10,17,16;9,4,11,18,17;10,4,5,12,19,18;11,5,6,13,19;12,6,14,20,19;13,6,7,15,21,20;14,7,8,16,22,21;15,8,9,17,23,22;16,9,10,18,23;17,10,11,19,24,23;18,11,12,13,20,24;19,13,14,21,24;20,14,15,22,24;21,15,16,23,24;22,16,17,18,24;23,18,19,20,21,22
C46#28 25 1,5,4,3,2;0,2,7,6,5;1,0,3,8,7;2,0,4,9,8;3,0,5,11,10,9;4,0,1,6,12,11;5,1,7,14,13,12;6,1,2,8,15,14;7,2,3,9,16,15;8,3,4,10,17,16;9,4,11,18,17;10,4,5,12,19,18;11,5,6,13,19;12,6,14,21,20,19;13,6,7,15,21;14,7,8,16,22,21;15,8,9,17,23,22;16,9,10,18,24,23;17,10,11,19,24;18,11,12,13,20,24;19,13,21,22,23,24;20,13,14,15,22;21,15,16,23,20;22,16,17,24,20;23,17,18,19,20
C46#29 25 1,5,4,3,2;0,2,7,6,5;1,0,3,8,7;2,0,4,9,8;3,0,5,11,10,9;4,0,1,6,12,11;5,1,7,14,13,12;6,1,2,8,15,14;7,2,3,9,16,15;8,3,4,10,17,16;9,4,11,18,17;10,4,5,12,19,18;11,5,6,13,19;12,6,14,21,20,19;13,6,7,15,22,21;14,7,8,16,22;15,8,9,17,23,22;16,9,10,18,24,23;17,10,11,19,24;18,11,12,13,20,24;19,13,21,23,24;20,13,14,22,23;21,14,15,16,23;22,16,17,24,20,21;23,17,18,19,20
C46#30 25 1,5,4,3,2;0,2,7,6,5;1,0,3,8,7;2,0,4,9,8;3,0,5,11,10,9;4,0,1,6,12,11;5,1,7,14,13,12;6,1,2,8,15,14;7,2,3,9,16,15;8,3,4,10,17,16;9,4,11,18,17;10,4,5,12,19,18;11,5,6,13,20,19;12,6,14,21,20;13,6,7,15,21;14,7,8,16,22,21;15,8,9,17,23,22;16,9,10,18,23;17,10,11,19,23;18,11,12,20,24,23;19,12,13,21,24;20,13,14,15,22,24;21,15,16,23,24;22,16,17,18,19,24;23,19,20,21,22
C46#31 25 1,5,4,3,2;0,2,7,6,5;1,0,3,8,7;2,0,4,9,8;3,0,5,11,10,9;4,0,1,6,12,11;5,1,7,14,13,12;6,1,2,8,15,14;7,2,3,9,16,15;8,3,4,10,17,16;9,4,11,18,17;10,4,5,12,19,18;11,5,6,13,20,19;12,6,14,21,20;13,6,7,15,21;14,7,8,16,22,21;15,8,9,17,23,22;16,9,10,18,23;17,10,11,19,24,23;18,11,12,20,24;19,12,13,21,24;20,13,14,15,22,24;21,15,16,23,24;22,16,17,18,24;23,18,19,20,21,22
C46#32 25 1,5,4,3,2;0,2,7,6,5;1,0,3,8,7;2,0,4,9,8;3,0,5,11,10,9;4,0,1,6,12,11;5,1,7,14,13,12;6,1,2,8,15,14;7,2,3,9,16,15;8,3,4,10,17,16;9,4,11,18,17;10,4,5,12,19,18;11,5,6,13,20,19;12,6,14,21,20;13,6,7,15,22,21;14,7,8,16,22;15,8,9,17,23,22;16,9,10,18,23;17,10,11,19,23;18,11,12,20,24,23;19,12,13,21,24;20,13,14,22,24;21,14,15,16,23,24;22,16,17,18,19,24;23,19,20,21,22
C46#33 25 1,5,4,3,2;0,2,7,6,5;1,0,3,8,7;2,0,4,9,8;3,0,5,11,10,9;4,0,1,6,12,11;5,1,7,14,13,12;6,1,2,8,15,14;7,2,3,9,16,15;8,3,4,10,17,16;9,4,11,18,17;10,4,5,12,19,18;11,5,6,13,20,19;12,6,14,21,20;13,6,7,15,22,21;14,7,8,16,22;15,8,9,17,23,22;16,9,10,18,23;17,10,11,19,24,23;18,11,12,20,24;19,12,13,21,24;20,13,14,22,24;21,14,15,16,23,24;22,16,17,18,24;23,18,19,20,21,22
C46#34 25 1,5,4,3,2;0,2,7,6,5;1,0,3,8,7;2,0,4,9,8;3,0,5,11,10,9;4,0,1,6,12,11;5,1,7,14,13,12;6,1,2,8,15,14;7,2,3,9,16,15;8,3,4,10,17,16;9,4,11,18,17;10,4,5,12,19,18;11,5,6,13,20,19;12,6,14,21,20;13,6,7,15,22,21;14,7,8,16,22;15,8,9,17,23,22;16,9,10,18,23;17,10,11,19,24,23;18,11,12,20,24;19,12,13,21,24;20,13,14,22,23,24;21,14,15,16,23;22,16,17,18,24,21;23,18,19,20,21
C46#35 25 1,5,4,3,2;0,2,7,6,5;1,0,3,8,7;2,0,4,9,8;3,0,5,11,10,9;4,0,1,6,12,11;5,1,7,14,13,12;6,1,2,8,15,14;7,2,3,9,16,15;8,3,4,10,17,16;9,4,11,18,17;10,4,5,12,19,18;11,5,6,13,20,19;12,6,14,21,20;13,6,7,15,22,21;14,7,8,16,22;15,8,9,17,23,22;16,9,10,18,24,23;17,10,11,19,24;18,11,12,20,24;19,12,13,21,24;20,13,14,22,23,24;21,14,15,16,23;22,16,17,24,21;23,17,18,19,20,21
C46#36 25 1,5,4,3,2;0,2,7,6,5;1,0,3,8,7;2,0,4,9,8;3,0,5,11,10,9;4,0,1,6,12,11;5,1,7,14,13,12;6,1,2,8,15,14;7,2,3,9,16,15;8,3,4,10,17,16;9,4,11,18,17;10,4,5,12,19,18;11,5,6,13,20,19;12,6,14,21,20;13,6,7,15,22,21;14,7,8,16,22;15,8,9,17,23,22;16,9,10,18,24,23;17,10,11,19,24;18,11,12,20,24;19,12,13,21,23,24;20,13,14,22,23;21,14,15,16,23;22,16,17,24,20,21;23,17,18,19,20
C46#37 25 1,5,4,3,2;0,2,7,6,5;1,0,3,8,7;2,0,4,9,8;3,0,5,11,10,9;4,0,1,6,12,11;5,1,7,14,13,12;6,1,2,8,15,14;7,2,3,9,16,15;8,3,4,10,17,16;9,4,11,18,17;10,4,5,12,19,18;11,5,6,13,20,19;12,6,14,21,20;13,6,7,15,22,21;14,7,8,16,23,22;15,8,9,17,23;16,9,10,18,23;17,10,11,19,24,23;18,11,12,20,24;19,12,13,21,24;20,13,14,22,24;21,14,15,23,24;22,15,16,17,18,24;23,18,19,20,21,22
C46#38 25 1,5,4,3,2;0,2,7,6,5;1,0,3,8,7;2,0,4,9,8;3,0,5,11,10,9;4,0,1,6,12,11;5,1,7,14,13,12;6,1,2,8,15,14;7,2,3,9,16,15;8,3,4,10,17,16;9,4,11,19,18,17;10,4,5,12,19;11,5,6,13,20,19;12,6,14,21,20;13,6,7,15,22,21;14,7,8,16,22;15,8,9,17,23,22;16,9,10,18,23;17,10,19,24,23;18,10,11,12,20,24;19,12,13,21,24;20,13,14,22,24;21,14,15,16,23,24;22,16,17,18,24;23,18,19,20,21,22
C46#39 25 1,5,4,3,2;0,2,7,6,5;1,0,3,8,7;2,0,4,9,8;3,0,5,11,10,9;4,0,1,6,12,11;5,1,7,14,13,12;6,1,2,8,15,14;7,2,3,9,16,15;8,3,4,10,17,16;9,4,11,19,18,17;10,4,5,12,19;11,5,6,13,20,19;12,6,14,21,20;13,6,7,15,22,21;14,7,8,16,22;15,8,9,17,23,22;16,9,10,18,23;17,10,19,24,23;18,10,11,12,20,24;19,12,13,21,24;20,13,14,22,23,24;21,14,15,16,23;22,16,17,18,24,21;23,18,19,20,21
C46#40 25 1,5,4,3,2;0,2,7,6,5;1,0,3,8,7;2,0,4,9,8;3,0,5,11,10,9;4,0,1,6,12,11;5,1,7,14,13,12;6,1,2,8,15,14;7,2,3,9,16,15;8,3,4,10,17,16;9,4,11,19,18,17;10,4,5,12,19;11,5,6,13,20,19;12,6,14,21,20;13,6,7,15,22,21;14,7,8,16,22;15,8,9,17,23,22;16,9,10,18,24,23;17,10,19,20,24;18,10,11,12,20;19,12,13,21,24,18;20,13,14,22,23,24;21,14,15,16,23;22,16,17,24,21;23,17,18,20,21
C46#41 25 1,5,4,3,2;0,2,7,6,5;1,0,3,8,7;2,0,4,9,8;3,0,5,11,10,9;4,0,1,6,12,11;5,1,7,14,13,12;6,1,2,8,15,14;7,2,3,9,16,15;8,3,4,10,17,16;9,4,11,19,18,17;10,4,5,12,19;11,5,6,13,20,19;12,6,14,22,21,20;13,6,7,15,23,22;14,7,8,16,23;15,8,9,17,24,23;16,9,10,18,21,24;17,10,19,20,21;18,10,11,12,20;19,12,13,21,18;20,13,22,24,17,18;21,13,14,23,24;22,14,15,16,24;23,16,17,21,22
C46#42 25 1,5,4,3,2;0,2,7,6,5;1,0,3,8,7;2,0,4,10,9,8;3,0,5,11,10;4,0,1,6,12,11;5,1,7,13,12;6,1,2,8,14,13;7,2,3,9,15,14;8,3,10,16,15;9,3,4,11,17,16;10,4,5,12,18,17;11,5,6,13,19,18;12,6,7,14,20,19;13,7,8,15,21,20;14,8,9,16,21;15,9,10,17,22,21;16,10,11,18,23,22;17,11,12,19,23;18,12,13,20,24,23;19,13,14,21,24;20,14,15,16,22,24;21,16,17,23,24;22,17,18,19,24;23,19,20,21,22
C46#43 25 1,5,4,3,2;0,2,7,6,5;1,0,3,8,7;2,0,4,10,9,8;3,0,5,11,10;4,0,1,6,12,11;5,1,7,13,12;6,1,2,8,14,13;7,2,3,9,15,14;8,3,10,16,15;9,3,4,11,17,16;10,4,5,12,18,17;11,5,6,13,19,18;12,6,7,14,20,19;13,7,8,15,21,20;14,8,9,16,22,21;15,9,10,17,22;16,10,11,18,23,22;17,11,12,19,23;18,12,13,20,24,23;19,13,14,21,24;20,14,15,22,24;21,15,16,17,23,24;22,17,18,19,24;23,19,20,21,22
C46#44 25 1,5,4,3,2;0,2,7,6,5;1,0,3,8,7;2,0,4,10,9,8;3,0,5,11,10;4,0,1,6,12,11;5,1,7,13,12;6,1,2,8,14,13;7,2,3,9,15,14;8,3,10,16,15;9,3,4,11,17,16;10,4,5,12,18,17;11,5,6,13,19,18;12,6,7,14,20,19;13,7,8,15,21,20;14,8,9,16,22,21;15,9,10,17,22;16,10,11,18,23,22;17,11,12,19,24,23;18,12,13,20,24;19,13,14,21,24;20,14,15,22,23,24;21,15,16,17,23;22,17,18,24,21;23,18,19,20,21
C46#45 25 1,5,4,3,2;0,2,7,6,5;1,0,3,8,7;2,0,4,10,9,8;3,0,5,11,10;4,0,1,6,12,11;5,1,7,13,12;6,1,2,8,14,13;7,2,3,9,15,14;8,3,10,16,15;9,3,4,11,17,16;10,4,5,12,18,17;11,5,6,13,19,18;12,6,7,14,20,19;13,7,8,15,21,20;14,8,9,16,22,21;15,9,10,17,23,22;16,10,11,18,23;17,11,12,19,24,23;18,12,13,20,24;19,13,14,21,24;20,14,15,22,24;21,15,16,23,24;22,16,17,18,24;23,18,19,20,21,22
C46#46 25 1,5,4,3,2;0,2,7,6,5;1,0,3,8,7;2,0,4,10,9,8;3,0,5,11,10;4,0,1,6,12,11;5,1,7,13,12;6,1,2,8,14,13;7,2,3,9,15,14;8,3,10,17,16,15;9,3,4,11,17;10,4,5,12,18,17;11,5,6,13,19,18;12,6,7,14,20,19;13,7,8,15,21,20;14,8,9,16,21;15,9,17,23,22,21;16,9,10,11,18,23;17,11,12,19,24,23;18,12,13,20,24;19,13,14,21,22,24;20,14,15,16,22;21,16,23,24,20;22,16,17,18,24;23,18,19,20,22
C46#47 25 1,5,4,3,2;0,2,7,6,5;1,0,3,8,7;2,0,4,10,9,8;3,0,5,11,10;4,0,1,6,12,11;5,1,7,13,12;6,1,2,8,14,13;7,2,3,9,15,14;8,3,10,17,16,15;9,3,4,11,17;10,4,5,12,18,17;11,5,6,13,19,18;12,6,7,14,20,19;13,7,8,15,21,20;14,8,9,16,22,21;15,9,17,23,22;16,9,10,11,18,23;17,11,12,19,24,23;18,12,13,20,24;19,13,14,21,24;20,14,15,22,24;21,15,16,23,24;22,16,17,18,24;23,18,19,20,21,22
C46#48 25 1,5,4,3,2;0,2,7,6,5;1,0,3,8,7;2,0,4,10,9,8;3,0,5,11,10;4,0,1,6,12,11;5,1,7,13,12;6,1,2,8,14,13;7,2,3,9,15,14;8,3,10,17,16,15;9,3,4,11,18,17;10,4,5,12,18;11,5,6,13,19,18;12,6,7,14,20,19;13,7,8,15,21,20;14,8,9,16,21;15,9,17,22,21;16,9,10,18,23,22;17,10,11,12,19,23;18,12,13,20,24,23;19,13,14,21,24;20,14,15,16,22,24;21,16,17,23,24;22,17,18,19,24;23,19,20,21,22
C46#49 25 1,5,4,3,2;0,2,7,6,5;1,0,3,8,7;2,0,4,10,9,8;3,0,5,11,10;4,0,1,6,12,11;5,1,7,13,12;6,1,2,8,14,13;7,2,3,9,15,14;8,3,10,17,16,15;9,3,4,11,18,17;10,4,5,12,19,18;11,5,6,13,20,19;12,6,7,14,21,20;13,7,8,15,22,21;14,8,9,16,22;15,9,17,23,22;16,9,10,18,23;17,10,11,19,23;18,11,12,20,24,23;19,12,13,21,24;20,13,14,22,24;21,14,15,16,23,24;22,16,17,18,19,24;23,19,20,21,22
C46#50 25 1,5,4,3,2;0,2,7,6,5;1,0,3,8,7;2,0,4,10,9,8;3,0,5,11,10;4,0,1,6,12,11;5,1,7,13,12;6,1,2,8,14,13;7,2,3,9,15,14;8,3,10,17,16,15;9,3,4,11,18,17;10,4,5,12,19,18;11,5,6,13,20,19;12,6,7,14,21,20;13,7,8,15,22,21;14,8,9,16,22;15,9,17,23,22;16,9,10,18,23;17,10,11,19,24,23;18,11,12,20,24;19,12,13,21,24;20,13,14,22,24;21,14,15,16,23,24;22,16,17,18,24;23,18,19,20,21,22
C46#51 25 1,5,4,3,2;0,2,7,6,5;1,0,3,8,7;2,0,4,10,9,8;3,0,5,11,10;4,0,1,6,12,11;5,1,7,13,12;6,1,2,8,14,13;7,2,3,9,15,14;8,3,10,17,16,15;9,3,4,11,18,17;10,4,5,12,19,18;11,5,6,13,20,19;12,6,7,14,21,20;13,7,8,15,22,21;14,8,9,16,22;15,9,17,23,22;16,9,10,18,23;17,10,11,19,24,23;18,11,12,20,24;19,12,13,21,24;20,13,14,22,23,24;21,14,15,16,23;22,16,17,18,24,21;23,18,19,20,21
C46#52 25 1,5,4,3,2;0,2,7,6,5;1,0,3,8,7;2,0,4,10,9,8;3,0,5,11,10;4,0,1,6,12,11;5,1,7,14,13,12;6,1,2,8,15,14;7,2,3,9,16,15;8,3,10,17,16;9,3,4,11,17;10,4,5,12,18,17;11,5,6,13,19,18;12,6,14,20,19;13,6,7,15,21,20;14,7,8,16,22,21;15,8,9,17,23,22;16,9,10,11,18,23;17,11,12,19,24,23;18,12,13,20,24;19,13,14,21,24;20,14,15,22,24;21,15,16,23,24;22,16,17,18,24;23,18,19,20,21,22
C46#53 25 1,5,4,3,2;0,2,7,6,5;1,0,3,8,7;2,0,4,10,9,8;3,0,5,11,10;4,0,1,6,12,11;5,1,7,14,13,12;6,1,2,8,15,14;7,2,3,9,16,15;8,3,10,17,16;9,3,4,11,18,17;10,4,5,12,18;11,5,6,13,19,18;12,6,14,20,19;13,6,7,15,21,20;14,7,8,16,21;15,8,9,17,22,21;16,9,10,18,23,22;17,10,11,12,19,23;18,12,13,20,24,23;19,13,14,21,24;20,14,15,16,22,24;21,16,17,23,24;22,17,18,19,24;23,19,20,21,22
C46#54 25 1,5,4,3,2;0,2,7,6,5;1,0,3,8,7;2,0,4,10,9,8;3,0,5,11,10;4,0,1,6,12,11;5,1,7,14,13,12;6,1,2,8,15,14;7,2,3,9,16,15;8,3,10,17,16;9,3,4,11,18,17;10,4,5,12,18;11,5,6,13,19,18;12,6,14,21,20,19;13,6,7,15,21;14,7,8,16,22,21;15,8,9,17,23,22;16,9,10,18,24,23;17,10,11,12,19,24;18,12,13,20,24;19,13,21,22,23,24;20,13,14,15,22;21,15,16,23,20;22,16,17,24,20;23,17,18,19,20
C46#55 25 1,5,4,3,2;0,2,7,6,5;1,0,3,8,7;2,0,4,10,9,8;3,0,5,11,10;4,0,1,6,12,11;5,1,7,14,13,12;6,1,2,8,15,14;7,2,3,9,16,15;8,3,10,17,16;9,3,4,11,18,17;10,4,5,12,18;11,5,6,13,19,18;12,6,14,21,20,19;13,6,7,15,22,21;14,7,8,16,22;15,8,9,17,23,22;16,9,10,18,24,23;17,10,11,12,19,24;18,12,13,20,24;19,13,21,23,24;20,13,14,22,23;21,14,15,16,23;22,16,17,24,20,21;23,17,18,19,20
C46#56 25 1,5,4,3,2;0,2,7,6,5;1,0,3,8,7;2,0,4,10,9,8;3,0,5,11,10;4,0,1,6,12,11;5,1,7,14,13,12;6,1,2,8,15,14;7,2,3,9,16,15;8,3,10,17,16;9,3,4,11,18,17;10,4,5,12,19,18;11,5,6,13,19;12,6,14,20,19;13,6,7,15,21,20;14,7,8,16,22,21;15,8,9,17,22;16,9,10,18,23,22;17,10,11,19,24,23;18,11,12,13,20,24;19,13,14,21,24;20,14,15,22,23,24;21,15,16,17,23;22,17,18,24,21;23,18,19,20,21
C46#57 25 1,5,4,3,2;0,2,7,6,5;1,0,3,8,7;2,0,4,10,9,8;3,0,5,11,10;4,0,1,6,12,11;5,1,7,14,13,12;6,1,2,8,15,14;7,2,3,9,16,15;8,3,10,17,16;9,3,4,11,18,17;10,4,5,12,19,18;11,5,6,13,19;12,6,14,20,19;13,6,7,15,21,20;14,7,8,16,22,21;15,8,9,17,23,22;16,9,10,18,23;17,10,11,19,24,23;18,11,12,13,20,24;19,13,14,21,24;20,14,15,22,24;21,15,16,23,24;22,16,17,18,24;23,18,19,20,21,22
C46#58 25 1,5,4,3,2;0,2,7,6,5;1,0,3,8,7;2,0,4,10,9,8;3,0,5,11,10;4,0,1,6,12,11;5,1,7,14,13,12;6,1,2,8,15,14;7,2,3,9,16,15;8,3,10,17,16;9,3,4,11,18,17;10,4,5,12,19,18;11,5,6,13,19;12,6,14,21,20,19;13,6,7,15,21;14,7,8,16,22,21;15,8,9,17,23,22;16,9,10,18,23;17,10,11,19,24,23;18,11,12,13,20,24;19,13,21,22,24;20,13,14,15,22;21,15,16,23,24,20;22,16,17,18,24;23,18,19,20,22
C46#59 25 1,5,4,3,2;0,2,7,6,5;1,0,3,8,7;2,0,4,10,9,8;3,0,5,11,10;4,0,1,6,12,11;5,1,7,14,13,12;6,1,2,8,15,14;7,2,3,9,16,15;8,3,10,17,16;9,3,4,11,18,17;10,4,5,12,19,18;11,5,6,13,19;12,6,14,21,20,19;13,6,7,15,21;14,7,8,16,22,21;15,8,9,17,23,22;16,9,10,18,24,23;17,10,11,19,24;18,11,12,13,20,24;19,13,21,22,23,24;20,13,14,15,22;21,15,16,23,20;22,16,17,24,20;23,17,18,19,20
C46#60 25 1,5,4,3,2;0,2,7,6,5;1,0,3,8,7;2,0,4,10,9,8;3,0,5,11,10;4,0,1,6,12,11;5,1,7,14,13,12;6,1,2,8,15,14;7,2,3,9,16,15;8,3,10,17,16;9,3,4,11,18,17;10,4,5,12,19,18;11,5,6,13,20,19;12,6,14,21,20;13,6,7,15,21;14,7,8,16,22,21;15,8,9,17,22;16,9,10,18,23,22;17,10,11,19,23;18,11,12,20,24,23;19,12,13,21,24;20,13,14,15,22,24;21,15,16,17,23,24;22,17,18,19,24;23,19,20,21,22
C46#61 25 1,5,4,3,2;0,2,7,6,5;1,0,3,8,7;2,0,4,10,9,8;3,0,5,11,10;4,0,1,6,12,11;5,1,7,14,13,12;6,1,2,8,15,14;7,2,3,9,16,15;8,3,10,17,16;9,3,4,11,18,17;10,4,5,12,19,18;11,5,6,13,20,19;12,6,14,21,20;13,6,7,15,21;14,7,8,16,22,21;15,8,9,17,23,22;16,9,10,18,23;17,10,11,19,23;18,11,12,20,24,23;19,12,13,21,24;20,13,14,15,22,24;21,15,16,23,24;22,16,17,18,19,24;23,19,20,21,22
C46#62 25 1,5,4,3,2;0,2,7,6,5;1,0,3,8,7;2,0,4,10,9,8;3,0,5,11,10;4,0,1,6,12,11;5,1,7,14,13,12;6,1,2,8,15,14;7,2,3,9,16,15;8,3,10,17,16;9,3,4,11,18,17;10,4,5,12,19,18;11,5,6,13,20,19;12,6,14,21,20;13,6,7,15,21;14,7,8,16,22,21;15,8,9,17,23,22;16,9,10,18,23;17,10,11,19,24,23;18,11,12,20,24;19,12,13,21,24;20,13,14,15,22,24;21,15,16,23,24;22,16,17,18,24;23,18,19,20,21,22
C46#63 25 1,5,4,3,2;0,2,7,6,5;1,0,3,8,7;2,0,4,10,9,8;3,0,5,11,10;4,0,1,6,12,11;5,1,7,14,13,12;6,1,2,8,15,14;7,2,3,9,16,15;8,3,10,17,16;9,3,4,11,18,17;10,4,5,12,19,18;11,5,6,13,20,19;12,6,14,21,20;13,6,7,15,21;14,7,8,16,22,21;15,8,9,17,23,22;16,9,10,18,23;17,10,11,19,24,23;18,11,12,20,24;19,12,13,21,22,24;20,13,14,15,22;21,15,16,23,24,20;22,16,17,18,24;23,18,19,20,22
C46#64 25 1,5,4,3,2;0,2,7,6,5;1,0,3,8,7;2,0,4,10,9,8;3,0,5,11,10;4,0,1,6,12,11;5,1,7,14,13,12;6,1,2,8,15,14;7,2,3,9,16,15;8,3,10,17,16;9,3,4,11,18,17;10,4,5,12,19,18;11,5,6,13,20,19;12,6,14,21,20;13,6,7,15,22,21;14,7,8,16,22;15,8,9,17,23,22;16,9,10,18,23;17,10,11,19,24,23;18,11,12,20,24;19,12,13,21,24;20,13,14,22,24;21,14,15,16,23,24;22,16,17,18,24;23,18,19,20,21,22
C46#65 25 1,5,4,3,2;0,2,7,6,5;1,0,3,8,7;2,0,4,10,9,8;3,0,5,11,10;4,0,1,6,12,11;5,1,7,14,13,12;6,1,2,8,15,14;7,2,3,9,16,15;8,3,10,17,16;9,3,4,11,18,17;10,4,5,12,19,18;11,5,6,13,20,19;12,6,14,21,20;13,6,7,15,22,21;14,7,8,16,22;15,8,9,17,23,22;16,9,10,18,23;17,10,11,19,24,23;18,11,12,20,24;19,12,13,21,24;20,13,14,22,23,24;21,14,15,16,23;22,16,17,18,24,21;23,18,19,20,21
C46#66 25 1,5,4,3,2;0,2,7,6,5;1,0,3,8,7;2,0,4,10,9,8;3,0,5,11,10;4,0,1,6,12,11;5,1,7,14,13,12;6,1,2,8,15,14;7,2,3,9,16,15;8,3,10,17,16;9,3,4,11,18,17;10,4,5,12,19,18;11,5,6,13,20,19;12,6,14,21,20;13,6,7,15,22,21;14,7,8,16,22;15,8,9,17,23,22;16,9,10,18,24,23;17,10,11,19,24;18,11,12,20,24;19,12,13,21,24;20,13,14,22,23,24;21,14,15,16,23;22,16,17,24,21;23,17,18,19,20,21
C46#67 25 1,5,4,3,2;0,2,7,6,5;1,0,3,8,7;2,0,4,10,9,8;3,0,5,11,10;4,0,1,6,12,11;5,1,7,14,13,12;6,1,2,8,15,14;7,2,3,9,16,15;8,3,10,17,16;9,3,4,11,18,17;10,4,5,12,19,18;11,5,6,13,20,19;12,6,14,21,20;13,6,7,15,22,21;14,7,8,16,22;15,8,9,17,23,22;16,9,10,18,24,23;17,10,11,19,24;18,11,12,20,24;19,12,13,21,23,24;20,13,14,22,23;21,14,15,16,23;22,16,17,24,20,21;23,17,18,19,20
C46#68 25 1,5,4,3,2;0,2,7,6,5;1,0,3,8,7;2,0,4,10,9,8;3,0,5,11,10;4,0,1,6,12,11;5,1,7,14,13,12;6,1,2,8,15,14;7,2,3,9,16,15;8,3,10,17,16;9,3,4,11,18,17;10,4,5,12,19,18;11,5,6,13,20,19;12,6,14,22,21,20;13,6,7,15,22;14,7,8,16,22;15,8,9,17,23,22;16,9,10,18,24,23;17,10,11,19,24;18,11,12,20,24;19,12,13,21,24;20,13,22,23,24;21,13,14,15,16,23;22,16,17,24,21;23,17,18,19,20,21
C46#69 25 1,5,4,3,2;0,2,7,6,5;1,0,3,8,7;2,0,4,10,9,8;3,0,5,11,10;4,0,1,6,12,11;5,1,7,14,13,12;6,1,2,8,15,14;7,2,3,9,16,15;8,3,10,17,16;9,3,4,11,18,17;10,4,5,12,19,18;11,5,6,13,20,19;12,6,14,22,21,20;13,6,7,15,22;14,7,8,16,23,22;15,8,9,17,23;16,9,10,18,24,23;17,10,11,19,24;18,11,12,20,24;19,12,13,21,24;20,13,22,23,24;21,13,14,15,23;22,15,16,17,24,21;23,17,18,19,20,21
C46#70 25 1,5,4,3,2;0,2,7,6,5;1,0,3,8,7;2,0,4,10,9,8;3,0,5,11,10;4,0,1,6,12,11;5,1,7,14,13,12;6,1,2,8,15,14;7,2,3,9,16,15;8,3,10,18,17,16;9,3,4,11,18;10,4,5,12,19,18;11,5,6,13,20,19;12,6,14,21,20;13,6,7,15,21;14,7,8,16,22,21;15,8,9,17,22;16,9,18,23,22;17,9,10,11,19,23;18,11,12,20,24,23;19,12,13,21,24;20,13,14,15,22,24;21,15,16,17,23,24;22,17,18,19,24;23,19,20,21,22
C46#71 25 1,5,4,3,2;0,2,7,6,5;1,0,3,8,7;2,0,4,10,9,8;3,0,5,11,10;4,0,1,6,12,11;5,1,7,14,13,12;6,1,2,8,15,14;7,2,3,9,16,15;8,3,10,18,17,16;9,3,4,11,18;10,4,5,12,19,18;11,5,6,13,20,19;12,6,14,21,20;13,6,7,15,21;14,7,8,16,22,21;15,8,9,17,22;16,9,18,24,23,22;17,9,10,11,19,24;18,11,12,20,24;19,12,13,21,23,24;20,13,14,15,22,23;21,15,16,17,23;22,17,24,20,21;23,17,18,19,20
C46#72 25 1,5,4,3,2;0,2,7,6,5;1,0,3,8,7;2,0,4,10,9,8;3,0,5,11,10;4,0,1,6,12,11;5,1,7,14,13,12;6,1,2,8,15,14;7,2,3,9,16,15;8,3,10,18,17,16;9,3,4,11,18;10,4,5,12,19,18;11,5,6,13,20,19;12,6,14,21,20;13,6,7,15,22,21;14,7,8,16,22;15,8,9,17,22;16,9,18,24,23,22;17,9,10,11,19,24;18,11,12,20,24;19,12,13,21,23,24;20,13,14,22,23;21,14,15,16,17,23;22,17,24,20,21;23,17,18,19,20
C46#73 25 1,5,4,3,2;0,2,7,6,5;1,0,3,8,7;2,0,4,10,9,8;3,0,5,11,10;4,0,1,6,12,11;5,1,7,14,13,12;6,1,2,8,15,14;7,2,3,9,16,15;8,3,10,18,17,16;9,3,4,11,18;10,4,5,12,19,18;11,5,6,13,20,19;12,6,14,21,20;13,6,7,15,22,21;14,7,8,16,22;15,8,9,17,23,22;16,9,18,24,23;17,9,10,11,19,24;18,11,12,20,24;19,12,13,21,24;20,13,14,22,23,24;21,14,15,16,23;22,16,17,24,21;23,17,18,19,20,21
C46#74 25 1,5,4,3,2;0,2,7,6,5;1,0,3,8,7;2,0,4,10,9,8;3,0,5,11,10;4,0,1,6,12,11;5,1,7,14,13,12;6,1,2,8,15,14;7,2,3,9,16,15;8,3,10,18,17,16;9,3,4,11,18;10,4,5,12,19,18;11,5,6,13,20,19;12,6,14,21,20;13,6,7,15,22,21;14,7,8,16,22;15,8,9,17,23,22;16,9,18,24,23;17,9,10,11,19,24;18,11,12,20,24;19,12,13,21,23,24;20,13,14,22,23;21,14,15,16,23;22,16,17,24,20,21;23,17,18,19,20
C46#75 25 1,5,4,3,2;0,2,7,6,5;1,0,3,8,7;2,0,4,10,9,8;3,0,5,11,10;4,0,1,6,12,11;5,1,7,14,13,12;6,1,2,8,15,14;7,2,3,9,16,15;8,3,10,18,17,16;9,3,4,11,18;10,4,5,12,19,18;11,5,6,13,20,19;12,6,14,21,20;13,6,7,15,22,21;14,7,8,16,22;15,8,9,17,23,22;16,9,18,19,24,23;17,9,10,11,19;18,11,12,20,24,17;19,12,13,21,24;20,13,14,22,23,24;21,14,15,16,23;22,16,17,24,21;23,17,19,20,21
C46#76 25 1,5,4,3,2;0,2,7,6,5;1,0,3,8,7;2,0,4,10,9,8;3,0,5,11,10;4,0,1,6,12,11;5,1,7,14,13,12;6,1,2,8,15,14;7,2,3,9,16,15;8,3,10,18,17,16;9,3,4,11,18;10,4,5,12,19,18;11,5,6,13,20,19;12,6,14,21,20;13,6,7,15,22,21;14,7,8,16,23,22;15,8,9,17,23;16,9,18,19,24,23;17,9,10,11,19;18,11,12,20,24,17;19,12,13,21,24;20,13,14,22,24;21,14,15,23,24;22,15,16,17,24;23,17,19,20,21,22
C46#77 25 1,5,4,3,2;0,2,7,6,5;1,0,3,8,7;2,0,4,10,9,8;3,0,5,11,10;4,0,1,6,12,11;5,1,7,14,13,12;6,1,2,8,15,14;7,2,3,9,16,15;8,3,10,18,17,16;9,3,4,11,18;10,4,5,12,19,18;11,5,6,13,20,19;12,6,14,22,21,20;13,6,7,15,22;14,7,8,16,22;15,8,9,17,23,22;16,9,18,24,23;17,9,10,11,19,24;18,11,12,20,24;19,12,13,21,24;20,13,22,23,24;21,13,14,15,16,23;22,16,17,24,21;23,17,18,19,20,21
C46#78 25 1,5,4,3,2;0,2,7,6,5;1,0,3,8,7;2,0,4,10,9,8;3,0,5,11,10;4,0,1,6,12,11;5,1,7,14,13,12;6,1,2,8,15,14;7,2,3,9,16,15;8,3,10,18,17,16;9,3,4,11,18;10,4,5,12,19,18;11,5,6,13,20,19;12,6,14,22,21,20;13,6,7,15,22;14,7,8,16,23,22;15,8,9,17,23;16,9,18,24,23;17,9,10,11,19,24;18,11,12,20,24;19,12,13,21,24;20,13,22,23,24;21,13,14,15,23;22,15,16,17,24,21;23,17,18,19,20,21
C46#79 25 1,5,4,3,2;0,2,7,6,5;1,0,3,8,7;2,0,4,10,9,8;3,0,5,11,10;4,0,1,6,12,11;5,1,7,14,13,12;6,1,2,8,15,14;7,2,3,9,16,15;8,3,10,18,17,16;9,3,4,11,19,18;10,4,5,12,19;11,5,6,13,20,19;12,6,14,21,20;13,6,7,15,22,21;14,7,8,16,22;15,8,9,17,23,22;16,9,18,24,23;17,9,10,19,24;18,10,11,12,20,24;19,12,13,21,23,24;20,13,14,22,23;21,14,15,16,23;22,16,17,24,20,21;23,17,18,19,20
C46#80 25 1,5,4,3,2;0,2,7,6,5;1,0,3,8,7;2,0,4,10,9,8;3,0,5,11,10;4,0,1,6,12,11;5,1,7,14,13,12;6,1,2,8,15,14;7,2,3,9,16,15;8,3,10,18,17,16;9,3,4,11,19,18;10,4,5,12,20,19;11,5,6,13,21,20;12,6,14,22,21;13,6,7,15,22;14,7,8,16,22;15,8,9,17,23,22;16,9,18,24,23;17,9,10,19,24;18,10,11,20,24;19,11,12,21,24;20,12,13,22,23,24;21,13,14,15,16,23;22,16,17,24,21;23,17,18,19,20,21
C46#81 25 1,5,4,3,2;0,2,7,6,5;1,0,3,8,7;2,0,4,10,9,8;3,0,5,11,10;4,0,1,6,12,11;5,1,7,14,13,12;6,1,2,8,15,14;7,2,3,9,16,15;8,3,10,18,17,16;9,3,4,11,19,18;10,4,5,12,20,19;11,5,6,13,21,20;12,6,14,22,21;13,6,7,15,22;14,7,8,16,23,22;15,8,9,17,23;16,9,18,24,23;17,9,10,19,24;18,10,11,20,24;19,11,12,21,24;20,12,13,22,23,24;21,13,14,15,23;22,15,16,17,24,21;23,17,18,19,20,21
C46#82 25 1,5,4,3,2;0,2,7,6,5;1,0,3,8,7;2,0,4,10,9,8;3,0,5,12,11,10;4,0,1,6,13,12;5,1,7,14,13;6,1,2,8,15,14;7,2,3,9,16,15;8,3,10,17,16;9,3,4,11,17;10,4,12,19,18,17;11,4,5,13,20,19;12,5,6,14,21,20;13,6,7,15,22,21;14,7,8,16,23,22;15,8,9,17,18,23;16,9,10,11,18;17,11,19,24,23,16;18,11,12,20,24;19,12,13,21,24;20,13,14,22,24;21,14,15,23,24;22,15,16,18,24;23,18,19,20,21,22
C46#83 25 1,5,4,3,2;0,2,7,6,5;1,0,3,8,7;2,0,4,10,9,8;3,0,5,12,11,10;4,0,1,6,13,12;5,1,7,15,14,13;6,1,2,8,16,15;7,2,3,9,17,16;8,3,10,18,17;9,3,4,11,18;10,4,12,19,18;11,4,5,13,20,19;12,5,6,14,20;13,6,15,21,20;14,6,7,16,21;15,7,8,17,22,21;16,8,9,18,23,22;17,9,10,11,19,23;18,11,12,20,24,23;19,12,13,14,21,24;20,14,15,16,22,24;21,16,17,23,24;22,17,18,19,24;23,19,20,21,22
C46#84 25 1,5,4,3,2;0,2,7,6,5;1,0,3,8,7;2,0,4,10,9,8;3,0,5,12,11,10;4,0,1,6,13,12;5,1,7,15,14,13;6,1,2,8,16,15;7,2,3,9,17,16;8,3,10,18,17;9,3,4,11,18;10,4,12,19,18;11,4,5,13,20,19;12,5,6,14,20;13,6,15,21,20;14,6,7,16,22,21;15,7,8,17,22;16,8,9,18,23,22;17,9,10,11,19,23;18,11,12,20,24,23;19,12,13,14,21,24;20,14,15,22,24;21,15,16,17,23,24;22,17,18,19,24;23,19,20,21,22
C46#85 25 1,5,4,3,2;0,2,7,6,5;1,0,3,8,7;2,0,4,10,9,8;3,0,5,12,11,10;4,0,1,6,13,12;5,1,7,15,14,13;6,1,2,8,16,15;7,2,3,9,17,16;8,3,10,18,17;9,3,4,11,18;10,4,12,19,18;11,4,5,13,20,19;12,5,6,14,20;13,6,15,22,21,20;14,6,7,16,22;15,7,8,17,23,22;16,8,9,18,24,23;17,9,10,11,19,24;18,11,12,20,21,24;19,12,13,14,21;20,14,22,23,24,19;21,14,15,16,23;22,16,17,24,21;23,17,18,19,21
C46#86 25 1,5,4,3,2;0,2,7,6,5;1,0,3,8,7;2,0,4,10,9,8;3,0,5,12,11,10;4,0,1,6,13,12;5,1,7,15,14,13;6,1,2,8,16,15;7,2,3,9,17,16;8,3,10,18,17;9,3,4,11,18;10,4,12,19,18;11,4,5,13,20,19;12,5,6,14,20;13,6,15,22,21,20;14,6,7,16,23,22;15,7,8,17,23;16,8,9,18,24,23;17,9,10,11,19,24;18,11,12,20,21,24;19,12,13,14,21;20,14,22,24,19;21,14,15,23,24;22,15,16,17,24;23,17,18,19,21,22
C46#87 25 1,5,4,3,2;0,2,7,6,5;1,0,3,8,7;2,0,4,10,9,8;3,0,5,12,11,10;4,0,1,6,13,12;5,1,7,15,14,13;6,1,2,8,16,15;7,2,3,9,17,16;8,3,10,18,17;9,3,4,11,18;10,4,12,20,19,18;11,4,5,13,20;12,5,6,14,20;13,6,15,22,21,20;14,6,7,16,22;15,7,8,17,23,22;16,8,9,18,24,23;17,9,10,11,19,24;18,11,20,21,24;19,11,12,13,14,21;20,14,22,23,24,19;21,14,15,16,23;22,16,17,24,21;23,17,18,19,21
C46#88 25 1,5,4,3,2;0,2,7,6,5;1,0,3,8,7;2,0,4,10,9,8;3,0,5,12,11,10;4,0,1,6,13,12;5,1,7,15,14,13;6,1,2,8,16,15;7,2,3,9,17,16;8,3,10,18,17;9,3,4,11,18;10,4,12,20,19,18;11,4,5,13,20;12,5,6,14,21,20;13,6,15,22,21;14,6,7,16,22;15,7,8,17,23,22;16,8,9,18,19,23;17,9,10,11,19;18,11,20,24,23,17;19,11,12,13,21,24;20,13,14,22,24;21,14,15,16,23,24;22,16,17,19,24;23,19,20,21,22
C46#89 25 1,5,4,3,2;0,2,7,6,5;1,0,3,8,7;2,0,4,10,9,8;3,0,5,12,11,10;4,0,1,6,13,12;5,1,7,15,14,13;6,1,2,8,16,15;7,2,3,9,17,16;8,3,10,18,17;9,3,4,11,18;10,4,12,20,19,18;11,4,5,13,20;12,5,6,14,21,20;13,6,15,22,21;14,6,7,16,23,22;15,7,8,17,23;16,8,9,18,24,23;17,9,10,11,19,24;18,11,20,21,24;19,11,12,13,21;20,13,14,22,24,19;21,14,15,23,24;22,15,16,17,24;23,17,18,19,21,22
C46#90 25 1,5,4,3,2;0,2,7,6,5;1,0,3,8,7;2,0,4,10,9,8;3,0,5,12,11,10;4,0,1,6,13,12;5,1,7,15,14,13;6,1,2,8,16,15;7,2,3,9,17,16;8,3,10,18,17;9,3,4,11,18;10,4,12,20,19,18;11,4,5,13,21,20;12,5,6,14,21;13,6,15,22,21;14,6,7,16,22;15,7,8,17,23,22;16,8,9,18,19,23;17,9,10,11,19;18,11,20,24,23,17;19,11,12,21,24;20,12,13,14,22,24;21,14,15,16,23,24;22,16,17,19,24;23,19,20,21,22
C46#91 25 1,5,4,3,2;0,2,7,6,5;1,0,3,8,7;2,0,4,10,9,8;3,0,5,12,11,10;4,0,1,6,13,12;5,1,7,15,14,13;6,1,2,8,16,15;7,2,3,9,17,16;8,3,10,18,17;9,3,4,11,18;10,4,12,20,19,18;11,4,5,13,21,20;12,5,6,14,21;13,6,15,23,22,21;14,6,7,16,23;15,7,8,17,24,23;16,8,9,18,19,24;17,9,10,11,19;18,11,20,22,24,17;19,11,12,21,22;20,12,13,14,22;21,14,23,24,19,20;22,14,15,16,24;23,16,17,19,22
C46#92 25 1,5,4,3,2;0,2,7,6,5;1,0,3,8,7;2,0,4,10,9,8;3,0,5,12,11,10;4,0,1,6,13,12;5,1,7,15,14,13;6,1,2,8,16,15;7,2,3,9,17,16;8,3,10,18,17;9,3,4,11,19,18;10,4,12,20,19;11,4,5,13,20;12,5,6,14,21,20;13,6,15,22,21;14,6,7,16,22;15,7,8,17,23,22;16,8,9,18,23;17,9,10,19,23;18,10,11,20,24,23;19,11,12,13,21,24;20,13,14,22,24;21,14,15,16,23,24;22,16,17,18,19,24;23,19,20,21,22
C46#93 25 1,5,4,3,2;0,2,7,6,5;1,0,3,8,7;2,0,4,10,9,8;3,0,5,12,11,10;4,0,1,6,13,12;5,1,7,15,14,13;6,1,2,8,16,15;7,2,3,9,17,16;8,3,10,18,17;9,3,4,11,19,18;10,4,12,20,19;11,4,5,13,20;12,5,6,14,21,20;13,6,15,22,21;14,6,7,16,22;15,7,8,17,23,22;16,8,9,18,23;17,9,10,19,24,23;18,10,11,20,24;19,11,12,13,21,24;20,13,14,22,24;21,14,15,16,23,24;22,16,17,18,24;23,18,19,20,21,22
C46#94 25 1,5,4,3,2;0,2,7,6,5;1,0,3,8,7;2,0,4,10,9,8;3,0,5,12,11,10;4,0,1,6,13,12;5,1,7,15,14,13;6,1,2,8,16,15;7,2,3,9,17,16;8,3,10,18,17;9,3,4,11,19,18;10,4,12,20,19;11,4,5,13,20;12,5,6,14,21,20;13,6,15,22,21;14,6,7,16,23,22;15,7,8,17,23;16,8,9,18,23;17,9,10,19,24,23;18,10,11,20,24;19,11,12,13,21,24;20,13,14,22,24;21,14,15,23,24;22,15,16,17,18,24;23,18,19,20,21,22
C46#95 25 1,5,4,3,2;0,2,7,6,5;1,0,3,8,7;2,0,4,10,9,8;3,0,5,12,11,10;4,0,1,6,13,12;5,1,7,15,14,13;6,1,2,8,16,15;7,2,3,9,17,16;8,3,10,18,17;9,3,4,11,19,18;10,4,12,20,19;11,4,5,13,20;12,5,6,14,21,20;13,6,15,22,21;14,6,7,16,23,22;15,7,8,17,23;16,8,9,18,23;17,9,10,19,24,23;18,10,11,20,21,24;19,11,12,13,21;20,13,14,22,24,19;21,14,15,23,24;22,15,16,17,18,24;23,18,19,21,22
C46#96 25 1,5,4,3,2;0,2,7,6,5;1,0,3,9,8,7;2,0,4,10,9;3,0,5,12,11,10;4,0,1,6,13,12;5,1,7,14,13;6,1,2,8,15,14;7,2,9,16,15;8,2,3,10,16;9,3,4,11,17,16;10,4,12,19,18,17;11,4,5,13,20,19;12,5,6,14,21,20;13,6,7,15,22,21;14,7,8,16,23,22;15,8,9,10,17,23;16,10,11,18,23;17,11,19,24,23;18,11,12,20,24;19,12,13,21,24;20,13,14,22,24;21,14,15,23,24;22,15,16,17,18,24;23,18,19,20,21,22
C46#97 25 1,5,4,3,2;0,2,7,6,5;1,0,3,9,8,7;2,0,4,10,9;3,0,5,12,11,10;4,0,1,6,13,12;5,1,7,14,13;6,1,2,8,15,14;7,2,9,16,15;8,2,3,10,17,16;9,3,4,11,17;10,4,12,18,17;11,4,5,13,19,18;12,5,6,14,20,19;13,6,7,15,21,20;14,7,8,16,22,21;15,8,9,17,23,22;16,9,10,11,18,23;17,11,12,19,24,23;18,12,13,20,24;19,13,14,21,24;20,14,15,22,24;21,15,16,23,24;22,16,17,18,24;23,18,19,20,21,22
C46#98 25 1,5,4,3,2;0,2,7,6,5;1,0,3,9,8,7;2,0,4,10,9;3,0,5,12,11,10;4,0,1,6,13,12;5,1,7,14,13;6,1,2,8,15,14;7,2,9,16,15;8,2,3,10,17,16;9,3,4,11,17;10,4,12,19,18,17;11,4,5,13,19;12,5,6,14,20,19;13,6,7,15,21,20;14,7,8,16,22,21;15,8,9,17,23,22;16,9,10,11,18,23;17,11,19,24,23;18,11,12,13,20,24;19,13,14,21,24;20,14,15,22,24;21,15,16,23,24;22,16,17,18,24;23,18,19,20,21,22
C46#99 25 1,5,4,3,2;0,2,7,6,5;1,0,3,9,8,7;2,0,4,10,9;3,0,5,12,11,10;4,0,1,6,13,12;5,1,7,14,13;6,1,2,8,15,14;7,2,9,16,15;8,2,3,10,17,16;9,3,4,11,17;10,4,12,19,18,17;11,4,5,13,20,19;12,5,6,14,21,20;13,6,7,15,21;14,7,8,16,22,21;15,8,9,17,23,22;16,9,10,11,18,23;17,11,19,24,23;18,11,12,20,24;19,12,13,21,24;20,13,14,15,22,24;21,15,16,23,24;22,16,17,18,24;23,18,19,20,21,22
C46#100 25 1,5,4,3,2;0,2,7,6,5;1,0,3,9,8,7;2,0,4,10,9;3,0,5,12,11,10;4,0,1,6,13,12;5,1,7,14,13;6,1,2,8,15,14;7,2,9,16,15;8,2,3,10,17,16;9,3,4,11,17;10,4,12,19,18,17;11,4,5,13,20,19;12,5,6,14,21,20;13,6,7,15,22,21;14,7,8,16,22;15,8,9,17,23,22;16,9,10,11,18,23;17,11,19,24,23;18,11,12,20,24;19,12,13,21,24;20,13,14,22,24;21,14,15,16,23,24;22,16,17,18,24;23,18,19,20,21,22
C46#101 25 1,5,4,3,2;0,2,7,6,5;1,0,3,9,8,7;2,0,4,10,9;3,0,5,12,11,10;4,0,1,6,13,12;5,1,7,14,13;6,1,2,8,15,14;7,2,9,16,15;8,2,3,10,17,16;9,3,4,11,18,17;10,4,12,19,18;11,4,5,13,19;12,5,6,14,20,19;13,6,7,15,21,20;14,7,8,16,22,21;15,8,9,17,22;16,9,10,18,23,22;17,10,11,19,24,23;18,11,12,13,20,24;19,13,14,21,24;20,14,15,22,23,24;21,15,16,17,23;22,17,18,24,21;23,18,19,20,21
C46#102 25 1,5,4,3,2;0,2,7,6,5;1,0,3,9,8,7;2,0,4,10,9;3,0,5,12,11,10;4,0,1,6,13,12;5,1,7,14,13;6,1,2,8,15,14;7,2,9,16,15;8,2,3,10,17,16;9,3,4,11,18,17;10,4,12,19,18;11,4,5,13,19;12,5,6,14,20,19;13,6,7,15,21,20;14,7,8,16,22,21;15,8,9,17,23,22;16,9,10,18,23;17,10,11,19,24,23;18,11,12,13,20,24;19,13,14,21,24;20,14,15,22,24;21,15,16,23,24;22,16,17,18,24;23,18,19,20,21,22
C46#103 25 1,5,4,3,2;0,2,7,6,5;1,0,3,9,8,7;2,0,4,10,9;3,0,5,12,11,10;4,0,1,6,13,12;5,1,7,14,13;6,1,2,8,15,14;7,2,9,16,15;8,2,3,10,17,16;9,3,4,11,18,17;10,4,12,19,18;11,4,5,13,20,19;12,5,6,14,20;13,6,7,15,21,20;14,7,8,16,22,21;15,8,9,17,22;16,9,10,18,23,22;17,10,11,19,23;18,11,12,20,24,23;19,12,13,14,21,24;20,14,15,22,24;21,15,16,17,23,24;22,17,18,19,24;23,19,20,21,22
C46#104 25 1,5,4,3,2;0,2,7,6,5;1,0,3,9,8,7;2,0,4,10,9;3,0,5,12,11,10;4,0,1,6,13,12;5,1,7,14,13;6,1,2,8,15,14;7,2,9,16,15;8,2,3,10,17,16;9,3,4,11,18,17;10,4,12,19,18;11,4,5,13,20,19;12,5,6,14,20;13,6,7,15,21,20;14,7,8,16,22,21;15,8,9,17,22;16,9,10,18,23,22;17,10,11,19,24,23;18,11,12,20,24;19,12,13,14,21,24;20,14,15,22,23,24;21,15,16,17,23;22,17,18,24,21;23,18,19,20,21
C46#105 25 1,5,4,3,2;0,2,7,6,5;1,0,3,9,8,7;2,0,4,10,9;3,0,5,12,11,10;4,0,1,6,13,12;5,1,7,14,13;6,1,2,8,15,14;7,2,9,16,15;8,2,3,10,17,16;9,3,4,11,18,17;10,4,12,19,18;11,4,5,13,20,19;12,5,6,14,21,20;13,6,7,15,21;14,7,8,16,22,21;15,8,9,17,22;16,9,10,18,23,22;17,10,11,19,23;18,11,12,20,24,23;19,12,13,21,24;20,13,14,15,22,24;21,15,16,17,23,24;22,17,18,19,24;23,19,20,21,22
C46#106 25 1,5,4,3,2;0,2,7,6,5;1,0,3,9,8,7;2,0,4,10,9;3,0,5,12,11,10;4,0,1,6,13,12;5,1,7,14,13;6,1,2,8,15,14;7,2,9,16,15;8,2,3,10,17,16;9,3,4,11,18,17;10,4,12,19,18;11,4,5,13,20,19;12,5,6,14,21,20;13,6,7,15,21;14,7,8,16,22,21;15,8,9,17,23,22;16,9,10,18,23;17,10,11,19,23;18,11,12,20,24,23;19,12,13,21,24;20,13,14,15,22,24;21,15,16,23,24;22,16,17,18,19,24;23,19,20,21,22
C46#107 25 1,5,4,3,2;0,2,7,6,5;1,0,3,9,8,7;2,0,4,10,9;3,0,5,12,11,10;4,0,1,6,13,12;5,1,7,14,13;6,1,2,8,15,14;7,2,9,16,15;8,2,3,10,17,16;9,3,4,11,18,17;10,4,12,19,18;11,4,5,13,20,19;12,5,6,14,21,20;13,6,7,15,21;14,7,8,16,22,21;15,8,9,17,23,22;16,9,10,18,23;17,10,11,19,24,23;18,11,12,20,24;19,12,13,21,24;20,13,14,15,22,24;21,15,16,23,24;22,16,17,18,24;23,18,19,20,21,22
C46#108 25 1,5,4,3,2;0,2,7,6,5;1,0,3,9,8,7;2,0,4,10,9;3,0,5,12,11,10;4,0,1,6,13,12;5,1,7,14,13;6,1,2,8,15,14;7,2,9,16,15;8,2,3,10,17,16;9,3,4,11,18,17;10,4,12,19,18;11,4,5,13,20,19;12,5,6,14,21,20;13,6,7,15,22,21;14,7,8,16,22;15,8,9,17,23,22;16,9,10,18,23;17,10,11,19,24,23;18,11,12,20,24;19,12,13,21,24;20,13,14,22,24;21,14,15,16,23,24;22,16,17,18,24;23,18,19,20,21,22
C46#109 25 1,5,4,3,2;0,2,7,6,5;1,0,3,9,8,7;2,0,4,10,9;3,0,5,12,11,10;4,0,1,6,13,12;5,1,7,14,13;6,1,2,8,15,14;7,2,9,16,15;8,2,3,10,17,16;9,3,4,11,18,17;10,4,12,19,18;11,4,5,13,20,19;12,5,6,14,21,20;13,6,7,15,22,21;14,7,8,16,23,22;15,8,9,17,23;16,9,10,18,23;17,10,11,19,24,23;18,11,12,20,24;19,12,13,21,24;20,13,14,22,24;21,14,15,23,24;22,15,16,17,18,24;23,18,19,20,21,22
C46#110 25 1,5,4,3,2;0,2,7,6,5;1,0,3,9,8,7;2,0,4,10,9;3,0,5,12,11,10;4,0,1,6,13,12;5,1,7,14,13;6,1,2,8,15,14;7,2,9,16,15;8,2,3,10,17,16;9,3,4,11,18,17;10,4,12,20,19,18;11,4,5,13,20;12,5,6,14,21,20;13,6,7,15,22,21;14,7,8,16,23,22;15,8,9,17,23;16,9,10,18,23;17,10,11,19,24,23;18,11,20,21,24;19,11,12,13,21;20,13,14,22,24,19;21,14,15,23,24;22,15,16,17,18,24;23,18,19,21,22
C46#111 25 1,5,4,3,2;0,2,7,6,5;1,0,3,9,8,7;2,0,4,10,9;3,0,5,12,11,10;4,0,1,6,13,12;5,1,7,14,13;6,1,2,8,15,14;7,2,9,16,15;8,2,3,10,17,16;9,3,4,11,18,17;10,4,12,20,19,18;11,4,5,13,20;12,5,6,14,21,20;13,6,7,15,22,21;14,7,8,16,23,22;15,8,9,17,23;16,9,10,18,24,23;17,10,11,19,24;18,11,20,21,24;19,11,12,13,21;20,13,14,22,24,19;21,14,15,23,24;22,15,16,17,24;23,17,18,19,21,22
C46#112 25 1,5,4,3,2;0,2,7,6,5;1,0,3,9,8,7;2,0,4,10,9;3,0,5,12,11,10;4,0,1,6,13,12;5,1,7,14,13;6,1,2,8,15,14;7,2,9,17,16,15;8,2,3,10,17;9,3,4,11,18,17;10,4,12,19,18;11,4,5,13,20,19;12,5,6,14,21,20;13,6,7,15,21;14,7,8,16,22,21;15,8,17,24,23,22;16,8,9,10,18,24;17,10,11,19,24;18,11,12,20,23,24;19,12,13,21,22,23;20,13,14,15,22;21,15,16,23,20;22,16,24,19,20;23,16,17,18,19
C46#113 25 1,5,4,3,2;0,2,7,6,5;1,0,3,9,8,7;2,0,4,10,9;3,0,5,12,11,10;4,0,1,6,13,12;5,1,7,15,14,13;6,1,2,8,15;7,2,9,17,16,15;8,2,3,10,18,17;9,3,4,11,19,18;10,4,12,20,19;11,4,5,13,20;12,5,6,14,21,20;13,6,15,22,21;14,6,7,8,16,22;15,8,17,23,22;16,8,9,18,23;17,9,10,19,23;18,10,11,20,24,23;19,11,12,13,21,24;20,13,14,22,24;21,14,15,16,23,24;22,16,17,18,19,24;23,19,20,21,22
C46#114 25 1,5,4,3,2;0,2,7,6,5;1,0,3,9,8,7;2,0,4,10,9;3,0,5,12,11,10;4,0,1,6,13,12;5,1,7,15,14,13;6,1,2,8,15;7,2,9,17,16,15;8,2,3,10,18,17;9,3,4,11,19,18;10,4,12,20,19;11,4,5,13,21,20;12,5,6,14,21;13,6,15,23,22,21;14,6,7,8,16,23;15,8,17,24,23;16,8,9,18,24;17,9,10,19,24;18,10,11,20,22,24;19,11,12,21,22;20,12,13,14,22;21,14,23,24,19,20;22,14,15,16,24;23,16,17,18,19,22
C46#115 25 1,5,4,3,2;0,2,7,6,5;1,0,3,9,8,7;2,0,4,10,9;3,0,5,12,11,10;4,0,1,6,13,12;5,1,7,15,14,13;6,1,2,8,16,15;7,2,9,17,16;8,2,3,10,18,17;9,3,4,11,19,18;10,4,12,20,19;11,4,5,13,20;12,5,6,14,21,20;13,6,15,22,21;14,6,7,16,22;15,7,8,17,23,22;16,8,9,18,23;17,9,10,19,24,23;18,10,11,20,24;19,11,12,13,21,24;20,13,14,22,24;21,14,15,16,23,24;22,16,17,18,24;23,18,19,20,21,22
