rp2_s205_w0_t300 28 2,3,15,12,23;6,25,11,8,15,19,14;0,3,24,16,23;0,2,24,20,15;6,17,27,7,26,25;9,10,27,12,23,16;1,25,4,17,14;4,27,22,21,26;1,15,17,14,11;5,10,18,20,24,16;5,9,18,13,27;1,25,26,21,14,8;0,15,17,27,5,23;10,18,19,22,27;1,19,21,11,8,17,6;0,3,20,19,1,8,17,12;2,23,5,9,24;4,6,14,8,15,12,27;9,20,19,13,10;1,14,21,22,13,18,20,15;3,24,9,18,19,15;7,26,11,14,19,22;7,27,13,19,21;0,12,5,16,2;2,3,20,9,16;1,6,4,26,11;4,25,11,21,7;4,7,22,13,10,5,12,17 13
rp2_s205_w2_t-1 28 2,3,15,12,23;6,21,19,15,8;0,3,24,16,23;0,2,24,20,15;6,17,7,26,25;9,10,27,12,23,16;1,21,14,17,4,25,8;4,17,27,22,26;1,15,17,14,11,25,6;5,10,18,20,24,16;5,9,18,13,27;8,25,26,21,14;0,15,17,27,5,23;10,18,19,22,27;6,17,8,11,21;0,3,20,19,1,8,17,12;2,23,5,9,24;4,6,14,8,15,12,27,7;9,20,19,13,10;1,21,22,13,18,20,15;3,24,9,18,19,15;1,19,22,26,11,14,6;7,26,21,19,13,27;0,12,5,16,2;2,3,20,9,16;4,26,11,8,6;4,25,11,21,22,7;5,10,13,22,7,17,12 13
rp2_s205_w15_t-1 28 2,3,15,12,23;6,25,11,8,19,21,14;0,3,24,16,23;0,2,24,20,15;6,17,7,21,26,25;9,10,27,12,23,16;1,25,4,17,8,14;4,17,27,22,21;1,19,15,17,6,14,11;5,10,18,20,24,16;5,9,18,13,27;1,25,26,14,8;0,15,17,27,5,23;10,18,19,22,27;1,21,26,11,8,6;0,3,20,19,8,17,12;2,23,5,9,24;4,6,8,15,12,27,7;9,20,19,13,10;1,21,22,13,18,20,15,8;3,24,9,18,19,15;1,19,22,7,4,26,14;7,27,13,19,21;0,12,5,16,2;2,3,20,9,16;1,6,4,26,11;4,25,11,14,21;5,10,13,22,7,17,12 13
rp2_s205_w26_t-1 28 2,3,15,12,23;6,25,11,19,21,14,8;0,3,24,16,23;0,2,24,20,15;6,17,7,21,26,25;9,10,27,12,23,16;1,25,4,17,8;4,17,27,22,21;1,14,11,15,17,6;5,10,18,20,24,16;5,9,18,13,27;1,25,26,14,8,15,19;0,15,17,27,5,23;10,18,19,22,27;1,21,26,11,8;0,3,20,19,11,8,17,12;2,23,5,9,24;4,6,8,15,12,27,7;9,20,19,13,10;1,21,22,13,18,20,15,11;3,24,9,18,19,15;1,19,22,7,4,26,14;7,27,13,19,21;0,12,5,16,2;2,3,20,9,16;1,6,4,26,11;4,25,11,14,21;5,10,13,22,7,17,12 13
rp2_s205_w33_t-1 28 2,3,15,12,23;6,25,11,8,15,19,14;0,3,24,16,23;0,2,24,20,15;7,27,17,25,26;9,10,27,12,23,16;1,25,17,8,14;4,27,22,21,26;1,15,17,6,14,11;5,10,18,20,24,16;5,9,18,13,27;1,25,26,21,14,8;0,15,17,27,5,23;10,18,19,22,27;1,6,8,11,21,19;0,3,20,19,1,8,17,12;2,23,5,9,24;4,25,6,8,15,12,27;9,20,19,13,10;1,15,20,18,13,22,21,14;3,24,9,18,19,15;7,26,11,14,19,22;7,27,13,19,21;0,12,5,16,2;2,3,20,9,16;1,6,17,4,26,11;4,25,11,21,7;4,7,22,13,10,5,12,17 13
rp2_s203_w16_t114 30 2,4,5,19,8;3,20,11,13,6;0,4,7,16,8;1,20,26,21,6;0,2,7,13,6,5;0,19,18,23,16,9,6,4;1,13,4,5,9,12,17,21,3;2,4,13,23,16;0,2,16,9,25,27,29,26,19;5,6,12,14,25,8,16;14,25,27,22,28;1,20,18,23,13;6,9,14,28,24,17;1,6,4,7,23,11;9,12,28,10,25;17,24,29,26,21;2,8,9,5,23,7;6,12,24,15,21;5,19,26,20,11,23;0,5,18,26,8;1,3,26,18,11;3,26,15,17,6;10,27,29,24,28;5,18,11,13,7,16;12,28,22,29,15,17;8,9,14,10,27;3,21,15,29,8,19,18,20;8,25,10,22,29;10,22,24,12,14;8,27,22,24,15,26 21
rp2_s203_w16_t134 30 2,4,5,19,8;3,20,11,13,6;0,4,7,16,8;1,20,26,21,6;0,2,7,13,6,5;0,19,18,23,16,9,6,4;1,13,4,5,9,12,17,21,3;2,4,13,11,23,16;0,2,16,9,25,27,29,26,19;5,6,12,14,25,8,16;14,25,27,22,28;1,20,18,23,7,13;6,9,14,28,24,17;1,6,4,7,11;9,12,28,10,25;17,24,29,26,21;2,8,9,5,23,7;6,12,24,15,21;5,19,26,20,11,23;0,5,18,26,8;1,3,26,18,11;3,26,15,17,6;10,27,29,24,28;5,18,11,7,16;12,28,22,29,15,17;8,9,14,10,27;3,21,15,29,8,19,18,20;8,25,10,22,29;10,22,24,12,14;8,27,22,24,15,26 21
C30#0 17 1,5,4,3,2;0,2,7,6,5;1,0,3,8,7;2,0,4,9,8;3,0,5,10,9;4,0,1,6,10;5,1,7,12,11,10;6,1,2,8,13,12;7,2,3,9,14,13;8,3,4,10,15,14;9,4,5,6,11,15;10,6,12,16,15;11,6,7,13,16;12,7,8,14,16;13,8,9,15,16;14,9,10,11,16;15,11,12,13,14 0
p30.r10#1252 30 1,2,3,4,5;0,5,6,7,8,2;0,1,8,9,3;0,2,9,10,11,12,13,4;0,3,13,14,5;0,4,14,15,6,1;1,5,15,16,17,7;1,6,17,18,19,20,8;1,7,20,21,9,2;2,8,21,10,3;3,9,21,22,11;3,10,22,23,12;3,11,23,24,13;3,12,24,14,4;4,13,24,25,15,5;5,14,25,16,6;6,15,25,26,27,17;6,16,27,18,7;7,17,27,28,19;7,18,28,29,20;7,19,29,21,8;8,20,29,22,10,9;10,21,29,28,23,11;11,22,28,26,24,12;12,23,26,25,14,13;14,24,26,16,15;16,25,24,23,28,27;16,26,28,18,17;18,27,26,23,22,29,19;19,28,22,21,20 19
p31.r1#7302 31 1,2,3,4,5,6;0,6,7,8,9,10,2;0,1,10,11,3;0,2,11,12,13,14,4;0,3,14,15,5;0,4,15,16,17,18,6;0,5,18,7,1;1,6,18,19,8;1,7,19,20,21,9;1,8,21,22,10;1,9,22,11,2;2,10,22,12,3;3,11,22,23,13;3,12,23,24,14;3,13,24,15,4;4,14,24,16,5;5,15,24,25,17;5,16,25,26,19,18;5,17,19,7,6;7,18,17,26,20,8;8,19,26,27,21;8,20,27,28,29,22,9;9,21,29,23,12,11,10;12,22,29,30,24,13;13,23,30,25,16,15,14;16,24,30,28,27,26,17;17,25,27,20,19;20,26,25,28,21;21,27,25,30,29;21,28,30,23,22;23,29,28,25,24 27
p31.r13#292235 31 1,2,3,4,5,6;0,6,7,8,2;0,1,8,9,10,3;0,2,10,11,4;0,3,11,12,13,5;0,4,13,14,6;0,5,14,15,7,1;1,6,15,16,17,8;1,7,17,18,19,9,2;2,8,19,20,21,10;2,9,21,11,3;3,10,21,12,4;4,11,21,22,23,24,25,13;4,12,25,14,5;5,13,25,15,6;6,14,25,26,16,7;7,15,26,27,17;7,16,27,28,18,8;8,17,28,29,19;8,18,29,20,9;9,19,29,22,21;9,20,22,12,11,10;12,21,20,29,23;12,22,29,30,24;12,23,30,27,26,25;12,24,26,15,14,13;15,25,24,27,16;16,26,24,30,28,17;17,27,30,29,18;18,28,30,23,22,20,19;23,29,28,27,24 3
