search_m3_r1_R6 33 1,2,3,4,5,6,7;0,7,8,9,10,2;0,1,10,11,3;0,2,11,12,13,4;0,3,13,14,15,5;0,4,15,16,6;0,5,16,17,7;0,6,17,8,1;1,7,17,18,9;1,8,18,19,20,21,10;1,9,21,11,2;2,10,21,12,3;3,11,21,22,23,32,24,13;3,12,24,14,4;4,13,24,25,15;4,14,25,26,27,16,5;5,15,27,17,6;6,16,27,28,18,8,7;8,17,28,19,9;9,18,28,29,20;9,19,29,22,21;9,20,22,12,11,10;12,21,20,29,23;12,22,29,30,25,24,32;12,32,23,25,14,13;14,24,23,30,26,15;15,25,30,31,27;15,26,31,28,17,16;17,27,31,29,19,18;19,28,31,30,23,22,20;23,29,31,26,25;26,30,29,28,27;12,23,24
search_m3_r2_R6 33 1,2,3,4,5,6,7;0,7,8,9,10,2;0,1,10,11,3;0,2,11,12,13,4;0,3,13,14,15,5;0,4,15,16,6;0,5,16,17,7;0,6,17,8,1;1,7,17,18,9;1,8,18,19,20,21,10;1,9,21,11,2;2,10,21,12,3;3,11,21,22,23,24,13;3,12,24,14,4;4,13,24,25,15;4,14,25,26,27,16,5;5,15,27,17,6;6,16,27,28,18,8,7;8,17,28,19,9;9,18,28,29,20;9,19,29,32,22,21;9,20,22,12,11,10;12,21,20,32,29,23;12,22,29,30,25,24;12,23,25,14,13;14,24,23,30,26,15;15,25,30,31,27;15,26,31,28,17,16;17,27,31,29,19,18;19,28,31,30,23,22,32,20;23,29,31,26,25;26,30,29,28,27;20,29,22
search_m3_r3_R6 33 1,2,3,4,5,6,7,32;0,32,7,8,9,10,2;0,1,10,11,3;0,2,11,12,13,4;0,3,13,14,15,5;0,4,15,16,6;0,5,16,17,7;0,6,17,8,1,32;1,7,17,18,9;1,8,18,19,20,21,10;1,9,21,11,2;2,10,21,12,3;3,11,21,22,23,24,13;3,12,24,14,4;4,13,24,25,15;4,14,25,26,27,16,5;5,15,27,17,6;6,16,27,28,18,8,7;8,17,28,19,9;9,18,28,29,20;9,19,29,22,21;9,20,22,12,11,10;12,21,20,29,23;12,22,29,30,25,24;12,23,25,14,13;14,24,23,30,26,15;15,25,30,31,27;15,26,31,28,17,16;17,27,31,29,19,18;19,28,31,30,23,22,20;23,29,31,26,25;26,30,29,28,27;0,7,1
search_m3_r6_R6 32 1,2,3,4,5,6,7;0,7,8,9,10,2;0,1,10,11,3;0,2,11,12,13,4;0,3,13,14,15,5;0,4,15,16,6;0,5,16,17,7;0,6,17,8,1;1,7,17,18,9;1,8,18,19,20,21,10;1,9,21,11,2;2,10,21,12,3;3,11,21,22,23,24,13;3,12,24,14,4;4,13,24,25,15;4,14,25,26,27,16,5;5,15,27,17,6;6,16,27,28,18,8,7;8,17,28,19,9;9,18,28,29,20;9,19,29,22,21;9,20,22,12,11,10;12,21,20,29,23;12,22,29,30,25,24;12,23,25,14,13;14,24,23,30,26,15;15,25,30,31,27;15,26,31,28,17,16;17,27,31,29,19,18;19,28,31,30,23,22,20;23,29,31,26,25;26,30,29,28,27
search_m3_r7_R6 33 1,2,3,4,5,6,7;0,7,8,9,10,2;0,1,10,11,3;0,2,11,12,13,4;0,3,13,14,15,5;0,4,15,16,6;0,5,16,17,7;0,6,17,8,1;1,7,17,18,9;1,8,18,19,20,21,10;1,9,21,11,2;2,10,21,12,3;3,11,21,22,23,24,13;3,12,24,14,4;4,13,24,25,15;4,14,25,26,27,16,5;5,15,27,17,6;6,16,27,28,18,8,7;8,17,28,19,9;9,18,28,29,20;9,19,29,22,32,21;9,20,32,22,12,11,10;12,21,32,20,29,23;12,22,29,30,25,24;12,23,25,14,13;14,24,23,30,26,15;15,25,30,31,27;15,26,31,28,17,16;17,27,31,29,19,18;19,28,31,30,23,22,20;23,29,31,26,25;26,30,29,28,27;20,22,21
search_m3_r10_R6 34 1,2,3,4,5,6,7;0,7,33,8,9,10,2;0,1,10,11,3;0,2,11,12,13,4;0,3,13,14,15,5;0,4,15,16,6;0,5,16,17,7;0,6,17,8,33,1;1,33,7,17,18,9;1,8,18,19,20,21,10;1,9,21,11,2;2,10,21,12,3;3,11,21,22,23,24,32,13;3,12,32,24,14,4;4,13,24,25,15;4,14,25,26,27,16,5;5,15,27,17,6;6,16,27,28,18,8,7;8,17,28,19,9;9,18,28,29,20;9,19,29,22,21;9,20,22,12,11,10;12,21,20,29,23;12,22,29,30,25,24;12,23,25,14,13,32;14,24,23,30,26,15;15,25,30,31,27;15,26,31,28,17,16;17,27,31,29,19,18;19,28,31,30,23,22,20;23,29,31,26,25;26,30,29,28,27;12,24,13;1,7,8
search_m3_r11_R6 32 1,2,3,4,5,6,7;0,7,8,9,10,2;0,1,10,11,3;0,2,11,12,13,4;0,3,13,14,15,5;0,4,15,16,6;0,5,16,17,7;0,6,17,8,1;1,7,17,18,9;1,8,18,19,20,21,10;1,9,21,11,2;2,10,21,12,3;3,11,21,22,23,24,13;3,12,24,14,4;4,13,24,25,15;4,14,25,26,27,16,5;5,15,27,17,6;6,16,27,28,18,8,7;8,17,28,19,9;9,18,28,29,20;9,19,29,22,21;9,20,22,12,11,10;12,21,20,29,23;12,22,29,30,25,24;12,23,25,14,13;14,24,23,30,26,15;15,25,30,31,27;15,26,31,28,17,16;17,27,31,29,19,18;19,28,31,30,23,22,20;23,29,31,26,25;26,30,29,28,27
search_m3_r13_R6 33 1,2,3,4,5,6,7;0,7,8,9,10,2;0,1,10,11,3;0,2,11,12,13,4;0,3,13,14,15,5;0,4,15,16,6;0,5,16,17,7;0,6,17,8,1;1,7,17,18,9;1,8,18,19,20,32,21,10;1,9,21,11,2;2,10,21,12,3;3,11,21,22,23,24,13;3,12,24,14,4;4,13,24,25,15;4,14,25,26,27,16,5;5,15,27,17,6;6,16,27,28,18,8,7;8,17,28,19,9;9,18,28,29,20;9,19,29,22,21,32;9,32,20,22,12,11,10;12,21,20,29,23;12,22,29,30,25,24;12,23,25,14,13;14,24,23,30,26,15;15,25,30,31,27;15,26,31,28,17,16;17,27,31,29,19,18;19,28,31,30,23,22,20;23,29,31,26,25;26,30,29,28,27;9,20,21
search_m3_r14_R6 32 1,2,3,4,5,6,7;0,7,8,9,10,2;0,1,10,11,3;0,2,11,12,13,4;0,3,13,14,15,5;0,4,15,16,6;0,5,16,17,7;0,6,17,8,1;1,7,17,18,9;1,8,18,19,20,21,10;1,9,21,11,2;2,10,21,12,3;3,11,21,22,23,24,13;3,12,24,14,4;4,13,24,25,15;4,14,25,26,27,16,5;5,15,27,17,6;6,16,27,28,18,8,7;8,17,28,19,9;9,18,28,29,20;9,19,29,22,21;9,20,22,12,11,10;12,21,20,29,23;12,22,29,30,25,24;12,23,25,14,13;14,24,23,30,26,15;15,25,30,31,27;15,26,31,28,17,16;17,27,31,29,19,18;19,28,31,30,23,22,20;23,29,31,26,25;26,30,29,28,27
search_m3_r15_R6 33 1,2,3,4,5,6,7;0,7,8,9,10,2;0,1,10,11,3;0,2,11,12,13,4;0,3,13,14,15,5;0,4,15,16,6;0,5,16,17,7;0,6,17,8,1;1,7,17,18,9;1,8,18,19,20,21,10;1,9,21,11,2;2,10,21,12,3;3,11,21,22,23,24,13;3,12,24,14,4;4,13,24,32,25,15;4,14,25,26,27,16,5;5,15,27,17,6;6,16,27,28,18,8,7;8,17,28,19,9;9,18,28,29,20;9,19,29,22,21;9,20,22,12,11,10;12,21,20,29,23;12,22,29,30,25,24;12,23,25,32,14,13;14,32,24,23,30,26,15;15,25,30,31,27;15,26,31,28,17,16;17,27,31,29,19,18;19,28,31,30,23,22,20;23,29,31,26,25;26,30,29,28,27;14,24,25
search_m3_r19_R6 33 1,2,3,4,5,6,7;0,7,8,9,10,2;0,1,10,11,3;0,2,11,12,13,4;0,3,13,14,15,5;0,4,15,16,6;0,5,16,17,7;0,6,17,8,1;1,7,17,18,9;1,8,18,19,32,20,21,10;1,9,21,11,2;2,10,21,12,3;3,11,21,22,23,24,13;3,12,24,14,4;4,13,24,25,15;4,14,25,26,27,16,5;5,15,27,17,6;6,16,27,28,18,8,7;8,17,28,19,9;9,18,28,29,20,32;9,32,19,29,22,21;9,20,22,12,11,10;12,21,20,29,23;12,22,29,30,25,24;12,23,25,14,13;14,24,23,30,26,15;15,25,30,31,27;15,26,31,28,17,16;17,27,31,29,19,18;19,28,31,30,23,22,20;23,29,31,26,25;26,30,29,28,27;9,19,20
search_m3_r22_R6 34 1,2,3,4,5,6,7;0,7,8,9,10,33,2;0,1,33,10,11,3;0,2,11,12,13,4;0,3,13,14,15,5;0,4,15,16,6;0,5,16,17,7;0,6,17,8,1;1,7,17,18,9;1,8,18,32,19,20,21,10;1,9,21,11,2,33;2,10,21,12,3;3,11,21,22,23,24,13;3,12,24,14,4;4,13,24,25,15;4,14,25,26,27,16,5;5,15,27,17,6;6,16,27,28,18,8,7;8,17,28,19,32,9;9,32,18,28,29,20;9,19,29,22,21;9,20,22,12,11,10;12,21,20,29,23;12,22,29,30,25,24;12,23,25,14,13;14,24,23,30,26,15;15,25,30,31,27;15,26,31,28,17,16;17,27,31,29,19,18;19,28,31,30,23,22,20;23,29,31,26,25;26,30,29,28,27;9,18,19;1,10,2
