deg-6 periods 552  Lemma Fix consistency (fixed <-> own-pair rank 0) at pos 4,6,8: {(True, True, True): 552}
W2* (rank34@4 + rank23@8 >= 1): {True: 552}
rank of {3,4} (F4 pair) at pos 4,5,6,7,8 (capped 3):
    178 (1, 0, 0, 1, 0)
    116 (1, 0, 0, 1, 1)
    37 (2, 1, 1, 1, 0)
    22 (1, 1, 1, 1, 0)
    21 (1, 0, 0, 2, 1)
    16 (1, 0, 0, 2, 0)
    15 (0, 0, 0, 2, 1)
    15 (0, 0, 0, 1, 1)
    13 (1, 0, 0, 1, 2)
    12 (2, 0, 0, 1, 0)
    11 (1, 0, 0, 0, 0)
    11 (0, 0, 0, 1, 0)
    10 (1, 0, 0, 2, 2)
    10 (2, 0, 0, 1, 1)
    10 (0, 0, 0, 2, 2)
    8 (1, 1, 1, 2, 2)
    7 (2, 1, 1, 1, 1)
    7 (0, 0, 0, 1, 2)
    6 (1, 1, 1, 1, 1)
    4 (2, 2, 2, 3, 2)
    3 (2, 1, 1, 2, 0)
    2 (1, 1, 1, 1, 2)
    2 (3, 1, 1, 1, 0)
    2 (1, 1, 1, 0, 0)
    2 (3, 1, 1, 2, 1)
    2 (0, 1, 1, 2, 2)
    2 (1, 1, 1, 2, 1)
    2 (3, 2, 2, 2, 0)
    2 (2, 2, 2, 2, 1)
    1 (2, 1, 1, 0, 0)
    1 (3, 1, 1, 1, 1)
    1 (1, 1, 1, 0, 1)
    1 (2, 0, 0, 0, 0)
rank of {2,4} (F6 pair) at pos 4,5,6,7,8 (capped 3):
    116 (1, 1, 1, 0, 0)
    116 (0, 0, 1, 1, 1)
    112 (0, 0, 1, 0, 0)
    46 (1, 1, 1, 1, 1)
    39 (1, 1, 0, 0, 0)
    39 (0, 0, 0, 1, 1)
    20 (0, 0, 0, 0, 0)
    13 (2, 2, 1, 0, 0)
    13 (0, 0, 1, 2, 2)
    12 (1, 1, 2, 1, 1)
    8 (1, 1, 2, 0, 0)
    8 (0, 0, 2, 1, 1)
    4 (2, 2, 2, 2, 2)
    2 (2, 2, 2, 1, 1)
    2 (1, 1, 2, 2, 2)
    1 (2, 2, 0, 0, 0)
    1 (0, 0, 0, 2, 2)
rank of {2,3} (F8 pair) at pos 4,5,6,7,8 (capped 3):
    178 (0, 1, 0, 0, 1)
    116 (1, 1, 0, 0, 1)
    37 (0, 1, 1, 1, 2)
    22 (0, 1, 1, 1, 1)
    21 (1, 2, 0, 0, 1)
    16 (0, 2, 0, 0, 1)
    15 (1, 1, 0, 0, 0)
    15 (1, 2, 0, 0, 0)
    13 (2, 1, 0, 0, 1)
    12 (0, 1, 0, 0, 2)
    11 (0, 0, 0, 0, 1)
    11 (0, 1, 0, 0, 0)
    10 (2, 2, 0, 0, 1)
    10 (1, 1, 0, 0, 2)
    10 (2, 2, 0, 0, 0)
    8 (2, 2, 1, 1, 1)
    7 (1, 1, 1, 1, 2)
    7 (2, 1, 0, 0, 0)
    6 (1, 1, 1, 1, 1)
    4 (2, 3, 2, 2, 2)
    3 (0, 2, 1, 1, 2)
    2 (0, 1, 1, 1, 3)
    2 (2, 1, 1, 1, 1)
    2 (0, 0, 1, 1, 1)
    2 (0, 2, 2, 2, 3)
    2 (1, 2, 2, 2, 2)
    2 (1, 2, 1, 1, 3)
    2 (2, 2, 1, 1, 0)
    2 (1, 2, 1, 1, 1)
    1 (0, 0, 1, 1, 2)
    1 (1, 1, 1, 1, 3)
    1 (1, 0, 1, 1, 1)
    1 (0, 0, 0, 0, 2)
sum of the three ranks at pos 4..8:
    70 (1, 1, 1, 1, 1)
    28 (4, 3, 2, 1, 1)
    28 (1, 1, 2, 3, 4)
    28 (3, 2, 1, 2, 3)
    20 (1, 1, 1, 2, 2)
    20 (2, 2, 1, 1, 1)
    16 (2, 2, 2, 2, 2)
    9 (1, 1, 1, 2, 3)
    9 (3, 2, 1, 1, 1)
    8 (2, 1, 0, 1, 2)
    8 (3, 2, 2, 2, 3)
    8 (1, 2, 2, 1, 1)
    8 (4, 3, 0, 1, 0)
    8 (0, 1, 0, 3, 4)
    8 (1, 1, 2, 2, 1)
traces at fixed points:
    22 ('F4: {2,3} ranks pos4..8', (0, 1, 0, 0, 1))
    5 ('F4: {2,3} ranks pos4..8', (0, 1, 0, 0, 2))
    6 ('F4: {2,3} ranks pos4..8', (0, 1, 1, 1, 1))
    6 ('F4: {2,3} ranks pos4..8', (0, 2, 0, 0, 1))
    2 ('F4: {2,3} ranks pos4..8', (0, 2, 2, 2, 3))
    10 ('F4: {2,3} ranks pos4..8', (1, 1, 0, 0, 1))
    2 ('F4: {2,3} ranks pos4..8', (1, 1, 0, 0, 2))
    1 ('F4: {2,3} ranks pos4..8', (1, 1, 1, 1, 2))
    1 ('F4: {2,3} ranks pos4..8', (1, 1, 1, 1, 3))
    2 ('F4: {2,3} ranks pos4..8', (1, 2, 0, 0, 1))
    2 ('F4: {2,3} ranks pos4..8', (1, 2, 1, 1, 3))
    1 ('F4: {2,3} ranks pos4..8', (2, 1, 0, 0, 1))
    22 ('F8: {3,4} ranks pos4..8', (1, 0, 0, 1, 0))
    10 ('F8: {3,4} ranks pos4..8', (1, 0, 0, 1, 1))
    1 ('F8: {3,4} ranks pos4..8', (1, 0, 0, 1, 2))
    6 ('F8: {3,4} ranks pos4..8', (1, 0, 0, 2, 0))
    2 ('F8: {3,4} ranks pos4..8', (1, 0, 0, 2, 1))
    6 ('F8: {3,4} ranks pos4..8', (1, 1, 1, 1, 0))
    5 ('F8: {3,4} ranks pos4..8', (2, 0, 0, 1, 0))
    2 ('F8: {3,4} ranks pos4..8', (2, 0, 0, 1, 1))
    1 ('F8: {3,4} ranks pos4..8', (2, 1, 1, 1, 1))
    1 ('F8: {3,4} ranks pos4..8', (3, 1, 1, 1, 1))
    2 ('F8: {3,4} ranks pos4..8', (3, 1, 1, 2, 1))
    2 ('F8: {3,4} ranks pos4..8', (3, 2, 2, 2, 0))
