torus_c34_w11_t947 32 4,23,12,31,14,25,26,29;2,6,9,13,22,21,8;1,6,26,29,7,8;5,23,12,13,30,28;0,23,24,27,29;3,23,11,15,28;1,2,26,25,27,29,9;2,29,9,31,14,20,8;1,21,20,7,2;1,6,29,7,31,13;14,25,27,18,16,19,20;5,23,24,18,16,15;0,31,13,3,23;1,9,31,12,3,30,22;0,25,10,20,7,31;5,11,16,17,28;10,18,11,15,17,22,19;15,16,22,30,28;10,27,24,11,16;10,16,22,21,20;7,8,21,19,10,14;1,8,20,19,22;1,21,19,16,17,30,13;0,4,24,11,5,3,12;4,23,11,18,27;0,14,10,27,6,26;0,25,6,2,29;4,24,18,10,25,6,29;3,30,17,15,5;0,4,27,6,9,7,2,26;3,13,22,17,28;0,12,13,9,7,14
torus_c34_w11_t964 32 4,23,12,31,14,25,26,29;6,8,21,22,13,9;6,8,7,29,26;5,23,12,13,30,28;0,23,24,27,29;3,23,11,15,28;1,8,2,26,25,27,29,9;2,29,9,31,14,20,8;1,6,2,7,20,21;1,6,29,7,31,13;14,25,27,18,16,19,20;5,23,24,18,16,15;0,31,13,3,23;1,9,31,12,3,30,22;0,25,10,20,7,31;5,11,16,17,28;10,18,11,15,17,22,19;15,16,22,30,28;10,27,24,11,16;10,16,22,21,20;7,8,21,19,10,14;1,8,20,19,22;1,21,19,16,17,30,13;0,4,24,11,5,3,12;4,23,11,18,27;0,14,10,27,6,26;0,25,6,2,29;4,24,18,10,25,6,29;3,30,17,15,5;0,4,27,6,9,7,2,26;3,13,22,17,28;0,12,13,9,7,14
torus_c34_w11_t1029 32 4,23,12,31,14,25,26,29;2,6,9,13,22,21,8;1,6,26,7,8;5,23,12,13,30,28;0,23,24,27,29;3,23,11,15,28;1,2,26,25,27,29,9;2,26,29,9,31,14,20,8;1,21,20,7,2;1,6,29,7,31,13;14,25,27,18,16,19,20;5,23,24,18,16,15;0,31,13,3,23;1,9,31,12,3,30,22;0,25,10,20,7,31;5,11,16,17,28;10,18,11,15,17,22,19;15,16,22,30,28;10,27,24,11,16;10,16,22,21,20;7,8,21,19,10,14;1,8,20,19,22;1,21,19,16,17,30,13;0,4,24,11,5,3,12;4,23,11,18,27;0,14,10,27,6,26;0,25,6,2,7,29;4,24,18,10,25,6,29;3,30,17,15,5;0,4,27,6,9,7,26;3,13,22,17,28;0,12,13,9,7,14
torus_c34_w11_t1083 32 4,23,12,31,14,25,26,29;2,9,13,22,21,8;1,9,6,26,29,7,8;5,23,12,13,30,28;0,23,24,27,29;3,23,11,15,28;2,9,29,27,25,26;2,29,9,31,14,20,8;1,21,20,7,2;1,2,6,29,7,31,13;14,25,27,18,16,19,20;5,23,24,18,16,15;0,31,13,3,23;1,9,31,12,3,30,22;0,25,10,20,7,31;5,11,16,17,28;10,18,11,15,17,22,19;15,16,22,30,28;10,27,24,11,16;10,16,22,21,20;7,8,21,19,10,14;1,8,20,19,22;1,21,19,16,17,30,13;0,4,24,11,5,3,12;4,23,11,18,27;0,14,10,27,6,26;0,25,6,2,29;4,24,18,10,25,6,29;3,30,17,15,5;0,4,27,6,9,7,2,26;3,13,22,17,28;0,12,13,9,7,14
torus_c34_w11_t1129 32 4,23,12,31,14,25,26,29;2,9,13,22,21,8;1,9,6,26,7,8;5,23,12,13,30,28;0,23,24,27,29;3,23,11,15,28;2,9,29,27,25,26;2,26,29,9,31,14,20,8;1,21,20,7,2;1,2,6,29,7,31,13;14,25,27,18,16,19,20;5,23,24,18,16,15;0,31,13,3,23;1,9,31,12,3,30,22;0,25,10,20,7,31;5,11,16,17,28;10,18,11,15,17,22,19;15,16,22,30,28;10,27,24,11,16;10,16,22,21,20;7,8,21,19,10,14;1,8,20,19,22;1,21,19,16,17,30,13;0,4,24,11,5,3,12;4,23,11,18,27;0,14,10,27,6,26;0,25,6,2,7,29;4,24,18,10,25,6,29;3,30,17,15,5;0,4,27,6,9,7,26;3,13,22,17,28;0,12,13,9,7,14
torus_c34_w17_t416 24 3,6,5,9,4,22;2,11,23,20,17;1,11,22,3,17;0,6,23,19,17,2,22;0,9,8,7,22;0,6,15,10,9;0,5,15,16,11,23,3;4,8,14,12,22;4,9,13,14,7;0,4,8,13,10,5;5,9,13,18,15;1,2,22,12,21,16,6,23;7,14,19,17,21,11,22;8,9,10,18,19,14;7,12,19,13,8;5,6,16,18,10;6,15,18,19,20,21,11;1,2,3,19,12,21,20;10,13,19,16,15;3,17,12,14,13,18,16,20,23;1,17,21,16,19,23;11,12,17,20,16;0,4,7,12,11,2,3;1,11,6,3,19,20
torus_c34_w17_t417 24 3,6,5,9,4,22;2,11,23,20,17;1,11,22,3,17;0,6,23,19,12,17,2,22;0,9,8,7,22;0,6,15,10,9;0,5,15,16,11,23,3;4,8,14,12,22;4,9,13,14,7;0,4,8,13,10,5;5,9,13,18,15;1,2,22,12,21,16,6,23;3,17,21,11,22,7,14,19;8,9,10,18,19,14;7,12,19,13,8;5,6,16,18,10;6,15,18,19,20,21,11;1,2,3,12,21,20;10,13,19,16,15;3,12,14,13,18,16,20,23;1,17,21,16,19,23;11,12,17,20,16;0,4,7,12,11,2,3;1,11,6,3,19,20
torus_c34_w38_t1267 29 1,7,28,5,20;0,7,22,4,20;3,8,14,27,22,17;2,8,10,26,17;1,20,9,8,10,24,15,22;0,28,16,23,10,26,9,20;11,12,21,28,16;0,1,22,21,28;2,3,10,4,9,14;4,8,14,26,5,20;3,8,4,24,13,25,18,23,5,26;6,12,18,23,16;6,21,25,18,11;10,25,22,27,19,24;2,8,9,26,17,22,15,19,27;4,22,14,19,24;5,23,11,6,28;2,3,26,14,22;10,25,12,11,23;13,24,15,14,27;0,5,9,4,1;6,28,7,22,25,12;1,7,21,25,13,27,2,17,14,15,4;5,16,11,18,10;4,10,13,19,15;10,13,22,21,12,18;3,10,5,9,14,17;2,22,13,19,14;0,5,16,6,21,7
torus_c34_w38_t1275 29 1,7,28,5,20;0,7,22,4,20;3,8,14,27,22,17;2,8,10,26,17;1,20,9,8,24,15,22;0,28,16,23,10,26,9,20;11,12,21,28,16;0,1,22,21,28;2,3,10,24,4,9,14;4,8,14,26,5,20;3,8,24,13,25,18,23,5,26;6,12,18,23,16;6,21,25,18,11;10,25,22,27,19,24;2,8,9,26,17,22,15,19,27;4,22,14,19,24;5,23,11,6,28;2,3,26,14,22;10,25,12,11,23;13,24,15,14,27;0,5,9,4,1;6,28,7,22,25,12;1,7,21,25,13,27,2,17,14,15,4;5,16,11,18,10;4,8,10,13,19,15;10,13,22,21,12,18;3,10,5,9,14,17;2,22,13,19,14;0,5,16,6,21,7
torus_c34_w38_t1289 29 1,7,28,5,20;0,7,22,4,20;3,8,14,27,22,17;2,8,10,26,17;1,20,9,8,24,15,22;0,28,16,23,10,26,9,20;11,12,21,28,16;0,1,22,21,28;2,3,10,24,4,9,26,14;4,8,26,5,20;3,8,24,13,25,18,23,5,26;6,12,18,23,16;6,21,25,18,11;10,25,22,27,19,24;2,8,26,17,22,15,19,27;4,22,14,19,24;5,23,11,6,28;2,3,26,14,22;10,25,12,11,23;13,24,15,14,27;0,5,9,4,1;6,28,7,22,25,12;1,7,21,25,13,27,2,17,14,15,4;5,16,11,18,10;4,8,10,13,19,15;10,13,22,21,12,18;3,10,5,9,8,14,17;2,22,13,19,14;0,5,16,6,21,7
torus_c34_w38_t1329 29 1,7,28,5,20;0,7,22,4,20;3,8,14,27,22,17;2,8,10,26,17;1,20,9,8,24,15,22;0,28,16,23,10,26,9,20;11,12,21,28,16;0,1,22,21,28;2,3,10,24,4,9,26,14;4,8,26,5,20;3,8,24,13,25,18,23,5,26;6,12,18,23,16;6,21,25,18,11;10,25,27,19,24;2,8,26,17,22,15,19,27;4,22,14,19,24;5,23,11,6,28;2,3,26,14,22;10,25,12,11,23;13,24,15,14,27;0,5,9,4,1;6,28,7,22,25,12;1,7,21,25,27,2,17,14,15,4;5,16,11,18,10;4,8,10,13,19,15;10,13,27,22,21,12,18;3,10,5,9,8,14,17;2,22,25,13,19,14;0,5,16,6,21,7
torus_c34_w38_t1333 29 1,7,28,5,20;0,7,22,4,20;3,8,14,27,22,17;2,8,10,26,17;1,20,9,8,24,15,22;0,28,16,23,10,26,9,20;11,12,21,28,16;0,1,22,21,28;2,3,10,24,4,9,14;4,8,14,26,5,20;3,8,24,13,25,18,23,5,26;6,12,18,23,16;6,21,25,18,11;10,25,27,19,24;2,8,9,26,17,22,15,19,27;4,22,14,19,24;5,23,11,6,28;2,3,26,14,22;10,25,12,11,23;13,24,15,14,27;0,5,9,4,1;6,28,7,22,25,12;1,7,21,25,27,2,17,14,15,4;5,16,11,18,10;4,8,10,13,19,15;10,13,27,22,21,12,18;3,10,5,9,14,17;2,22,25,13,19,14;0,5,16,6,21,7
torus_c34_w38_t1334 29 1,7,28,5,20;0,7,22,4,20;3,8,14,27,22,17;2,8,10,26,17;1,20,9,24,15,22;0,28,16,23,10,26,9,20;11,12,21,28,16;0,1,22,21,28;2,3,10,24,9,26,14;4,24,8,26,5,20;3,8,24,13,25,18,23,5,26;6,12,18,23,16;6,21,25,18,11;10,25,27,19,24;2,8,26,17,22,15,19,27;4,22,14,19,24;5,23,11,6,28;2,3,26,14,22;10,25,12,11,23;13,24,15,14,27;0,5,9,4,1;6,28,7,22,25,12;1,7,21,25,27,2,17,14,15,4;5,16,11,18,10;4,9,8,10,13,19,15;10,13,27,22,21,12,18;3,10,5,9,8,14,17;2,22,25,13,19,14;0,5,16,6,21,7
torus_c34_w38_t1433 29 1,7,28,5,20;0,7,22,4,20;3,8,14,27,22,17;2,8,10,26,17;1,20,9,24,15,22;0,28,16,23,10,26,9,20;11,12,21,28,16;0,1,22,21,28;2,3,10,13,24,9,26,14;4,24,8,26,5,20;3,8,13,25,18,23,5,26;6,12,18,23,16;6,21,25,18,11;8,10,25,27,19,24;2,8,26,17,22,15,19,27;4,22,14,19,24;5,23,11,6,28;2,3,26,14,22;10,25,12,11,23;13,24,15,14,27;0,5,9,4,1;6,28,7,22,25,12;1,7,21,25,27,2,17,14,15,4;5,16,11,18,10;4,9,8,13,19,15;10,13,27,22,21,12,18;3,10,5,9,8,14,17;2,22,25,13,19,14;0,5,16,6,21,7
torus_c34_w38_t1480 29 1,7,28,5,20;0,7,22,4,20;3,8,14,27,22,17;2,8,10,26,17;1,20,9,24,15,22;0,28,16,23,10,26,9,20;11,12,21,28,16;0,1,22,21,28;2,3,10,13,24,9,26,14;4,24,8,26,5,20;3,8,13,25,18,23,5,26;6,12,18,23,16;6,21,25,18,11;8,10,25,22,27,19,24;2,8,26,17,22,15,19,27;4,22,14,19,24;5,23,11,6,28;2,3,26,14,22;10,25,12,11,23;13,24,15,14,27;0,5,9,4,1;6,28,7,22,25,12;1,7,21,25,13,27,2,17,14,15,4;5,16,11,18,10;4,9,8,13,19,15;10,13,22,21,12,18;3,10,5,9,8,14,17;2,22,13,19,14;0,5,16,6,21,7
torus_c34_w38_t1492 29 1,7,28,5,20;0,7,22,4,20;3,8,14,27,22,17;2,8,10,26,17;1,20,9,8,24,15,22;0,28,16,23,10,26,9,20;11,12,21,28,16;0,1,22,21,28;2,3,10,13,24,4,9,26,14;4,8,26,5,20;3,8,13,25,18,23,5,26;6,12,18,23,16;6,21,25,18,11;8,10,25,27,19,24;2,8,26,17,22,15,19,27;4,22,14,19,24;5,23,11,6,28;2,3,26,14,22;10,25,12,11,23;13,24,15,14,27;0,5,9,4,1;6,28,7,22,25,12;1,7,21,25,27,2,17,14,15,4;5,16,11,18,10;4,8,13,19,15;10,13,27,22,21,12,18;3,10,5,9,8,14,17;2,22,25,13,19,14;0,5,16,6,21,7
torus_c34_w38_t1506 29 1,7,28,5,20;0,7,22,4,20;3,8,14,27,22,17;2,8,10,26,17;1,20,9,24,15,22;0,28,16,23,10,26,9,20;11,12,21,28,16;0,1,22,21,28;2,3,10,13,9,26,14;4,24,13,8,26,5,20;3,8,13,25,18,23,5,26;6,12,18,23,16;6,21,25,18,11;8,9,24,19,27,25,10;2,8,26,17,22,15,19,27;4,22,14,19,24;5,23,11,6,28;2,3,26,14,22;10,25,12,11,23;13,24,15,14,27;0,5,9,4,1;6,28,7,22,25,12;1,7,21,25,27,2,17,14,15,4;5,16,11,18,10;4,9,13,19,15;10,13,27,22,21,12,18;3,10,5,9,8,14,17;2,22,25,13,19,14;0,5,16,6,21,7
torus_c34_w38_t1538 29 1,7,28,5,20;0,7,22,4,20;3,8,14,27,22,17;2,8,10,26,17;1,20,9,24,15,22;0,28,16,23,10,26,9,20;11,12,21,28,16;0,1,22,21,28;2,3,10,13,24,9,14;4,24,8,14,26,5,20;3,8,13,25,18,23,5,26;6,12,18,23,16;6,21,25,18,11;8,10,25,27,19,24;2,8,9,26,17,22,15,19,27;4,22,14,19,24;5,23,11,6,28;2,3,26,14,22;10,25,12,11,23;13,24,15,14,27;0,5,9,4,1;6,28,7,22,25,12;1,7,21,25,27,2,17,14,15,4;5,16,11,18,10;4,9,8,13,19,15;10,13,27,22,21,12,18;3,10,5,9,14,17;2,22,25,13,19,14;0,5,16,6,21,7
torus_c34_w38_t1556 29 1,7,28,5,20;0,7,22,4,20;3,8,14,27,22,17;2,8,10,26,17;1,20,9,24,15,22;0,28,16,23,10,26,9,20;11,12,21,28,16;0,1,22,21,28;2,3,10,13,24,9,26,14;4,24,8,26,5,20;3,8,13,25,18,23,5,26;6,12,18,23,16;6,21,25,18,11;8,10,25,19,24;2,8,26,17,22,15,19,27;4,22,14,19,24;5,23,11,6,28;2,3,26,14,22;10,25,12,11,23;13,24,15,14,27,25;0,5,9,4,1;6,28,7,22,25,12;1,7,21,25,27,2,17,14,15,4;5,16,11,18,10;4,9,8,13,19,15;10,13,19,27,22,21,12,18;3,10,5,9,8,14,17;2,22,25,19,14;0,5,16,6,21,7
torus_c34_w38_t1558 29 1,7,28,5,20;0,7,22,4,20;3,8,14,27,22,17;2,8,10,26,17;1,20,9,8,24,15,22;0,28,16,23,10,26,9,20;11,12,21,28,16;0,1,22,21,28;2,3,10,13,24,4,9,26,14;4,8,26,5,20;3,8,13,25,18,23,5,26;6,12,18,23,16;6,21,25,18,11;8,10,25,19,24;2,8,26,17,22,15,19,27;4,22,14,19,24;5,23,11,6,28;2,3,26,14,22;10,25,12,11,23;13,24,15,14,27,25;0,5,9,4,1;6,28,7,22,25,12;1,7,21,25,27,2,17,14,15,4;5,16,11,18,10;4,8,13,19,15;10,13,19,27,22,21,12,18;3,10,5,9,8,14,17;2,22,25,19,14;0,5,16,6,21,7
torus_c34_w38_t1559 29 1,7,28,5,20;0,7,22,4,20;3,8,14,27,22,17;2,8,10,26,17;1,20,9,24,15,22;0,28,16,23,10,26,9,20;11,12,21,28,16;0,1,22,21,28;2,3,10,13,24,9,26,14;4,24,8,26,5,20;3,8,13,25,18,23,5,26;6,12,18,23,16;6,21,25,18,11;8,10,25,19,15,24;2,8,26,17,22,15,19,27;4,22,14,19,13,24;5,23,11,6,28;2,3,26,14,22;10,25,12,11,23;13,15,14,27,25;0,5,9,4,1;6,28,7,22,25,12;1,7,21,25,27,2,17,14,15,4;5,16,11,18,10;4,9,8,13,15;10,13,19,27,22,21,12,18;3,10,5,9,8,14,17;2,22,25,19,14;0,5,16,6,21,7
torus_c34_w38_t1720 29 1,7,28,5,20;0,7,22,4,20;3,8,14,27,22,17;2,8,10,26,17;1,20,9,24,15,22;0,28,16,23,10,26,9,20;11,12,21,28,16;0,1,22,21,28;2,3,10,13,24,9,14;4,24,8,14,26,5,20;3,8,13,25,18,23,5,26;6,12,18,23,16;6,21,25,18,11;8,10,25,19,24;2,8,9,26,17,22,15,19,27;4,22,14,19,24;5,23,11,6,28;2,3,26,14,22;10,25,12,11,23;13,24,15,14,27,25;0,5,9,4,1;6,28,7,22,25,12;1,7,21,25,27,2,17,14,15,4;5,16,11,18,10;4,9,8,13,19,15;10,13,19,27,22,21,12,18;3,10,5,9,14,17;2,22,25,19,14;0,5,16,6,21,7
torus_c34_w38_t1721 29 1,7,28,5,20;0,7,22,4,20;3,8,14,27,22,17;2,8,10,26,17;1,20,9,24,15,22;0,28,16,23,10,26,9,20;11,12,21,28,16;0,1,22,21,28;2,3,10,13,9,26,14;4,24,13,8,26,5,20;3,8,13,25,18,23,5,26;6,12,18,23,16;6,21,25,18,11;8,9,24,19,25,10;2,8,26,17,22,15,19,27;4,22,14,19,24;5,23,11,6,28;2,3,26,14,22;10,25,12,11,23;13,24,15,14,27,25;0,5,9,4,1;6,28,7,22,25,12;1,7,21,25,27,2,17,14,15,4;5,16,11,18,10;4,9,13,19,15;10,13,19,27,22,21,12,18;3,10,5,9,8,14,17;2,22,25,19,14;0,5,16,6,21,7
torus_c34_w38_t1758 29 1,7,28,5,20;0,7,22,4,20;3,8,14,19,27,22,17;2,8,10,26,17;1,20,9,24,15,22;0,28,16,23,10,26,9,20;11,12,21,28,16;0,1,22,21,28;2,3,10,13,24,9,26,14;4,24,8,26,5,20;3,8,13,25,18,23,5,26;6,12,18,23,16;6,21,25,18,11;8,10,25,27,19,24;2,8,26,17,22,15,19;4,22,14,19,24;5,23,11,6,28;2,3,26,14,22;10,25,12,11,23;2,14,15,24,13,27;0,5,9,4,1;6,28,7,22,25,12;1,7,21,25,27,2,17,14,15,4;5,16,11,18,10;4,9,8,13,19,15;10,13,27,22,21,12,18;3,10,5,9,8,14,17;2,22,25,13,19;0,5,16,6,21,7
torus_c34_w45_t527 32 3,26,31,20,5,11,16,8;3,8,12,7,20,24;9,29,19,26,31;0,26,19,15,30,24,1,8;10,23,30,21,28,25,13;0,20,7,6,14,11;5,7,12,18,23,14;1,12,6,5,20;0,3,1,12,17,16;2,29,25,20,31;4,23,18,17,13;0,5,14,22,16;1,7,6,18,17,8;4,10,17,16,22,20,25;5,6,23,30,24,22,11;3,19,27,21,30;0,8,17,13,22,11;8,12,18,10,13,16;6,12,17,10,23;2,29,27,15,3,26;0,5,7,1,24,22,13,25,9,31;4,30,15,27,28;11,16,13,20,24,14;4,10,18,6,14,30;1,3,30,14,22,20;4,28,29,9,20,13;0,3,19,2,31;15,19,29,28,21;4,25,29,27,21;2,19,27,28,25,9;3,15,21,4,23,14,24;0,20,9,2,26
torus_c34_w45_t543 32 3,26,31,20,5,11,16,8;3,8,12,7,20,24;9,29,19,26,31;0,26,19,15,30,24,1,8;10,23,30,21,28,25,13;0,20,7,6,11;5,7,12,18,23,14,11;1,12,6,5,20;0,3,1,12,17,16;2,29,25,20,31;4,23,18,17,13;0,5,6,14,22,16;1,7,6,18,17,8;4,10,17,16,22,20,25;6,11,22,24,30,23;3,19,27,21,30;0,8,17,13,22,11;8,12,18,10,13,16;6,12,17,10,23;2,29,27,15,3,26;0,5,7,1,24,22,13,25,9,31;4,30,15,27,28;11,16,13,20,24,14;4,10,18,6,14,30;1,3,30,14,22,20;4,28,29,9,20,13;0,3,19,2,31;15,19,29,28,21;4,25,29,27,21;2,19,27,28,25,9;3,15,21,4,23,14,24;0,20,9,2,26
torus_c34_w45_t545 32 3,26,31,20,5,11,16,8;3,8,12,7,20,24;9,29,19,26,31;0,26,19,15,30,24,1,8;10,23,30,21,28,25,13;0,20,7,6,14,11;5,7,12,18,23,14;1,12,6,5,20;0,3,1,12,18,17,16;2,29,25,20,31;4,23,18,17,13;0,5,14,22,16;1,7,6,18,8;4,10,17,16,22,20,25;5,6,23,30,24,22,11;3,19,27,21,30;0,8,17,13,22,11;8,16,13,10,18;6,12,8,17,10,23;2,29,27,15,3,26;0,5,7,1,24,22,13,25,9,31;4,30,15,27,28;11,16,13,20,24,14;4,10,18,6,14,30;1,3,30,14,22,20;4,28,29,9,20,13;0,3,19,2,31;15,19,29,28,21;4,25,29,27,21;2,19,27,28,25,9;3,15,21,4,23,14,24;0,20,9,2,26
torus_c34_w45_t665 32 3,26,31,20,5,11,16,8;3,8,12,7,20,24;9,29,19,26,31;0,26,19,15,30,24,1,8;10,23,30,21,28,25,13;0,20,7,6,14,11;5,7,12,18,23,14;1,12,6,5,20;0,3,1,12,18,17,16;2,29,25,20,31;4,23,18,17,13;0,5,14,24,22,16;1,7,6,18,8;4,10,17,16,22,20,25;5,6,23,30,24,11;3,19,27,21,30;0,8,17,13,22,11;8,16,13,10,18;6,12,8,17,10,23;2,29,27,15,3,26;0,5,7,1,24,22,13,25,9,31;4,30,15,27,28;11,16,13,20,24;4,10,18,6,14,30;1,3,30,14,11,22,20;4,28,29,9,20,13;0,3,19,2,31;15,19,29,28,21;4,25,29,27,21;2,19,27,28,25,9;3,15,21,4,23,14,24;0,20,9,2,26
torus_c34_w45_t693 32 3,26,31,20,5,16,8;3,8,12,7,20,24;9,29,19,26,31;0,26,19,15,30,24,1,8;10,23,30,21,28,25,13;0,20,7,6,14,11,16;5,7,12,18,23,14;1,12,6,5,20;0,3,1,12,18,17,16;2,29,25,20,31;4,23,18,17,13;5,14,24,22,16;1,7,6,18,8;4,10,17,16,22,20,25;5,6,23,30,24,11;3,19,27,21,30;0,5,11,22,13,17,8;8,16,13,10,18;6,12,8,17,10,23;2,29,27,15,3,26;0,5,7,1,24,22,13,25,9,31;4,30,15,27,28;11,16,13,20,24;4,10,18,6,14,30;1,3,30,14,11,22,20;4,28,29,9,20,13;0,3,19,2,31;15,19,29,28,21;4,25,29,27,21;2,19,27,28,25,9;3,15,21,4,23,14,24;0,20,9,2,26
torus_c34_w45_t701 32 3,26,31,20,5,11,16,8;3,8,12,7,20,24;9,29,19,26,31;0,26,19,15,30,24,1,8;10,23,30,21,28,25,13;0,20,7,6,14,11;5,7,12,18,23,14;1,12,6,5,20;0,3,1,12,17,16;2,29,25,20,31;4,23,18,17,13;0,5,14,24,22,16;1,7,6,18,17,8;4,10,17,16,22,20,25;5,6,23,30,24,11;3,19,27,21,30;0,8,17,13,22,11;8,12,18,10,13,16;6,12,17,10,23;2,29,27,15,3,26;0,5,7,1,24,22,13,25,9,31;4,30,15,27,28;11,16,13,20,24;4,10,18,6,14,30;1,3,30,14,11,22,20;4,28,29,9,20,13;0,3,19,2,31;15,19,29,28,21;4,25,29,27,21;2,19,27,28,25,9;3,15,21,4,23,14,24;0,20,9,2,26
torus_c34_w45_t720 32 3,26,31,20,5,11,16,8;3,8,12,7,24;9,29,19,26,31;0,26,19,15,30,24,1,8;10,23,30,21,28,25,13;0,20,7,6,14,11;5,7,12,18,23,14;1,12,6,5,20,24;0,3,1,12,18,17,16;2,29,25,20,31;4,23,18,17,13;0,5,14,24,22,16;1,7,6,18,8;4,10,17,16,22,20,25;5,6,23,30,24,11;3,19,27,21,30;0,8,17,13,22,11;8,16,13,10,18;6,12,8,17,10,23;2,29,27,15,3,26;0,5,7,24,22,13,25,9,31;4,30,15,27,28;11,16,13,20,24;4,10,18,6,14,30;1,3,30,14,11,22,20,7;4,28,29,9,20,13;0,3,19,2,31;15,19,29,28,21;4,25,29,27,21;2,19,27,28,25,9;3,15,21,4,23,14,24;0,20,9,2,26
torus_c34_w45_t721 32 3,26,31,20,5,14,11,16,8;3,8,12,7,24;9,29,19,26,31;0,26,19,15,30,24,1,8;10,23,30,21,28,25,13;0,20,7,6,14;5,7,12,18,23,14;1,12,6,5,20,24;0,3,1,12,18,17,16;2,29,25,20,31;4,23,18,17,13;0,14,24,22,16;1,7,6,18,8;4,10,17,16,22,20,25;0,5,6,23,30,24,11;3,19,27,21,30;0,8,17,13,22,11;8,16,13,10,18;6,12,8,17,10,23;2,29,27,15,3,26;0,5,7,24,22,13,25,9,31;4,30,15,27,28;11,16,13,20,24;4,10,18,6,14,30;1,3,30,14,11,22,20,7;4,28,29,9,20,13;0,3,19,2,31;15,19,29,28,21;4,25,29,27,21;2,19,27,28,25,9;3,15,21,4,23,14,24;0,20,9,2,26
torus_c34_w45_t726 32 3,26,31,20,5,14,11,16,8;3,8,12,7,24;9,29,19,26,31;0,26,19,15,30,24,1,8;10,23,30,21,28,25,13;0,20,7,6,14;5,7,12,18,23,14;1,12,6,5,20,22,24;0,3,1,12,18,17,16;2,29,25,20,31;4,23,18,17,13;0,14,24,22,16;1,7,6,18,8;4,10,17,16,22,20,25;0,5,6,23,30,24,11;3,19,27,21,30;0,8,17,13,22,11;8,16,13,10,18;6,12,8,17,10,23;2,29,27,15,3,26;0,5,7,22,13,25,9,31;4,30,15,27,28;7,20,13,16,11,24;4,10,18,6,14,30;1,3,30,14,11,22,7;4,28,29,9,20,13;0,3,19,2,31;15,19,29,28,21;4,25,29,27,21;2,19,27,28,25,9;3,15,21,4,23,14,24;0,20,9,2,26
torus_c34_w45_t739 32 3,26,31,20,5,14,11,16,8;3,8,12,7,24;9,29,19,26,31;0,26,19,15,30,24,1,8;10,23,30,21,28,25,13;0,20,7,6,14;5,7,12,18,10,23,14;1,12,6,5,20,24;0,3,1,12,18,17,16;2,29,25,20,31;4,23,6,18,17,13;0,14,24,22,16;1,7,6,18,8;4,10,17,16,22,20,25;0,5,6,23,30,24,11;3,19,27,21,30;0,8,17,13,22,11;8,16,13,10,18;6,12,8,17,10;2,29,27,15,3,26;0,5,7,24,22,13,25,9,31;4,30,15,27,28;11,16,13,20,24;4,10,6,14,30;1,3,30,14,11,22,20,7;4,28,29,9,20,13;0,3,19,2,31;15,19,29,28,21;4,25,29,27,21;2,19,27,28,25,9;3,15,21,4,23,14,24;0,20,9,2,26
torus_c34_w45_t741 32 3,26,31,20,5,14,11,16,8;3,8,12,7,20,24;9,29,19,26,31;0,26,19,15,30,24,1,8;10,23,30,21,28,25,13;0,20,7,6,14;5,7,12,18,10,23,14;1,12,6,5,20;0,3,1,12,18,17,16;2,29,25,20,31;4,23,6,18,17,13;0,14,24,22,16;1,7,6,18,8;4,10,17,16,22,20,25;0,5,6,23,30,24,11;3,19,27,21,30;0,8,17,13,22,11;8,16,13,10,18;6,12,8,17,10;2,29,27,15,3,26;0,5,7,1,24,22,13,25,9,31;4,30,15,27,28;11,16,13,20,24;4,10,6,14,30;1,3,30,14,11,22,20;4,28,29,9,20,13;0,3,19,2,31;15,19,29,28,21;4,25,29,27,21;2,19,27,28,25,9;3,15,21,4,23,14,24;0,20,9,2,26
torus_c34_w45_t789 32 3,26,31,20,5,14,11,16,8;3,8,12,7,24;9,29,19,26,31;0,26,19,15,30,24,1,8;10,23,30,21,28,25,13;0,20,7,6,14;5,7,12,18,10,23,14;1,12,6,5,20,22,24;0,3,1,12,18,17,16;2,29,25,20,31;4,23,6,18,17,13;0,14,24,22,16;1,7,6,18,8;4,10,17,16,22,20,25;0,5,6,23,30,24,11;3,19,27,21,30;0,8,17,13,22,11;8,16,13,10,18;6,12,8,17,10;2,29,27,15,3,26;0,5,7,22,13,25,9,31;4,30,15,27,28;7,20,13,16,11,24;4,10,6,14,30;1,3,30,14,11,22,7;4,28,29,9,20,13;0,3,19,2,31;15,19,29,28,21;4,25,29,27,21;2,19,27,28,25,9;3,15,21,4,23,14,24;0,20,9,2,26
torus_c34_w45_t822 32 3,26,31,20,5,14,11,16,8;3,8,12,7,24;9,29,19,26,31;0,26,19,15,30,24,1,8;10,23,30,21,28,25,13;0,20,7,6,14;5,7,12,18,10,23,14;1,12,6,5,20,22,24;0,3,1,12,18,17,16;2,29,25,20,31;4,23,6,18,17,13;0,14,24,22,13,16;1,7,6,18,8;4,10,17,16,11,22,20,25;0,5,6,23,30,24,11;3,19,27,21,30;0,8,17,13,11;8,16,13,10,18;6,12,8,17,10;2,29,27,15,3,26;0,5,7,22,13,25,9,31;4,30,15,27,28;7,20,13,11,24;4,10,6,14,30;1,3,30,14,11,22,7;4,28,29,9,20,13;0,3,19,2,31;15,19,29,28,21;4,25,29,27,21;2,19,27,28,25,9;3,15,21,4,23,14,24;0,20,9,2,26
torus_c34_w45_t828 32 3,26,31,20,5,14,11,16,8;3,8,12,7,24;9,29,19,26,31;0,26,19,15,30,24,1,8;10,23,30,21,28,25,13;0,20,7,6,14;5,7,12,18,23,14;1,12,6,5,20,22,24;0,3,1,12,18,17,16;2,29,25,20,31;4,23,18,17,13;0,14,24,22,13,16;1,7,6,18,8;4,10,17,16,11,22,20,25;0,5,6,23,30,24,11;3,19,27,21,30;0,8,17,13,11;8,16,13,10,18;6,12,8,17,10,23;2,29,27,15,3,26;0,5,7,22,13,25,9,31;4,30,15,27,28;7,20,13,11,24;4,10,18,6,14,30;1,3,30,14,11,22,7;4,28,29,9,20,13;0,3,19,2,31;15,19,29,28,21;4,25,29,27,21;2,19,27,28,25,9;3,15,21,4,23,14,24;0,20,9,2,26
torus_c34_w45_t1097 32 3,26,31,20,5,11,16,8;3,8,12,7,24;9,29,19,26,31;0,26,19,15,30,24,1,8;10,23,30,21,28,25,13;0,20,7,6,14,11;5,7,12,18,10,23,14;1,12,6,5,20,22,24;0,3,1,12,18,17,16;2,29,25,20,31;4,23,6,18,17,13;0,5,14,24,22,13,16;1,7,6,18,8;4,10,17,16,11,22,20,25;5,6,23,30,24,11;3,19,27,21,30;0,8,17,13,11;8,16,13,10,18;6,12,8,17,10;2,29,27,15,3,26;0,5,7,22,13,25,9,31;4,30,15,27,28;7,20,13,11,24;4,10,6,14,30;1,3,30,14,11,22,7;4,28,29,9,20,13;0,3,19,2,31;15,19,29,28,21;4,25,29,27,21;2,19,27,28,25,9;3,15,21,4,23,14,24;0,20,9,2,26
torus_c34_w45_t1104 32 3,26,31,20,5,11,16,8;3,8,12,7,24;9,29,19,26,31;0,26,19,15,30,24,1,8;10,23,30,21,28,25,13;0,20,7,6,14,11;5,7,12,18,10,23,14;1,12,6,5,20,22,24;0,3,1,12,18,17,16;2,29,25,20,31;4,23,6,18,17,13;0,5,14,24,22,16;1,7,6,18,8;4,10,17,16,22,20,25;5,6,23,30,24,11;3,19,27,21,30;0,8,17,13,22,11;8,16,13,10,18;6,12,8,17,10;2,29,27,15,3,26;0,5,7,22,13,25,9,31;4,30,15,27,28;7,20,13,16,11,24;4,10,6,14,30;1,3,30,14,11,22,7;4,28,29,9,20,13;0,3,19,2,31;15,19,29,28,21;4,25,29,27,21;2,19,27,28,25,9;3,15,21,4,23,14,24;0,20,9,2,26
torus_c34_w45_t1118 32 3,26,31,20,5,16,8;3,8,12,7,24;9,29,19,26,31;0,26,19,15,30,24,1,8;10,23,30,21,28,25,13;0,20,7,6,14,11,16;5,7,12,18,10,23,14;1,12,6,5,20,22,24;0,3,1,12,18,17,16;2,29,25,20,31;4,23,6,18,17,13;5,14,24,22,13,16;1,7,6,18,8;4,10,17,16,11,22,20,25;5,6,23,30,24,11;3,19,27,21,30;0,5,11,13,17,8;8,16,13,10,18;6,12,8,17,10;2,29,27,15,3,26;0,5,7,22,13,25,9,31;4,30,15,27,28;7,20,13,11,24;4,10,6,14,30;1,3,30,14,11,22,7;4,28,29,9,20,13;0,3,19,2,31;15,19,29,28,21;4,25,29,27,21;2,19,27,28,25,9;3,15,21,4,23,14,24;0,20,9,2,26
torus_c34_w45_t1133 32 3,26,31,20,7,5,11,16,8;3,8,12,7,24;9,29,19,26,31;0,26,19,15,30,24,1,8;10,23,30,21,28,25,13;0,7,6,14,11;5,7,12,18,10,23,14;0,5,6,12,1,24,22,20;0,3,1,12,18,17,16;2,29,25,20,31;4,23,6,18,17,13;0,5,14,24,22,13,16;1,7,6,18,8;4,10,17,16,11,22,20,25;5,6,23,30,24,11;3,19,27,21,30;0,8,17,13,11;8,16,13,10,18;6,12,8,17,10;2,29,27,15,3,26;0,7,22,13,25,9,31;4,30,15,27,28;7,20,13,11,24;4,10,6,14,30;1,3,30,14,11,22,7;4,28,29,9,20,13;0,3,19,2,31;15,19,29,28,21;4,25,29,27,21;2,19,27,28,25,9;3,15,21,4,23,14,24;0,20,9,2,26
torus_c34_w45_t1135 32 3,26,31,20,5,11,16,8;3,8,12,7,24;9,29,19,26,31;0,26,19,15,30,24,1,8;10,23,30,21,28,25,13;0,20,7,6,11;5,7,12,18,10,23,14,11;1,12,6,5,20,22,24;0,3,1,12,18,17,16;2,29,25,20,31;4,23,6,18,17,13;0,5,6,14,24,22,13,16;1,7,6,18,8;4,10,17,16,11,22,20,25;6,11,24,30,23;3,19,27,21,30;0,8,17,13,11;8,16,13,10,18;6,12,8,17,10;2,29,27,15,3,26;0,5,7,22,13,25,9,31;4,30,15,27,28;7,20,13,11,24;4,10,6,14,30;1,3,30,14,11,22,7;4,28,29,9,20,13;0,3,19,2,31;15,19,29,28,21;4,25,29,27,21;2,19,27,28,25,9;3,15,21,4,23,14,24;0,20,9,2,26
torus_c34_w45_t1179 32 3,26,31,20,5,11,16,8;3,8,12,7,24;9,29,19,26,31;0,26,19,15,30,24,1,8;10,23,30,21,28,25,13;0,20,6,14,11;5,20,7,12,18,10,23,14;1,12,6,20,22,24;0,3,1,12,18,17,16;2,29,25,20,31;4,23,6,18,17,13;0,5,14,24,22,13,16;1,7,6,18,8;4,10,17,16,11,22,20,25;5,6,23,30,24,11;3,19,27,21,30;0,8,17,13,11;8,16,13,10,18;6,12,8,17,10;2,29,27,15,3,26;0,5,6,7,22,13,25,9,31;4,30,15,27,28;7,20,13,11,24;4,10,6,14,30;1,3,30,14,11,22,7;4,28,29,9,20,13;0,3,19,2,31;15,19,29,28,21;4,25,29,27,21;2,19,27,28,25,9;3,15,21,4,23,14,24;0,20,9,2,26
torus_c34_w45_t1184 32 3,26,31,20,5,11,16,8;3,8,12,7,24;9,29,19,26,31;0,26,19,15,30,24,1,8;10,23,30,21,28,25,13;0,20,6,14,11;5,20,7,12,18,10,23,14;1,12,6,20,22,24;0,3,1,12,18,17,16;2,29,25,20,31;4,23,6,18,17,13;0,5,14,24,22,16;1,7,6,18,8;4,10,17,16,22,20,25;5,6,23,30,24,11;3,19,27,21,30;0,8,17,13,22,11;8,16,13,10,18;6,12,8,17,10;2,29,27,15,3,26;0,5,6,7,22,13,25,9,31;4,30,15,27,28;7,20,13,16,11,24;4,10,6,14,30;1,3,30,14,11,22,7;4,28,29,9,20,13;0,3,19,2,31;15,19,29,28,21;4,25,29,27,21;2,19,27,28,25,9;3,15,21,4,23,14,24;0,20,9,2,26
torus_c34_w45_t1271 32 3,26,31,20,5,11,16,8;3,8,12,7,24;9,29,19,26,31;0,26,19,15,30,24,1,8;10,23,30,21,28,25,13;0,20,6,14,11;5,20,7,12,18,23,14;1,12,6,20,22,24;0,3,1,12,18,17,16;2,29,25,20,31;4,23,18,17,13;0,5,14,24,22,13,16;1,7,6,18,8;4,10,17,16,11,22,20,25;5,6,23,30,24,11;3,19,27,21,30;0,8,17,13,11;8,16,13,10,18;6,12,8,17,10,23;2,29,27,15,3,26;0,5,6,7,22,13,25,9,31;4,30,15,27,28;7,20,13,11,24;4,10,18,6,14,30;1,3,30,14,11,22,7;4,28,29,9,20,13;0,3,19,2,31;15,19,29,28,21;4,25,29,27,21;2,19,27,28,25,9;3,15,21,4,23,14,24;0,20,9,2,26
torus_c34_w45_t1343 32 3,26,31,20,5,16,8;3,8,12,7,24;9,29,19,26,31;0,26,19,15,30,24,1,8;10,23,30,21,28,25,13;0,20,6,14,11,16;5,20,7,12,18,10,23,14;1,12,6,20,22,24;0,3,1,12,18,17,16;2,29,25,20,31;4,23,6,18,17,13;5,14,24,22,13,16;1,7,6,18,8;4,10,17,16,11,22,20,25;5,6,23,30,24,11;3,19,27,21,30;0,5,11,13,17,8;8,16,13,10,18;6,12,8,17,10;2,29,27,15,3,26;0,5,6,7,22,13,25,9,31;4,30,15,27,28;7,20,13,11,24;4,10,6,14,30;1,3,30,14,11,22,7;4,28,29,9,20,13;0,3,19,2,31;15,19,29,28,21;4,25,29,27,21;2,19,27,28,25,9;3,15,21,4,23,14,24;0,20,9,2,26
torus_c34_w45_t1376 32 3,26,31,20,5,11,16,8;3,8,12,7,24;9,29,19,26,31;0,26,19,15,30,24,1,8;10,23,30,21,28,25,13;0,20,6,14,11;5,20,7,12,18,10,23,14;1,12,6,20,22,24;0,3,1,12,18,17,16;2,29,25,20,31;4,23,6,18,17,13;0,5,14,22,13,16;1,7,6,18,8;4,10,17,16,11,22,20,25;5,6,23,30,24,22,11;3,19,27,21,30;0,8,17,13,11;8,16,13,10,18;6,12,8,17,10;2,29,27,15,3,26;0,5,6,7,22,13,25,9,31;4,30,15,27,28;7,20,13,11,14,24;4,10,6,14,30;1,3,30,14,22,7;4,28,29,9,20,13;0,3,19,2,31;15,19,29,28,21;4,25,29,27,21;2,19,27,28,25,9;3,15,21,4,23,14,24;0,20,9,2,26
torus_c34_w50_t1477 28 1,7,22,21,2;0,7,4,13,2;0,1,13,3,21;2,13,25,18,11,21;1,7,26,12,25,13;10,26,22,14,16;15,26,22,24,20;0,1,4,26,15,9,22;9,25,12,27,19;7,15,20,19,8,25,10,17,23,24,22;5,26,17,9,25,18,16;3,18,16,14,21;4,25,8,27,17,26;1,2,3,25,4;5,16,11,21,22;6,26,7,9,20;5,14,11,18,10;9,10,26,12,27,23;3,11,16,10,25;8,27,23,24,20,9;6,15,9,19,24;0,22,14,11,3,2;0,7,9,24,6,26,5,14,21;9,17,27,19,24;6,22,9,23,19,20;3,13,4,12,8,9,10,18;4,7,15,6,22,5,10,17,12;8,19,23,17,12
torus_c34_w50_t1494 28 1,7,22,21,2;0,7,4,13,2;0,1,13,3,21;2,13,25,18,11,21;1,7,26,12,25,13;10,26,22,14,16;15,26,22,24,20;0,1,4,26,15,22;9,25,12,27,19;8,25,10,17,23,24,22,15,20,19;5,26,17,9,25,18,16;3,18,16,14,21;4,25,8,27,17,26;1,2,3,25,4;5,16,11,21,22;6,26,7,22,9,20;5,14,11,18,10;9,10,26,12,27,23;3,11,16,10,25;8,27,23,24,20,9;6,15,9,19,24;0,22,14,11,3,2;0,7,15,9,24,6,26,5,14,21;9,17,27,19,24;6,22,9,23,19,20;3,13,4,12,8,9,10,18;4,7,15,6,22,5,10,17,12;8,19,23,17,12
torus_c34_w50_t1666 28 1,7,22,21,2;0,7,4,13,2;0,1,13,3,21;2,13,25,18,11,21;1,7,26,12,25,13;10,26,22,14,16;15,26,22,24,20;0,1,4,26,15,9,24,22;9,25,12,27,19;7,15,20,19,8,25,10,17,23,24;5,26,17,9,25,18,16;3,18,16,14,21;4,25,8,27,17,26;1,2,3,25,4;5,16,11,21,22;6,26,7,9,20;5,14,11,18,10;9,10,26,12,27,23;3,11,16,10,25;8,27,23,24,20,9;6,15,9,19,24;0,22,14,11,3,2;0,7,24,6,26,5,14,21;9,17,27,19,24;6,22,7,9,23,19,20;3,13,4,12,8,9,10,18;4,7,15,6,22,5,10,17,12;8,19,23,17,12
torus_c34_w51_t1907 30 5,13,17,18,28,26;3,9,14,26,5;5,13,23,21,20;1,9,29,11,6,5;7,13,28,19,24,14,9,29;0,13,2,20,6,3,1,26;3,11,27,20,5;4,13,15,10,29;10,15,23,22,16;1,14,4,29,3;7,15,8,16,29;3,6,27,22,16,29;13,17,26,25,18;0,5,2,23,15,7,4,28,18,12,17;1,9,4,24,26;7,10,8,23,13;8,10,29,11,22;0,13,12,26,19,18;0,28,13,12,25,19,17;4,24,25,18,17,26,28;2,21,27,6,5;2,23,22,27,20;8,16,11,27,21,23;2,13,15,8,22,21;4,14,26,25,19;12,18,19,24,26;0,5,1,14,24,25,12,17,19,28;6,11,22,21,20;0,18,13,4,19,26;3,11,16,10,7,4,9
torus_c34_w51_t1912 30 13,26,28,18,17;3,9,14,26,5;5,13,23,21,20;1,9,29,11,6,5;7,13,28,19,24,14,9,29;1,3,6,20,2,13,26;3,11,27,20,5;4,13,15,10,29;10,15,23,22,16;1,14,4,29,3;7,15,8,16,29;3,6,27,22,16,29;13,17,26,25,18;0,26,5,2,23,15,7,4,28,18,12,17;1,9,4,24,26;7,10,8,23,13;8,10,29,11,22;0,13,12,26,19,18;0,28,13,12,25,19,17;4,24,25,18,17,26,28;2,21,27,6,5;2,23,22,27,20;8,16,11,27,21,23;2,13,15,8,22,21;4,14,26,25,19;12,18,19,24,26;0,13,5,1,14,24,25,12,17,19,28;6,11,22,21,20;0,18,13,4,19,26;3,11,16,10,7,4,9
torus_c34_w51_t1918 30 13,26,28,18,17;3,9,14,26,5;5,13,23,21,20;1,9,29,11,6,5;7,13,28,19,24,14,9,29;1,3,6,20,2,13,26;3,11,27,20,5;4,13,15,10,29;10,15,23,22,16;1,14,4,29,3;7,15,8,16,29;3,6,27,22,16,29;13,17,19,26,25,18;0,26,5,2,23,15,7,4,28,18,12,17;1,9,4,24,26;7,10,8,23,13;8,10,29,11,22;0,13,12,19,18;0,28,13,12,25,19,17;4,24,25,18,17,12,26,28;2,21,27,6,5;2,23,22,27,20;8,16,11,27,21,23;2,13,15,8,22,21;4,14,26,25,19;12,18,19,24,26;0,13,5,1,14,24,25,12,19,28;6,11,22,21,20;0,18,13,4,19,26;3,11,16,10,7,4,9
torus_c34_w51_t1920 30 13,26,19,28,18,17;3,9,14,26,5;5,13,23,21,20;1,9,29,11,6,5;7,13,28,19,24,14,9,29;1,3,6,20,2,13,26;3,11,27,20,5;4,13,15,10,29;10,15,23,22,16;1,14,4,29,3;7,15,8,16,29;3,6,27,22,16,29;13,17,26,25,18;0,26,5,2,23,15,7,4,28,18,12,17;1,9,4,24,26;7,10,8,23,13;8,10,29,11,22;0,13,12,26,19,18;0,28,13,12,25,19,17;0,26,17,18,25,24,4,28;2,21,27,6,5;2,23,22,27,20;8,16,11,27,21,23;2,13,15,8,22,21;4,14,26,25,19;12,18,19,24,26;0,13,5,1,14,24,25,12,17,19;6,11,22,21,20;0,18,13,4,19;3,11,16,10,7,4,9
torus_c34_w66_t1414 34 2,17,30,29,15,5,33;8,15,12,14,25;0,17,10,26,20,33;9,11,24,27,28;8,29,30,16,25;0,15,10,6,33;5,10,18,16,20,33;9,11,14,19,13,23;1,15,29,4,25;3,11,7,23,28;2,17,12,15,5,6,18,11,24,26;3,9,7,14,18,10,24;1,15,10,17,30,19,14;7,19,32,31,23;1,12,19,7,11,18,25;0,5,10,12,1,8,29;4,30,19,32,21,26,20,6,18,25;0,2,10,12,30;6,10,11,14,25,16;7,14,12,30,16,32,13;2,26,16,6,33;16,32,31,22,26;21,31,23,28,27,26;7,9,28,22,31,13;3,11,10,26,27;1,8,4,16,18,14;2,10,24,27,22,21,16,20;3,28,22,26,24;3,27,22,23,9;0,15,8,4,30;0,17,12,19,16,4,29;13,23,22,21,32;13,19,16,21,31;0,2,20,6,5
torus_c34_w66_t1417 34 2,17,30,29,15,5,33;8,15,12,14,25;0,17,10,26,20,33;9,11,24,27,28;8,29,30,16,25;0,15,12,10,6,33;5,10,18,16,20,33;9,11,14,19,13,23;1,15,29,4,25;3,11,7,23,28;2,17,12,5,6,18,11,24,26;3,9,7,14,18,10,24;1,15,5,10,17,30,19,14;7,19,32,31,23;1,12,19,7,11,18,25;0,5,12,1,8,29;4,30,19,32,21,26,20,6,18,25;0,2,10,12,30;6,10,11,14,25,16;7,14,12,30,16,32,13;2,26,16,6,33;16,32,31,22,26;21,31,23,28,27,26;7,9,28,22,31,13;3,11,10,26,27;1,8,4,16,18,14;2,10,24,27,22,21,16,20;3,28,22,26,24;3,27,22,23,9;0,15,8,4,30;0,17,12,19,16,4,29;13,23,22,21,32;13,19,16,21,31;0,2,20,6,5
torus_c34_w66_t1427 34 2,17,30,29,15,5,33;8,15,12,14,25;0,17,10,26,20,33;9,11,24,27,28;8,29,30,16,25;0,15,12,17,10,6,33;5,10,18,16,20,33;9,11,14,19,13,23;1,15,29,4,25;3,11,7,23,28;2,17,5,6,18,11,24,26;3,9,7,14,18,10,24;1,15,5,17,30,19,14;7,19,32,31,23;1,12,19,7,11,18,25;0,5,12,1,8,29;4,30,19,32,21,26,20,6,18,25;0,2,10,5,12,30;6,10,11,14,25,16;7,14,12,30,16,32,13;2,26,16,6,33;16,32,31,22,26;21,31,23,28,27,26;7,9,28,22,31,13;3,11,10,26,27;1,8,4,16,18,14;2,10,24,27,22,21,16,20;3,28,22,26,24;3,27,22,23,9;0,15,8,4,30;0,17,12,19,16,4,29;13,23,22,21,32;13,19,16,21,31;0,2,20,6,5
torus_c34_w66_t1439 34 2,17,30,29,15,5,33;8,15,12,14,25;0,17,10,26,20,33;9,11,24,27,28;8,29,30,16,25;0,15,12,10,6,33;5,10,18,16,20,33;9,11,14,19,13,23;1,15,29,4,25;3,11,7,23,28;2,17,12,5,6,18,11,24,26;3,9,7,14,18,10,24;1,15,5,10,17,30,16,19,14;7,19,32,31,23;1,12,19,7,11,18,25;0,5,12,1,8,29;4,30,12,19,32,21,26,20,6,18,25;0,2,10,12,30;6,10,11,14,25,16;7,14,12,16,32,13;2,26,16,6,33;16,32,31,22,26;21,31,23,28,27,26;7,9,28,22,31,13;3,11,10,26,27;1,8,4,16,18,14;2,10,24,27,22,21,16,20;3,28,22,26,24;3,27,22,23,9;0,15,8,4,30;0,17,12,16,4,29;13,23,22,21,32;13,19,16,21,31;0,2,20,6,5
torus_c34_w66_t1444 34 2,17,30,29,15,5,33;8,15,12,14,25;0,17,10,26,20,33;9,11,24,27,28;8,29,30,16,25;0,15,12,10,18,6,33;5,18,16,20,33;9,11,14,19,13,23;1,15,29,4,25;3,11,7,23,28;2,17,12,5,18,11,24,26;3,9,7,14,18,10,24;1,15,5,10,17,30,19,14;7,19,32,31,23;1,12,19,7,11,18,25;0,5,12,1,8,29;4,30,19,32,21,26,20,6,18,25;0,2,10,12,30;5,6,16,25,14,11,10;7,14,12,30,16,32,13;2,26,16,6,33;16,32,31,22,26;21,31,23,28,27,26;7,9,28,22,31,13;3,11,10,26,27;1,8,4,16,18,14;2,10,24,27,22,21,16,20;3,28,22,26,24;3,27,22,23,9;0,15,8,4,30;0,17,12,19,16,4,29;13,23,22,21,32;13,19,16,21,31;0,2,20,6,5
torus_c34_w66_t1462 34 2,17,30,29,15,5,33;8,15,12,19,14,25;0,17,10,26,20,33;9,11,24,27,28;8,29,30,16,25;0,15,12,10,6,33;5,10,18,16,20,33;9,11,14,19,13,23;1,15,29,4,25;3,11,7,23,28;2,17,12,5,6,18,11,24,26;3,9,7,14,18,10,24;1,15,5,10,17,30,19;7,19,32,31,23;1,19,7,11,18,25;0,5,12,1,8,29;4,30,19,32,21,26,20,6,18,25;0,2,10,12,30;6,10,11,14,25,16;1,12,30,16,32,13,7,14;2,26,16,6,33;16,32,31,22,26;21,31,23,28,27,26;7,9,28,22,31,13;3,11,10,26,27;1,8,4,16,18,14;2,10,24,27,22,21,16,20;3,28,22,26,24;3,27,22,23,9;0,15,8,4,30;0,17,12,19,16,4,29;13,23,22,21,32;13,19,16,21,31;0,2,20,6,5
torus_c34_w66_t1484 34 2,17,30,29,15,5,33;8,15,12,14,18,25;0,17,10,26,20,33;9,11,24,27,28;8,29,30,16,25;0,15,12,10,6,33;5,10,18,16,20,33;9,11,14,19,13,23;1,15,29,4,25;3,11,7,23,28;2,17,12,5,6,18,11,24,26;3,9,7,14,18,10,24;1,15,5,10,17,30,19,14;7,19,32,31,23;1,12,19,7,11,18;0,5,12,1,8,29;4,30,19,32,21,26,20,6,18,25;0,2,10,12,30;1,14,11,10,6,16,25;7,14,12,30,16,32,13;2,26,16,6,33;16,32,31,22,26;21,31,23,28,27,26;7,9,28,22,31,13;3,11,10,26,27;1,8,4,16,18;2,10,24,27,22,21,16,20;3,28,22,26,24;3,27,22,23,9;0,15,8,4,30;0,17,12,19,16,4,29;13,23,22,21,32;13,19,16,21,31;0,2,20,6,5
torus_c34_w66_t1488 34 2,17,29,15,5,33;8,15,12,14,25;0,17,10,26,20,33;9,11,24,27,28;8,29,30,16,25;0,15,12,10,6,33;5,10,18,16,20,33;9,11,14,19,13,23;1,15,29,4,25;3,11,7,23,28;2,17,12,5,6,18,11,24,26;3,9,7,14,18,10,24;1,15,5,10,17,30,19,14;7,19,32,31,23;1,12,19,7,11,18,25;0,5,12,1,8,29;4,30,19,32,21,26,20,6,18,25;0,2,10,12,30,29;6,10,11,14,25,16;7,14,12,30,16,32,13;2,26,16,6,33;16,32,31,22,26;21,31,23,28,27,26;7,9,28,22,31,13;3,11,10,26,27;1,8,4,16,18,14;2,10,24,27,22,21,16,20;3,28,22,26,24;3,27,22,23,9;0,15,8,4,30,17;4,16,19,12,17,29;13,23,22,21,32;13,19,16,21,31;0,2,20,6,5
torus_c34_w66_t1964 34 2,17,30,29,15,5,33;8,15,12,14,25;0,17,10,26,20,33;9,11,24,27,28;8,29,30,16,25;0,15,12,10,6,33;5,10,18,16,20,33;9,11,14,19,13,23;1,15,29,4,25;3,11,7,23,28;2,17,12,5,6,18,11,24,26;3,9,7,14,18,10,24;1,15,5,10,17,30,19,14;7,19,32,31,23;1,12,19,7,11,18,16,25;0,5,12,1,8,29;4,30,19,32,21,26,20,6,18,14,25;0,2,10,12,30;6,10,11,14,16;7,14,12,30,16,32,13;2,26,16,6,33;16,32,31,22,26;21,31,23,28,27,26;7,9,28,22,31,13;3,11,10,26,27;1,8,4,16,14;2,10,24,27,22,21,16,20;3,28,22,26,24;3,27,22,23,9;0,15,8,4,30;0,17,12,19,16,4,29;13,23,22,21,32;13,19,16,21,31;0,2,20,6,5
torus_c34_w66_t1972 34 2,17,30,29,15,5,33;8,15,12,14,25;0,17,10,26,20,33;9,11,24,27,28;8,29,30,19,16,25;0,15,12,10,6,33;5,10,18,16,20,33;9,11,14,19,13,23;1,15,29,4,25;3,11,7,23,28;2,17,12,5,6,18,11,24,26;3,9,7,14,18,10,24;1,15,5,10,17,30,19,14;7,19,32,31,23;1,12,19,7,11,18,16,25;0,5,12,1,8,29;4,19,32,21,26,20,6,18,14,25;0,2,10,12,30;6,10,11,14,16;4,16,32,13,7,14,12,30;2,26,16,6,33;16,32,31,22,26;21,31,23,28,27,26;7,9,28,22,31,13;3,11,10,26,27;1,8,4,16,14;2,10,24,27,22,21,16,20;3,28,22,26,24;3,27,22,23,9;0,15,8,4,30;0,17,12,19,4,29;13,23,22,21,32;13,19,16,21,31;0,2,20,6,5
torus_c34_w66_t1988 34 2,17,30,29,15,5,33;8,15,12,14,25;0,17,10,26,20,33;9,11,24,27,28;8,29,30,19,16,25;0,15,12,17,10,6,33;5,10,18,16,20,33;9,11,14,19,13,23;1,15,29,4,25;3,11,7,23,28;2,17,5,6,18,11,24,26;3,9,7,14,18,10,24;1,15,5,17,30,19,14;7,19,32,31,23;1,12,19,7,11,18,16,25;0,5,12,1,8,29;4,19,32,21,26,20,6,18,14,25;0,2,10,5,12,30;6,10,11,14,16;4,16,32,13,7,14,12,30;2,26,16,6,33;16,32,31,22,26;21,31,23,28,27,26;7,9,28,22,31,13;3,11,10,26,27;1,8,4,16,14;2,10,24,27,22,21,16,20;3,28,22,26,24;3,27,22,23,9;0,15,8,4,30;0,17,12,19,4,29;13,23,22,21,32;13,19,16,21,31;0,2,20,6,5
torus_c34_w71_t548 24 1,14,21,15,19,12,3,20;0,14,5,9,16,20;6,15,19,11,7;0,12,13,8,23,9,18,20;5,14,23,16,18,20;1,14,4,20,23,9;2,15,22,17,8,7;2,6,8,13,11;3,23,17,6,7,13;1,5,23,3,18,16;14,23,17,22,21;2,19,12,13,7;0,19,11,13,3;3,8,7,11,12;0,1,5,4,23,10,21;0,21,22,6,2,19;1,9,18,4,23,20;6,22,10,23,8;3,20,4,16,9;0,12,11,2,15;0,1,16,23,5,4,18,3;0,14,10,22,15;6,15,21,10,17;3,8,17,10,14,4,16,20,5,9
torus_c34_w71_t558 24 1,5,14,21,15,19,12,3,20;0,5,9,16,20;6,15,19,11,7;0,12,13,8,23,9,18,20;5,14,23,16,18,20;0,1,9,23,20,4,14;2,15,22,17,8,7;2,6,8,13,11;3,23,17,6,7,13;1,5,23,3,18,16;14,23,17,22,21;2,19,12,13,7;0,19,11,13,3;3,8,7,11,12;0,5,4,23,10,21;0,21,22,6,2,19;1,9,18,4,23,20;6,22,10,23,8;3,20,4,16,9;0,12,11,2,15;0,1,16,23,5,4,18,3;0,14,10,22,15;6,15,21,10,17;3,8,17,10,14,4,16,20,5,9
torus_c34_w71_t578 24 1,5,14,21,15,19,12,3;0,5,9,16,20,3;6,15,19,11,7;0,12,13,8,23,9,18,20,1;5,14,23,16,18,20;0,1,9,23,20,4,14;2,15,22,17,8,7;2,6,8,13,11;3,23,17,6,7,13;1,5,23,3,18,16;14,23,17,22,21;2,19,12,13,7;0,19,11,13,3;3,8,7,11,12;0,5,4,23,10,21;0,21,22,6,2,19;1,9,18,4,23,20;6,22,10,23,8;3,20,4,16,9;0,12,11,2,15;1,16,23,5,4,18,3;0,14,10,22,15;6,15,21,10,17;3,8,17,10,14,4,16,20,5,9
torus_c34_w71_t592 24 1,5,14,21,15,19,12,3;0,5,9,16,20,3;6,15,19,11,7;0,12,13,8,23,9,18,20,1;5,18,16,23,14;0,1,9,23,20,18,4,14;2,15,22,17,8,7;2,6,8,13,11;3,23,17,6,7,13;1,5,23,3,18,16;14,23,17,22,21;2,19,12,13,7;0,19,11,13,3;3,8,7,11,12;0,5,4,23,10,21;0,21,22,6,2,19;1,9,18,4,23,20;6,22,10,23,8;3,20,5,4,16,9;0,12,11,2,15;1,16,23,5,18,3;0,14,10,22,15;6,15,21,10,17;3,8,17,10,14,4,16,20,5,9
torus_c34_w71_t667 24 1,14,21,15,19,12,3;0,14,5,9,16,20,3;6,15,19,11,7;0,12,13,8,23,9,18,20,1;5,14,23,16,18,20;1,14,4,20,23,9;2,15,22,17,8,7;2,6,8,13,11;3,23,17,6,7,13;1,5,23,3,18,16;14,23,17,22,21;2,19,12,13,7;0,19,11,13,3;3,8,7,11,12;0,1,5,4,23,10,21;0,21,22,6,2,19;1,9,18,4,23,20;6,22,10,23,8;3,20,4,16,9;0,12,11,2,15;1,16,23,5,4,18,3;0,14,10,22,15;6,15,21,10,17;3,8,17,10,14,4,16,20,5,9
torus_c34_w71_t706 24 1,5,14,21,15,19,12,3;0,5,9,16,20,3;6,15,19,11,7;0,12,13,8,23,9,18,20,1;5,14,16,18,20;0,1,9,23,20,4,14;2,15,22,17,8,7;2,6,8,13,11;3,23,17,6,7,13;1,5,23,3,18,16;14,23,17,22,21;2,19,12,13,7;0,19,11,13,3;3,8,7,11,12;0,5,4,16,23,10,21;0,21,22,6,2,19;1,9,18,4,14,23,20;6,22,10,23,8;3,20,4,16,9;0,12,11,2,15;1,16,23,5,4,18,3;0,14,10,22,15;6,15,21,10,17;3,8,17,10,14,16,20,5,9
torus_c34_w71_t736 24 1,9,5,14,21,15,19,12,3;0,9,16,20,3;6,15,19,11,7;0,12,13,8,23,9,18,20,1;5,14,23,16,18,20;0,14,4,20,23,9;2,15,22,17,8,7;2,6,8,13,11;3,23,17,6,7,13;0,1,16,18,3,23,5;14,23,17,22,21;2,19,12,13,7;0,19,11,13,3;3,8,7,11,12;0,5,4,23,10,21;0,21,22,6,2,19;1,9,18,4,23,20;6,22,10,23,8;3,20,4,16,9;0,12,11,2,15;1,16,23,5,4,18,3;0,14,10,22,15;6,15,21,10,17;3,8,17,10,14,4,16,20,5,9
torus_c34_w71_t743 24 1,9,5,14,21,15,19,12,3;0,9,16,20,3;6,15,19,11,7;0,12,13,8,23,9,18,20,1;5,14,16,18,20;0,14,4,20,23,9;2,15,22,17,8,7;2,6,8,13,11;3,23,17,6,7,13;0,1,16,18,3,23,5;14,23,17,22,21;2,19,12,13,7;0,19,11,13,3;3,8,7,11,12;0,5,4,16,23,10,21;0,21,22,6,2,19;1,9,18,4,14,23,20;6,22,10,23,8;3,20,4,16,9;0,12,11,2,15;1,16,23,5,4,18,3;0,14,10,22,15;6,15,21,10,17;3,8,17,10,14,16,20,5,9
torus_c41_w2_t1087 31 6,20,12,29,11,19,7;11,19,17,23,30;3,10,9,16,7,19;2,10,18,22,19;12,14,15,21,27,29;19,30,23,25,28;0,20,13,8,7;0,6,8,16,2,19;6,7,16,24,15,13;2,10,28,19,17,16;2,9,28,25,17,18,3;0,19,1,30,29;0,29,4,14,20;6,20,14,15,8;4,12,20,13,15;4,14,13,8,24,21;2,7,8,24,26,22,18,17,9;1,19,9,16,18,10,25,23;3,10,17,16,22;0,7,2,3,22,27,30,5,28,9,17,1,11;0,6,13,14,12;4,15,24,26,27;3,19,27,26,16,18;1,17,25,5,30;8,16,26,21,15;5,28,10,17,23;16,22,27,21,24;4,29,30,19,22,26,21;5,19,9,10,25;0,12,4,27,30,11;1,11,29,27,19,5,23
torus_c41_w2_t1096 31 6,20,12,29,11,19,7;11,19,17,23,30;3,9,16,7,19;2,9,10,18,22,19;12,14,15,21,27,29;19,30,23,25,28;0,20,13,8,7;0,6,8,16,2,19;6,7,16,24,15,13;2,3,10,28,19,17,16;3,9,28,25,17,18;0,19,1,30,29;0,29,4,14,20;6,20,14,15,8;4,12,20,13,15;4,14,13,8,24,21;2,7,8,24,26,22,18,17,9;1,19,9,16,18,10,25,23;3,10,17,16,22;0,7,2,3,22,27,30,5,28,9,17,1,11;0,6,13,14,12;4,15,24,26,27;3,19,27,26,16,18;1,17,25,5,30;8,16,26,21,15;5,28,10,17,23;16,22,27,21,24;4,29,30,19,22,26,21;5,19,9,10,25;0,12,4,27,30,11;1,11,29,27,19,5,23
torus_c41_w2_t1118 31 6,20,12,29,11,19,7;11,19,17,23,30;3,9,16,7,19;2,9,10,18,22,19;12,14,15,21,27,29;19,27,30,23,25,28;0,20,13,8,7;0,6,8,16,2,19;6,7,16,24,15,13;2,3,10,28,19,17,16;3,9,28,25,17,18;0,19,1,30,29;0,29,4,14,20;6,20,14,15,8;4,12,20,13,15;4,14,13,8,24,21;2,7,8,24,26,22,18,17,9;1,19,9,16,18,10,25,23;3,10,17,16,22;0,7,2,3,22,27,5,28,9,17,1,11;0,6,13,14,12;4,15,24,26,27;3,19,27,26,16,18;1,17,25,5,30;8,16,26,21,15;5,28,10,17,23;16,22,27,21,24;4,29,30,5,19,22,26,21;5,19,9,10,25;0,12,4,27,30,11;1,11,29,27,5,23
torus_c41_w2_t1127 31 6,20,12,29,11,19,7;9,17,23,30,11,19;3,9,16,7,19;2,9,10,18,22,19;12,14,15,21,27,29;19,30,23,25,28;0,20,13,8,7;0,6,8,16,2,19;6,7,16,24,15,13;1,17,16,2,3,10,28,19;3,9,28,25,17,18;0,19,1,30,29;0,29,4,14,20;6,20,14,15,8;4,12,20,13,15;4,14,13,8,24,21;2,7,8,24,26,22,18,17,9;1,9,16,18,10,25,23;3,10,17,16,22;0,7,2,3,22,27,30,5,28,9,1,11;0,6,13,14,12;4,15,24,26,27;3,19,27,26,16,18;1,17,25,5,30;8,16,26,21,15;5,28,10,17,23;16,22,27,21,24;4,29,30,19,22,26,21;5,19,9,10,25;0,12,4,27,30,11;1,11,29,27,19,5,23
torus_c41_w2_t1128 31 6,20,12,29,11,19,7;9,17,23,30,11,19;3,9,16,7,19;2,9,10,18,22,19;12,14,15,21,27,29;19,27,30,23,25,28;0,20,13,8,7;0,6,8,16,2,19;6,7,16,24,15,13;1,17,16,2,3,10,28,19;3,9,28,25,17,18;0,19,1,30,29;0,29,4,14,20;6,20,14,15,8;4,12,20,13,15;4,14,13,8,24,21;2,7,8,24,26,22,18,17,9;1,9,16,18,10,25,23;3,10,17,16,22;0,7,2,3,22,27,5,28,9,1,11;0,6,13,14,12;4,15,24,26,27;3,19,27,26,16,18;1,17,25,5,30;8,16,26,21,15;5,28,10,17,23;16,22,27,21,24;4,29,30,5,19,22,26,21;5,19,9,10,25;0,12,4,27,30,11;1,11,29,27,5,23
torus_c41_w2_t1158 31 6,20,12,29,11,19,7;9,17,23,30,11,19;3,9,16,7,19;2,9,10,18,22,19;12,14,15,21,27,29;19,30,23,25,28;0,20,13,8,7;0,6,8,16,2,19;6,7,16,24,15,13;1,17,16,2,3,10,28,19;3,9,28,25,18;0,19,1,30,29;0,29,4,14,20;6,20,14,15,8;4,12,20,13,15;4,14,13,8,24,21;2,7,8,24,26,22,18,17,9;1,9,16,18,25,23;3,10,25,17,16,22;0,7,2,3,22,27,30,5,28,9,1,11;0,6,13,14,12;4,15,24,26,27;3,19,27,26,16,18;1,17,25,5,30;8,16,26,21,15;5,28,10,18,17,23;16,22,27,21,24;4,29,30,19,22,26,21;5,19,9,10,25;0,12,4,27,30,11;1,11,29,27,19,5,23
torus_c41_w2_t1182 31 6,20,12,29,11,19,7;9,17,23,30,11,19;3,10,9,16,7,19;2,10,18,22,19;12,14,15,21,27,29;19,30,23,25,28;0,20,13,8,7;0,6,8,16,2,19;6,7,16,24,15,13;1,17,16,2,10,28,19;2,3,18,25,28,9;0,19,1,30,29;0,29,4,14,20;6,20,14,15,8;4,12,20,13,15;4,14,13,8,24,21;2,7,8,24,26,22,18,17,9;1,9,16,18,25,23;3,10,25,17,16,22;0,7,2,3,22,27,30,5,28,9,1,11;0,6,13,14,12;4,15,24,26,27;3,19,27,26,16,18;1,17,25,5,30;8,16,26,21,15;5,28,10,18,17,23;16,22,27,21,24;4,29,30,19,22,26,21;5,19,9,10,25;0,12,4,27,30,11;1,11,29,27,19,5,23
torus_c41_w2_t1189 31 6,20,12,29,11,19,7;9,17,23,30,11,19;3,9,16,7,19;2,9,10,18,22,19;12,14,15,21,27,29;19,30,23,25,28;0,20,13,8,7;0,6,8,16,2,19;6,7,16,24,15,13;1,17,16,2,3,10,28,19;3,9,28,25,18;0,19,1,30,29;0,29,4,14,20;6,20,14,15,8;4,12,20,13,15;4,14,13,8,24,21;2,7,8,24,26,22,18,17,9;1,9,16,18,23;3,10,25,23,17,16,22;0,7,2,3,22,27,30,5,28,9,1,11;0,6,13,14,12;4,15,24,26,27;3,19,27,26,16,18;1,17,18,25,5,30;8,16,26,21,15;5,28,10,18,23;16,22,27,21,24;4,29,30,19,22,26,21;5,19,9,10,25;0,12,4,27,30,11;1,11,29,27,19,5,23
torus_c41_w2_t1202 31 6,20,12,29,11,19,7;5,23,17,9,19,11,30;3,9,16,7,19;2,9,10,18,22,19;12,14,15,21,27,29;1,23,25,28,19,30;0,20,13,8,7;0,6,8,16,2,19;6,7,16,24,15,13;1,17,16,2,3,10,28,19;3,9,28,25,18;0,19,1,30,29;0,29,4,14,20;6,20,14,15,8;4,12,20,13,15;4,14,13,8,24,21;2,7,8,24,26,22,18,17,9;1,9,16,18,23;3,10,25,23,17,16,22;0,7,2,3,22,27,30,5,28,9,1,11;0,6,13,14,12;4,15,24,26,27;3,19,27,26,16,18;1,5,25,18,17;8,16,26,21,15;5,28,10,18,23;16,22,27,21,24;4,29,30,19,22,26,21;5,19,9,10,25;0,12,4,27,30,11;1,11,29,27,19,5
torus_c41_w2_t1207 31 6,20,12,29,11,19,7;11,19,17,23,30;3,9,16,7,19;2,9,10,18,22,19;12,14,15,21,27,29;19,30,23,25,28;0,20,13,8,7;0,6,8,16,2,19;6,7,16,24,15,13;2,3,10,28,19,17,16;3,9,28,25,18;0,19,1,30,29;0,29,4,14,20;6,20,14,15,8;4,12,20,13,15;4,14,13,8,24,21;2,7,8,24,26,22,18,17,9;1,19,9,16,18,23;3,10,25,23,17,16,22;0,7,2,3,22,27,30,5,28,9,17,1,11;0,6,13,14,12;4,15,24,26,27;3,19,27,26,16,18;1,17,18,25,5,30;8,16,26,21,15;5,28,10,18,23;16,22,27,21,24;4,29,30,19,22,26,21;5,19,9,10,25;0,12,4,27,30,11;1,11,29,27,19,5,23
torus_c41_w2_t1254 31 6,20,12,29,11,19,7;9,17,23,30,11,19,28;3,9,16,7,19;2,9,10,18,22,19;12,14,15,21,27,29;19,30,23,25,28;0,20,13,8,7;0,6,8,16,2,19;6,7,16,24,15,13;1,17,16,2,3,10,28;3,9,28,25,18;0,19,1,30,29;0,29,4,14,20;6,20,14,15,8;4,12,20,13,15;4,14,13,8,24,21;2,7,8,24,26,22,18,17,9;1,9,16,18,23;3,10,25,23,17,16,22;0,7,2,3,22,27,30,5,28,1,11;0,6,13,14,12;4,15,24,26,27;3,19,27,26,16,18;1,17,18,25,5,30;8,16,26,21,15;5,28,10,18,23;16,22,27,21,24;4,29,30,19,22,26,21;1,9,10,25,5,19;0,12,4,27,30,11;1,11,29,27,19,5,23
torus_c41_w2_t1289 31 6,20,12,29,11,19,7;9,17,23,30,11,19;3,9,16,7,19;2,9,10,22,19;12,14,15,21,27,29;19,30,23,25,28;0,20,13,8,7;0,6,8,16,2,19;6,7,16,24,15,13;1,17,16,2,3,10,28,19;3,9,28,25,18,22;0,19,1,30,29;0,29,4,14,20;6,20,14,15,8;4,12,20,13,15;4,14,13,8,24,21;2,7,8,24,26,22,18,17,9;1,9,16,18,23;10,22,16,17,23,25;0,7,2,3,22,27,30,5,28,9,1,11;0,6,13,14,12;4,15,24,26,27;3,10,18,16,26,27,19;1,17,18,25,5,30;8,16,26,21,15;5,28,10,18,23;16,22,27,21,24;4,29,30,19,22,26,21;5,19,9,10,25;0,12,4,27,30,11;1,11,29,27,19,5,23
torus_c41_w2_t1306 31 6,20,12,29,11,19,7;9,17,23,30,11,19;3,10,9,16,7,19;2,10,18,22,19;12,14,15,21,27,29;19,30,23,25,28;0,20,13,8,7;0,6,8,16,2,19;6,7,16,24,15,13;1,17,16,2,10,28,19;2,3,18,25,28,9;0,19,1,30,29;0,29,4,14,20;6,20,14,15,8;4,12,20,13,15;4,14,13,8,24,21;2,7,8,24,26,22,18,17,9;1,9,16,18,23;3,10,25,23,17,16,22;0,7,2,3,22,27,30,5,28,9,1,11;0,6,13,14,12;4,15,24,26,27;3,19,27,26,16,18;1,17,18,25,5,30;8,16,26,21,15;5,28,10,18,23;16,22,27,21,24;4,29,30,19,22,26,21;5,19,9,10,25;0,12,4,27,30,11;1,11,29,27,19,5,23
torus_c41_w55_t1338 28 2,10,23,5,7,8;3,25,10,13,9,15;0,10,25,21,14,15,9,8;1,25,4,20,16,15;3,25,26,12,18,20;0,7,19,6,11,17,22,16,15,23;5,19,23,24,11;0,5,19,13,8;0,7,13,9,2;1,13,8,2,15;0,2,25,1,13,23;5,6,24,14,27,12,17;4,18,17,11,27,26;1,9,8,7,19,23,10;2,15,24,11,27,21;1,3,16,5,23,24,14,2,9;3,15,5,22,20;5,11,12,18,22;4,12,17,22,20;5,6,23,13,7;3,4,18,22,16;2,25,26,27,14;5,16,20,18,17;0,5,15,24,6,19,13,10;6,11,14,15,23;1,3,4,26,21,2,10;4,12,27,21,25;11,12,26,21,14
torus_c41_w55_t1541 28 2,10,23,5,7,8;3,25,10,13,9;0,10,25,21,14,15,9,8;1,25,4,20,16,15,9;3,25,26,12,18,20;0,7,19,6,11,17,22,16,15,23;5,19,23,24,11;0,5,19,13,8;0,7,13,9,2;1,13,8,2,15,3;0,2,25,1,13,23;5,6,24,14,27,12,17;4,18,17,11,27,26;1,9,8,7,19,23,10;2,15,24,11,27,21;2,9,3,16,5,23,24,14;3,15,5,22,20;5,11,12,18,22;4,12,17,22,20;5,6,23,13,7;3,4,18,22,16;2,25,26,27,14;5,16,20,18,17;0,5,15,24,6,19,13,10;6,11,14,15,23;1,3,4,26,21,2,10;4,12,27,21,25;11,12,26,21,14
torus_c41_w55_t1618 28 2,10,23,5,7,8;3,25,10,13,9;0,10,25,21,14,15,3,9,8;1,25,4,20,16,15,2,9;3,25,26,12,18,20;0,7,19,6,11,17,22,16,15,23;5,19,23,24,11;0,5,19,13,8;0,7,13,9,2;1,13,8,2,3;0,2,25,1,13,23;5,6,24,14,27,12,17;4,18,17,11,27,26;1,9,8,7,19,23,10;2,15,24,11,27,21;2,3,16,5,23,24,14;3,15,5,22,20;5,11,12,18,22;4,12,17,22,20;5,6,23,13,7;3,4,18,22,16;2,25,26,27,14;5,16,20,18,17;0,5,15,24,6,19,13,10;6,11,14,15,23;1,3,4,26,21,2,10;4,12,27,21,25;11,12,26,21,14
