klein_c32_w2_t795 30 6,12,27,9,10;2,3,19,7,26,27,17,20;1,3,22,28,20;1,2,22,24,25,26,23,19;5,17,27,9,13;4,17,20,8,13;0,12,11,14,10;1,19,21,24,25,16,23,26;5,20,18,15,13;0,27,4,13,15,10;0,6,14,15,9;6,12,16,23,19,14;0,6,11,16,25,27;4,5,8,15,9;6,10,15,18,21,19,11;8,13,9,10,14,18;7,25,12,11,23;1,27,4,5,20;8,20,28,29,21,14,15;1,3,23,11,14,21,7;1,2,28,18,8,5,17;7,19,14,18,29,24;2,3,24,29,28;3,19,11,16,7,26;3,25,7,21,29,22;3,24,7,16,12,27,26;1,7,23,3,25,27;0,9,4,17,1,26,25,12;2,20,18,29,22;18,21,24,22,28
klein_c32_w2_t798 30 6,12,27,9,10;2,3,19,7,26,27,17,20;1,3,22,28,20;1,2,22,25,26,23,19;5,17,27,9,13;4,17,20,8,13;0,12,11,14,10;1,19,21,24,25,16,23,26;5,20,18,15,13;0,27,4,13,15,10;0,6,14,15,9;6,12,16,23,19,14;0,6,11,16,25,27;4,5,8,15,9;6,10,15,18,21,19,11;8,13,9,10,14,18;7,25,12,11,23;1,27,4,5,20;8,20,28,29,21,14,15;1,3,23,11,14,21,7;1,2,28,18,8,5,17;7,19,14,18,29,24;2,3,25,24,29,28;3,19,11,16,7,26;7,21,29,22,25;3,22,24,7,16,12,27,26;1,7,23,3,25,27;0,9,4,17,1,26,25,12;2,20,18,29,22;18,21,24,22,28
klein_c32_w2_t864 30 6,12,27,9,10;2,3,19,7,26,27,17,20;1,3,22,28,20;1,2,22,24,25,26,23,19;5,17,27,9,13;4,17,20,8,13;0,12,11,14,10;1,19,21,24,25,16,26;5,20,18,15,13;0,27,4,13,15,10;0,6,14,15,9;6,12,16,23,19,14;0,6,11,16,25,27;4,5,8,15,9;6,10,15,18,21,19,11;8,13,9,10,14,18;7,25,12,11,23,26;1,27,4,5,20;8,20,28,29,21,14,15;1,3,23,11,14,21,7;1,2,28,18,8,5,17;7,19,14,18,29,24;2,3,24,29,28;3,19,11,16,26;3,25,7,21,29,22;3,24,7,16,12,27,26;1,7,16,23,3,25,27;0,9,4,17,1,26,25,12;2,20,18,29,22;18,21,24,22,28
klein_c32_w2_t941 30 6,12,27,9,10;2,3,19,7,26,27,17,20;1,3,22,28,20;1,2,22,24,25,26,23,19;5,17,27,9,13;4,17,20,8,13;0,12,11,14,10;1,19,21,24,25,16,23,26;5,20,18,15,13;0,27,4,13,15,10;0,6,14,15,9;6,12,16,23,19,14;0,6,11,16,25,27;4,5,8,15,9;6,10,15,18,29,21,19,11;8,13,9,10,14,18;7,25,12,11,23;1,27,4,5,20;8,20,28,29,14,15;1,3,23,11,14,21,7;1,2,28,18,8,5,17;7,19,14,29,24;2,3,24,29,28;3,19,11,16,7,26;3,25,7,21,29,22;3,24,7,16,12,27,26;1,7,23,3,25,27;0,9,4,17,1,26,25,12;2,20,18,29,22;14,18,28,22,24,21
klein_c32_w2_t1090 30 6,12,27,9,10;2,3,19,7,26,27,17,20;1,3,22,28,20;1,2,22,24,25,26,23,19;5,17,27,9,13;4,17,20,8,13;0,12,11,14,10;1,19,14,21,24,25,16,23,26;5,20,18,15,13;0,27,4,13,15,10;0,6,14,15,9;6,12,16,23,19,14;0,6,11,16,25,27;4,5,8,15,9;6,10,15,18,21,7,19,11;8,13,9,10,14,18;7,25,12,11,23;1,27,4,5,20;8,20,28,29,21,14,15;1,3,23,11,14,7;1,2,28,18,8,5,17;7,24,29,18,14;2,3,24,29,28;3,19,11,16,7,26;3,25,7,21,29,22;3,24,7,16,12,27,26;1,7,23,3,25,27;0,9,4,17,1,26,25,12;2,20,18,29,22;18,21,24,22,28
klein_c32_w6_t598 30 6,11,24,17,22,28;2,16,13,14,7,27;1,16,12,22,25,27;7,8,26,25,27;5,28,22,12,11,20;4,28,6,10,9,23,20;0,11,12,10,5,28;1,27,3,8,14;3,7,14,21,26;5,10,19,15,23;5,6,12,19,9;0,6,12,4,20,24;2,16,18,19,10,6,11,4,22;1,14,29,18,16;1,7,8,21,29,13;9,19,21,29,23;1,2,12,18,13;0,24,29,19,22;12,16,13,29,19;9,10,12,18,29,17,22,21,15;4,5,23,29,24,11;8,14,29,15,19,22,26;0,28,4,12,2,25,26,21,19,17;5,9,15,29,20;0,17,29,20,11;2,27,3,26,22;3,8,21,22,25;1,7,3,25,2;0,22,4,5,6;13,14,21,15,23,20,24,17,19,18
klein_c32_w6_t608 30 6,11,24,17,22,28;2,16,13,14,7,27;1,16,12,22,25,27;7,8,26,25,27;5,28,22,12,11,20;4,28,10,9,23,20;0,11,12,10,28;1,27,3,8,14;3,7,14,21,26;5,10,19,15,23;5,28,6,12,19,9;0,6,12,4,20,24;2,16,18,19,10,6,11,4,22;1,14,29,18,16;1,7,8,21,29,13;9,19,21,29,23;1,2,12,18,13;0,24,29,19,22;12,16,13,29,19;9,10,12,18,29,17,22,21,15;4,5,23,29,24,11;8,14,29,15,19,22,26;0,28,4,12,2,25,26,21,19,17;5,9,15,29,20;0,17,29,20,11;2,27,3,26,22;3,8,21,22,25;1,7,3,25,2;0,22,4,5,10,6;13,14,21,15,23,20,24,17,19,18
klein_c32_w6_t625 30 6,11,24,17,22,28;2,16,13,14,7,27;1,16,12,22,25,27;7,8,26,25,27;5,28,22,12,11;4,28,6,10,9,23,20,11;0,11,12,10,5,28;1,27,3,8,14;3,7,14,21,26;5,10,19,15,23;5,6,12,19,9;0,6,12,4,5,20,24;2,16,18,19,10,6,11,4,22;1,14,29,18,16;1,7,8,21,29,13;9,19,21,29,23;1,2,12,18,13;0,24,29,19,22;12,16,13,29,19;9,10,12,18,29,17,22,21,15;5,11,24,29,23;8,14,29,15,19,22,26;0,28,4,12,2,25,26,21,19,17;5,9,15,29,20;0,17,29,20,11;2,27,3,26,22;3,8,21,22,25;1,7,3,25,2;0,22,4,5,6;13,14,21,15,23,20,24,17,19,18
klein_c32_w6_t644 30 6,11,24,17,22,28;2,16,13,14,7,27;1,16,12,22,25,27;7,8,26,25,27;5,28,22,12,11,20;4,28,6,10,9,23,20;0,11,12,10,5,28;1,27,3,8,14;3,7,14,21,26;5,10,19,15,23;5,6,12,18,19,9;0,6,12,4,20,24;2,16,18,10,6,11,4,22;1,14,29,18,16;1,7,8,21,29,13;9,19,21,29,23;1,2,12,18,13;0,24,29,19,22;10,12,16,13,29,19;9,10,18,29,17,22,21,15;4,5,23,29,24,11;8,14,29,15,19,22,26;0,28,4,12,2,25,26,21,19,17;5,9,15,29,20;0,17,29,20,11;2,27,3,26,22;3,8,21,22,25;1,7,3,25,2;0,22,4,5,6;13,14,21,15,23,20,24,17,19,18
klein_c32_w6_t665 30 11,28,22,17,24;2,16,13,14,7,27;1,16,12,22,25,27;7,8,26,25,27;5,28,22,12,11,20;4,28,6,10,9,23,20;5,10,12,11,28;1,27,3,8,14;3,7,14,21,26;5,10,19,15,23;5,6,12,19,9;0,28,6,12,4,20,24;2,16,18,19,10,6,11,4,22;1,14,29,18,16;1,7,8,21,29,13;9,19,21,29,23;1,2,12,18,13;0,24,29,19,22;12,16,13,29,19;9,10,12,18,29,17,22,21,15;4,5,23,29,24,11;8,14,29,15,19,22,26;0,28,4,12,2,25,26,21,19,17;5,9,15,29,20;0,17,29,20,11;2,27,3,26,22;3,8,21,22,25;1,7,3,25,2;0,22,4,5,6,11;13,14,21,15,23,20,24,17,19,18
klein_c32_w15_t646 28 6,19,11,22,7;6,7,15,26,23;5,12,11,15,14;4,24,13,18,11,22;3,24,20,26,23,22;2,12,17,16,14;0,19,25,23,1,7;0,6,1,15,27,20,21,22;9,10,16,14,15,27;8,10,13,24,27;8,9,13,18,17,16;0,19,15,2,12,18,3,22;2,11,18,17,5;3,24,9,10,18;2,5,16,8,15;1,7,27,8,14,2,11,19,25,21,20,26;5,14,8,10,17;5,12,18,10,16;3,11,12,17,10,13;0,6,25,15,11;4,24,27,7,21,15,26;7,22,25,15,20;0,11,3,4,23,25,21,7;1,6,25,22,4,26;3,4,20,27,9,13;6,19,15,21,22,23;1,15,20,4,23;7,15,8,9,24,20
klein_c32_w15_t652 28 6,19,11,22,7;6,7,27,15,26,23;5,12,11,15,14;4,24,13,18,11,22;3,24,20,26,23,22;2,12,17,16,14;0,19,25,23,1,7;0,6,1,27,20,21,22;9,10,16,14,15,27;8,10,13,24,27;8,9,13,18,17,16;0,19,15,2,12,18,3,22;2,11,18,17,5;3,24,9,10,18;2,5,16,8,15;1,27,8,14,2,11,19,25,21,20,26;5,14,8,10,17;5,12,18,10,16;3,11,12,17,10,13;0,6,25,15,11;4,24,27,7,21,15,26;7,22,25,15,20;0,11,3,4,23,25,21,7;1,6,25,22,4,26;3,4,20,27,9,13;6,19,15,21,22,23;1,15,20,4,23;1,7,20,24,9,8,15
klein_c32_w15_t678 28 6,19,11,22,7;6,7,27,15,26,23;5,12,11,15,14;4,24,13,18,11,22;3,24,20,26,23,22;2,12,17,16,14;0,19,25,23,1,7;0,6,1,27,20,21,22;9,10,16,14,15,27;8,10,13,24,27;8,9,13,18,17,16;0,19,15,2,12,18,3,22;2,11,18,17,5;3,24,9,10,18;2,5,16,8,15;1,27,8,14,2,11,19,21,20,26;5,14,8,10,17;5,12,18,10,16;3,11,12,17,10,13;0,6,25,21,15,11;4,24,27,7,21,15,26;7,22,25,19,15,20;0,11,3,4,23,25,21,7;1,6,25,22,4,26;3,4,20,27,9,13;6,19,21,22,23;1,15,20,4,23;1,7,20,24,9,8,15
klein_c32_w15_t686 28 6,19,11,22,7;6,7,15,26,23;5,12,11,15,14;4,24,13,18,11,22;3,24,20,26,23,22;2,12,17,16,14;0,19,25,23,1,7;0,6,1,15,27,20,21,22;9,10,16,14,15,27;8,10,13,24,27;8,9,13,18,17,16;0,19,15,2,12,18,3,22;2,11,18,17,5;3,24,9,10,18;2,5,16,8,15;1,7,27,8,14,2,11,19,21,20,26;5,14,8,10,17;5,12,18,10,16;3,11,12,17,10,13;0,6,25,21,15,11;4,24,27,7,21,15,26;7,22,25,19,15,20;0,11,3,4,23,25,21,7;1,6,25,22,4,26;3,4,20,27,9,13;6,19,21,22,23;1,15,20,4,23;7,15,8,9,24,20
klein_c32_w15_t690 28 1,6,19,11,22,7;0,6,23,26,15,27,7;5,12,11,15,14;4,24,13,18,11,22;3,24,20,26,23,22;2,12,17,16,14;0,19,25,23,1;0,1,27,20,21,22;9,10,16,14,15,27;8,10,13,24,27;8,9,13,18,17,16;0,19,15,2,12,18,3,22;2,11,18,17,5;3,24,9,10,18;2,5,16,8,15;1,27,8,14,2,11,19,21,20,26;5,14,8,10,17;5,12,18,10,16;3,11,12,17,10,13;0,6,25,21,15,11;4,24,27,7,21,15,26;7,22,25,19,15,20;0,11,3,4,23,25,21,7;1,6,25,22,4,26;3,4,20,27,9,13;6,19,21,22,23;1,15,20,4,23;1,7,20,24,9,8,15
klein_c32_w15_t708 28 1,6,19,11,22,7;0,6,23,26,15,27,7;5,12,11,15,14;11,22,24,13,18;20,24,22,23,26;2,12,17,16,14;0,19,25,23,1;0,1,27,20,21,22;9,10,16,14,15,27;8,10,13,24,27;8,9,13,18,17,16;0,19,15,2,12,18,3,22;2,11,18,17,5;3,24,9,10,18;2,5,16,8,15;1,27,8,14,2,11,19,21,20,26;5,14,8,10,17;5,12,18,10,16;3,11,12,17,10,13;0,6,25,21,15,11;4,24,27,7,21,15,26;7,22,25,19,15,20;0,11,3,24,4,23,25,21,7;1,6,25,22,4,26;3,22,4,20,27,9,13;6,19,21,22,23;1,15,20,4,23;1,7,20,24,9,8,15
klein_c32_w15_t710 28 1,6,19,11,7;0,6,23,26,15,27,7;5,12,11,15,14;11,22,24,13,18;20,24,22,23,26;2,12,17,16,14;0,19,25,23,1;0,1,27,20,21,22,11;9,10,16,14,15,27;8,10,13,24,27;8,9,13,18,17,16;0,19,15,2,12,18,3,22,7;2,11,18,17,5;3,24,9,10,18;2,5,16,8,15;1,27,8,14,2,11,19,21,20,26;5,14,8,10,17;5,12,18,10,16;3,11,12,17,10,13;0,6,25,21,15,11;4,24,27,7,21,15,26;7,22,25,19,15,20;3,11,7,21,25,23,4,24;1,6,25,22,4,26;3,22,4,20,27,9,13;6,19,21,22,23;1,15,20,4,23;1,7,20,24,9,8,15
klein_c32_w15_t818 28 1,6,19,11,22,7;0,6,23,26,15,27,7;5,12,11,15,14;11,22,24,13,18;20,24,22,23,26;2,12,17,16,14;0,19,25,23,1;0,1,27,20,21,22;9,10,16,14,15,27;8,10,13,24,27;8,9,13,18,17,16;0,19,15,2,12,18,3,22;2,11,18,17,5;3,24,9,10,18;2,5,16,8,15;1,27,8,14,2,11,19,21,20,26;5,14,8,10,17;5,12,18,10,16;3,11,12,17,10,13;0,6,25,21,15,11;4,24,27,7,21,15,26;7,22,25,19,15,20;0,7,21,25,23,4,24,3,11;1,6,25,22,4,26;3,22,4,20,27,9,13;6,19,21,22,23;1,15,20,4,23;1,7,20,24,9,8,15
klein_c32_w15_t831 28 1,6,19,11,22,7;0,6,23,26,15,27,7;5,12,11,15,14;4,22,11,18,13,24;3,22,23,26,20,24;2,12,17,16,14;0,19,25,23,1;0,1,27,20,21,22;9,10,16,14,15,27;8,10,13,24,27;8,9,13,18,17,16;0,19,15,2,12,18,3,22;2,11,18,17,5;3,24,9,10,18;2,5,16,8,15;1,27,8,14,2,11,19,21,20,26;5,14,8,10,17;5,12,18,10,16;3,11,12,17,10,13;0,6,25,21,15,11;4,24,27,7,21,15,26;7,22,25,19,15,20;0,7,21,25,23,4,3,11;1,6,25,22,4,26;3,13,9,27,20,4;6,19,21,22,23;1,15,20,4,23;1,7,20,24,9,8,15
klein_c32_w15_t876 28 1,6,19,11,22,21,7;0,6,23,26,15,27,7;5,12,11,15,14;11,22,24,13,18;20,24,22,23,26;2,12,17,16,14;0,19,25,23,1;0,1,27,20,21;9,10,16,14,15,27;8,10,13,24,27;8,9,13,18,17,16;0,19,15,2,12,18,3,22;2,11,18,17,5;3,24,9,10,18;2,5,16,8,15;1,27,8,14,2,11,19,21,20,26;5,14,8,10,17;5,12,18,10,16;3,11,12,17,10,13;0,6,25,21,15,11;4,24,27,7,21,15,26;0,7,20,15,19,25,22;0,21,25,23,4,24,3,11;1,6,25,22,4,26;3,22,4,20,27,9,13;6,19,21,22,23;1,15,20,4,23;1,7,20,24,9,8,15
klein_c32_w15_t896 28 1,6,19,11,22,21,7;0,6,23,26,15,27,7;5,12,11,15,14;11,22,24,13,18;20,27,24,22,23,26;2,12,17,16,14;0,19,25,23,1;0,1,27,20,21;9,10,16,14,15,27;8,10,13,24,27;8,9,13,18,17,16;0,19,15,2,12,18,3,22;2,11,18,17,5;3,24,9,10,18;2,5,16,8,15;1,27,8,14,2,11,19,21,20,26;5,14,8,10,17;5,12,18,10,16;3,11,12,17,10,13;0,6,25,21,15,11;4,27,7,21,15,26;0,7,20,15,19,25,22;0,21,25,23,4,24,3,11;1,6,25,22,4,26;3,22,4,27,9,13;6,19,21,22,23;1,15,20,4,23;1,7,20,4,24,9,8,15
klein_c32_w15_t952 28 1,6,19,11,22,21,7;0,6,23,26,15,27,7;5,12,11,15,14;11,22,24,13,18;20,24,22,23,26;2,12,17,16,14;0,19,25,23,1;0,1,27,24,20,21;9,10,16,14,15,27;8,10,13,24,27;8,9,13,18,17,16;0,19,15,2,12,18,3,22;2,11,18,17,5;3,24,9,10,18;2,5,16,8,15;1,27,8,14,2,11,19,21,20,26;5,14,8,10,17;5,12,18,10,16;3,11,12,17,10,13;0,6,25,21,15,11;4,24,7,21,15,26;0,7,20,15,19,25,22;0,21,25,23,4,24,3,11;1,6,25,22,4,26;3,22,4,20,7,27,9,13;6,19,21,22,23;1,15,20,4,23;1,7,24,9,8,15
klein_c32_w15_t973 28 1,6,19,11,22,21,7;0,6,23,26,15,27,7;5,12,11,15,14;11,22,24,13,18;20,24,22,23,26;2,12,17,16,14;0,19,25,23,1;0,1,27,20,21;9,10,16,14,15,27;8,10,13,24,27;8,9,13,18,17,16;0,19,15,2,12,18,3,22;2,11,18,17,5;3,24,9,10,18;2,5,16,8,15;1,27,8,14,2,11,19,21,26;5,14,8,10,17;5,12,18,10,16;3,11,12,17,10,13;0,6,25,21,15,11;4,24,27,7,21,26;0,7,20,26,15,19,25,22;0,21,25,23,4,24,3,11;1,6,25,22,4,26;3,22,4,20,27,9,13;6,19,21,22,23;1,15,21,20,4,23;1,7,20,24,9,8,15
klein_c32_w15_t975 28 1,6,19,15,11,22,21,7;0,6,23,26,15,27,7;5,12,11,15,14;11,22,24,13,18;20,24,22,23,26;2,12,17,16,14;0,19,25,23,1;0,1,27,20,21;9,10,16,14,15,27;8,10,13,24,27;8,9,13,18,17,16;0,15,2,12,18,3,22;2,11,18,17,5;3,24,9,10,18;2,5,16,8,15;0,11,2,14,8,27,1,26,20,21,19;5,14,8,10,17;5,12,18,10,16;3,11,12,17,10,13;0,6,25,21,15;4,24,27,7,21,15,26;0,7,20,15,19,25,22;0,21,25,23,4,24,3,11;1,6,25,22,4,26;3,22,4,20,27,9,13;6,19,21,22,23;1,15,20,4,23;1,7,20,24,9,8,15
klein_c32_w15_t995 28 6,19,11,22,21,7;6,7,27,15,26,23;5,12,11,15,14;11,22,24,13,18;20,24,22,23,26;2,12,17,16,14;0,19,25,23,1,7;0,6,1,27,20,21;9,10,16,14,15,27;8,10,13,24,27;8,9,13,18,17,16;0,19,15,2,12,18,3,22;2,11,18,17,5;3,24,9,10,18;2,5,16,8,15;1,27,8,14,2,11,19,21,20,26;5,14,8,10,17;5,12,18,10,16;3,11,12,17,10,13;0,6,25,21,15,11;4,24,27,7,21,15,26;0,7,20,15,19,25,22;0,21,25,23,4,24,3,11;1,6,25,22,4,26;3,22,4,20,27,9,13;6,19,21,22,23;1,15,20,4,23;1,7,20,24,9,8,15
klein_c32_w15_t1002 28 6,19,11,22,21,7;6,7,27,15,26,23;5,12,11,15,14;11,22,24,13,18;20,27,24,22,23,26;2,12,17,16,14;0,19,25,23,1,7;0,6,1,27,20,21;9,10,16,14,15,27;8,10,13,24,27;8,9,13,18,17,16;0,19,15,2,12,18,3,22;2,11,18,17,5;3,24,9,10,18;2,5,16,8,15;1,27,8,14,2,11,19,21,20,26;5,14,8,10,17;5,12,18,10,16;3,11,12,17,10,13;0,6,25,21,15,11;4,27,7,21,15,26;0,7,20,15,19,25,22;0,21,25,23,4,24,3,11;1,6,25,22,4,26;3,22,4,27,9,13;6,19,21,22,23;1,15,20,4,23;1,7,20,4,24,9,8,15
klein_c32_w15_t1030 28 6,19,11,22,21,20,7;6,7,27,15,26,23;5,12,11,15,14;11,22,24,13,18;20,24,22,23,26;2,12,17,16,14;0,19,25,23,1,7;0,6,1,27,20;9,10,16,14,15,27;8,10,13,24,27;8,9,13,18,17,16;0,19,15,2,12,18,3,22;2,11,18,17,5;3,24,9,10,18;2,5,16,8,15;1,27,8,14,2,11,19,21,20,26;5,14,8,10,17;5,12,18,10,16;3,11,12,17,10,13;0,6,25,21,15,11;0,7,27,24,4,26,15,21;0,22,25,19,15,20;0,21,25,23,4,24,3,11;1,6,25,22,4,26;3,22,4,20,27,9,13;6,19,21,22,23;1,15,20,4,23;1,7,20,24,9,8,15
klein_c32_w15_t1033 28 7,19,11,22,21;6,7,27,15,26,23;5,12,11,15,14;11,22,24,13,18;20,24,22,23,26;2,12,17,16,14;1,7,19,25,23;0,19,6,1,27,20,21;9,10,16,14,15,27;8,10,13,24,27;8,9,13,18,17,16;0,19,15,2,12,18,3,22;2,11,18,17,5;3,24,9,10,18;2,5,16,8,15;1,27,8,14,2,11,19,21,20,26;5,14,8,10,17;5,12,18,10,16;3,11,12,17,10,13;0,7,6,25,21,15,11;4,24,27,7,21,15,26;0,7,20,15,19,25,22;0,21,25,23,4,24,3,11;1,6,25,22,4,26;3,22,4,20,27,9,13;6,19,21,22,23;1,15,20,4,23;1,7,20,24,9,8,15
klein_c32_w15_t1047 28 6,19,11,22,21,7;6,7,27,15,26,23;5,12,11,15,14;4,22,11,18,13,24;3,22,23,26,20,24;2,12,17,16,14;0,19,25,23,1,7;0,6,1,27,20,21;9,10,16,14,15,27;8,10,13,24,27;8,9,13,18,17,16;0,19,15,2,12,18,3,22;2,11,18,17,5;3,24,9,10,18;2,5,16,8,15;1,27,8,14,2,11,19,21,20,26;5,14,8,10,17;5,12,18,10,16;3,11,12,17,10,13;0,6,25,21,15,11;4,24,27,7,21,15,26;0,7,20,15,19,25,22;0,21,25,23,4,3,11;1,6,25,22,4,26;3,13,9,27,20,4;6,19,21,22,23;1,15,20,4,23;1,7,20,24,9,8,15
klein_c32_w15_t1070 28 6,19,11,22,21,7;6,7,27,15,26,23;5,12,11,15,14;11,22,24,13,18;20,24,22,23,26;2,12,17,16,14;0,19,25,23,1,7;0,6,1,27,20,21;9,10,16,14,15,27;8,10,13,24,27;8,9,13,18,17,16;0,19,15,2,12,18,3,22;2,11,18,17,5;3,24,9,10,18;2,5,16,8,15;1,27,8,14,2,11,19,21,26;5,14,8,10,17;5,12,18,10,16;3,11,12,17,10,13;0,6,25,21,15,11;4,24,27,7,21,26;0,7,20,26,15,19,25,22;0,21,25,23,4,24,3,11;1,6,25,22,4,26;3,22,4,20,27,9,13;6,19,21,22,23;1,15,21,20,4,23;1,7,20,24,9,8,15
klein_c32_w15_t1079 28 6,19,11,22,21,7;6,7,27,15,26,23;5,12,11,15,14;11,22,24,13,18;20,24,22,23,26;2,12,17,16,14;0,19,25,23,1,7;0,6,1,27,24,20,21;9,10,16,14,15,27;8,10,13,24,27;8,9,13,18,17,16;0,19,15,2,12,18,3,22;2,11,18,17,5;3,24,9,10,18;2,5,16,8,15;1,27,8,14,2,11,19,21,20,26;5,14,8,10,17;5,12,18,10,16;3,11,12,17,10,13;0,6,25,21,15,11;4,24,7,21,15,26;0,7,20,15,19,25,22;0,21,25,23,4,24,3,11;1,6,25,22,4,26;3,22,4,20,7,27,9,13;6,19,21,22,23;1,15,20,4,23;1,7,24,9,8,15
klein_c32_w15_t1098 28 6,19,11,22,7;6,7,27,15,26,23;5,12,11,15,14;11,22,24,13,18;20,24,22,23,26;2,12,17,16,14;0,19,25,23,1,7;0,6,1,27,20,21,22;9,10,16,14,15,27;8,10,13,24,27;8,9,13,18,17,16;0,19,15,2,12,18,3,22;2,11,18,17,5;3,24,9,10,18;2,5,16,8,15;1,27,8,14,2,11,19,21,20,26;5,14,8,10,17;5,12,18,10,16;3,11,12,17,10,13;0,6,25,21,15,11;4,24,27,7,21,15,26;7,22,25,19,15,20;0,7,21,25,23,4,24,3,11;1,6,25,22,4,26;3,22,4,20,27,9,13;6,19,21,22,23;1,15,20,4,23;1,7,20,24,9,8,15
klein_c32_w15_t1143 28 6,19,11,22,21,7;6,7,27,15,26,23,25;5,12,11,15,14;11,22,24,13,18;20,24,22,23,26;2,12,17,16,14;0,19,25,1,7;0,6,1,27,20,21;9,10,16,14,15,27;8,10,13,24,27;8,9,13,18,17,16;0,19,15,2,12,18,3,22;2,11,18,17,5;3,24,9,10,18;2,5,16,8,15;1,27,8,14,2,11,19,21,20,26;5,14,8,10,17;5,12,18,10,16;3,11,12,17,10,13;0,6,25,21,15,11;4,24,27,7,21,15,26;0,7,20,15,19,25,22;0,21,25,23,4,24,3,11;1,25,22,4,26;3,22,4,20,27,9,13;1,6,19,21,22,23;1,15,20,4,23;1,7,20,24,9,8,15
klein_c32_w15_t1182 28 6,19,15,11,22,21,7;6,7,27,15,26,23;5,12,11,15,14;11,22,24,13,18;20,24,22,23,26;2,12,17,16,14;0,19,25,23,1,7;0,6,1,27,20,21;9,10,16,14,15,27;8,10,13,24,27;8,9,13,18,17,16;0,15,2,12,18,3,22;2,11,18,17,5;3,24,9,10,18;2,5,16,8,15;0,11,2,14,8,27,1,26,20,21,19;5,14,8,10,17;5,12,18,10,16;3,11,12,17,10,13;0,6,25,21,15;4,24,27,7,21,15,26;0,7,20,15,19,25,22;0,21,25,23,4,24,3,11;1,6,25,22,4,26;3,22,4,20,27,9,13;6,19,21,22,23;1,15,20,4,23;1,7,20,24,9,8,15
klein_c32_w23_t1154 28 6,8,11,17,10,23;8,15,22,12,19;3,16,20,24,26,22,27;2,16,4,25,27;3,16,10,17,25;6,8,7,14,13,21;0,8,5,21,23;5,8,19,13,21,23,12,14;0,6,5,7,19,1,15,11;12,20,16,26,22;0,23,12,24,26,16,4,17;0,8,15,18,17;1,22,9,20,24,10,23,7,14,19;5,21,7,19,14;5,7,12,19,13;1,22,18,11,8;2,3,4,10,26,9,20;0,10,4,25,18,11;11,15,22,27,25,17;1,8,7,13,14,12;2,24,12,9,16;5,13,7,23,6;1,15,18,27,2,26,9,12;0,10,12,7,21,6;2,20,12,10,26;3,4,17,18,27;2,24,10,16,9,22;2,3,25,18,22
klein_c32_w23_t1192 28 6,8,11,17,10,23;8,15,22,12,19;3,16,20,24,26,22,27;2,16,4,25,27;3,16,10,17,25;6,8,7,14,13,21;0,8,5,21,23;5,8,19,13,21,12,14;0,6,5,7,19,1,15,11;12,20,16,26,22;0,23,12,24,26,16,4,17;0,8,15,18,17;1,22,9,20,24,10,23,21,7,14,19;5,21,7,19,14;5,7,12,19,13;1,22,18,11,8;2,3,4,10,26,9,20;0,10,4,25,18,11;11,15,22,27,25,17;1,8,7,13,14,12;2,24,12,9,16;5,13,7,12,23,6;1,15,18,27,2,26,9,12;0,10,12,21,6;2,20,12,10,26;3,4,17,18,27;2,24,10,16,9,22;2,3,25,18,22
klein_c32_w30_t1164 30 2,26,20,7,10;3,19,21,28,20,23,29,14;0,26,6,13,17,10;1,19,7,10,17,14;15,24,28,21,18;8,27,16,11,25,12;2,26,16,11,13;0,10,3,19,23,20;5,27,24,22,12;12,22,14,17,25;0,7,3,17,2;5,25,13,6,16;5,25,9,22,8;2,6,11,25,17;1,3,17,9,22,18,29;4,24,27,26,20,18;5,27,26,6,11;2,10,3,14,9,25,13;4,15,20,28,22,14,29,19,21;1,3,7,23,29,18,21;0,7,23,1,28,18,15,26;1,19,18,4,28;8,24,28,18,14,9,12;1,20,7,19,29;4,15,27,8,22,28;5,11,13,17,9,12;0,2,6,16,27,15,20;5,8,24,15,26,16;1,21,4,24,22,18,20;1,14,18,19,23
klein_c32_w30_t1182 30 2,26,20,7,10;3,19,21,28,20,23,29,14;0,26,6,13,17,10;1,19,7,10,17,14;15,24,22,28,21,18;8,27,16,11,25,12;2,26,16,11,13;0,10,3,19,23,20;5,27,24,22,12;12,22,14,17,25;0,7,3,17,2;5,25,13,6,16;5,25,9,22,8;2,6,11,25,17;1,3,17,9,22,18,29;4,24,27,26,20,18;5,27,26,6,11;2,10,3,14,9,25,13;4,15,20,28,22,14,29,19,21;1,3,7,23,29,18,21;0,7,23,1,28,18,15,26;1,19,18,4,28;4,24,8,12,9,14,18,28;1,20,7,19,29;4,15,27,8,22;5,11,13,17,9,12;0,2,6,16,27,15,20;5,8,24,15,26,16;1,21,4,22,18,20;1,14,18,19,23
klein_c32_w30_t1198 30 2,26,20,7,10;3,19,21,28,20,23,29;0,26,6,13,17,10;1,19,7,10,17,14,29;15,24,28,21,18;8,27,16,11,25,12;2,26,16,11,13;0,10,3,19,23,20;5,27,24,22,12;12,22,14,17,25;0,7,3,17,2;5,25,13,6,16;5,25,9,22,8;2,6,11,25,17;3,17,9,22,18,29;4,24,27,26,20,18;5,27,26,6,11;2,10,3,14,9,25,13;4,15,20,28,22,14,29,19,21;1,3,7,23,29,18,21;0,7,23,1,28,18,15,26;1,19,18,4,28;8,24,28,18,14,9,12;1,20,7,19,29;4,15,27,8,22,28;5,11,13,17,9,12;0,2,6,16,27,15,20;5,8,24,15,26,16;1,21,4,24,22,18,20;1,3,14,18,19,23
klein_c32_w33_t590 29 6,13,18,7,15;3,20,9,10,25;5,14,21,20,26,22,19,16,7,15;1,20,21,27,5,6,13,25;5,28,22,26,8,27;2,14,28,4,27,3,6,15;0,13,3,5,15;0,15,2,16,18;4,26,20,23,14,27;1,20,16,11,10;1,9,11,12,25;9,16,18,12,10;10,11,18,13,25;0,6,3,25,12,18;2,5,28,24,23,8,27,21;0,7,2,5,6;2,7,18,11,9,20,17,19;16,19,24,23,20;0,7,16,11,12,13;2,22,28,24,17,16;1,3,21,2,26,8,23,17,16,9;2,20,3,27,14;2,19,28,4,26;8,20,17,24,14;14,23,17,19,28;1,10,12,13,3;2,22,4,8,20;3,5,4,8,14,21;4,5,14,24,19,22
klein_c32_w33_t592 29 6,13,18,7,15;3,20,9,10,25;5,28,14,21,20,26,22,19,16,7,15;1,20,21,27,5,6,13,25;5,28,22,26,8,27;2,28,4,27,3,6,15;0,13,3,5,15;0,15,2,16,18;4,26,20,23,14,27;1,20,16,11,10;1,9,11,12,25;9,16,18,12,10;10,11,18,13,25;0,6,3,25,12,18;2,21,27,8,23,24,28;0,7,2,5,6;2,7,18,11,9,20,17,19;16,19,24,23,20;0,7,16,11,12,13;2,22,28,24,17,16;1,3,21,2,26,8,23,17,16,9;2,20,3,27,14;2,19,28,4,26;8,20,17,24,14;14,23,17,19,28;1,10,12,13,3;2,22,4,8,20;3,5,4,8,14,21;2,5,4,22,19,24,14
klein_c32_w33_t600 29 6,13,18,7,15;3,20,9,10,25;5,14,21,20,26,22,16,7,15;1,20,21,27,5,6,13,25;5,28,22,26,8,27;2,14,28,4,27,3,6,15;0,13,3,5,15;0,15,2,16,18;4,26,20,23,14,27;1,20,16,11,10;1,9,11,12,25;9,16,18,12,10;10,11,18,13,25;0,6,3,25,12,18;2,5,28,24,23,8,27,21;0,7,2,5,6;2,7,18,11,9,20,17,19,22;16,19,24,23,20;0,7,16,11,12,13;16,17,24,28,22;1,3,21,2,26,8,23,17,16,9;2,20,3,27,14;2,16,19,28,4,26;8,20,17,24,14;14,23,17,19,28;1,10,12,13,3;2,22,4,8,20;3,5,4,8,14,21;4,5,14,24,19,22
klein_c32_w33_t610 29 6,13,18,7,15;3,20,9,10,25;5,14,21,20,26,22,16,7,15;1,20,21,27,5,6,13,25;5,28,22,26,8,27;2,14,24,28,4,27,3,6,15;0,13,3,5,15;0,15,2,16,18;4,26,20,23,14,27;1,20,16,11,10;1,9,11,12,25;9,16,18,12,10;10,11,18,13,25;0,6,3,25,12,18;2,5,24,23,8,27,21;0,7,2,5,6;2,7,18,11,9,20,17,19,22;16,19,24,23,20;0,7,16,11,12,13;16,17,24,28,22;1,3,21,2,26,8,23,17,16,9;2,20,3,27,14;2,16,19,28,4,26;8,20,17,24,14;5,14,23,17,19,28;1,10,12,13,3;2,22,4,8,20;3,5,4,8,14,21;4,5,24,19,22
klein_c32_w33_t621 29 6,13,18,7,15;3,20,9,10,25;5,14,21,20,26,22,16,7,15;1,20,21,27,5,6,13,25;5,22,26,8,27;2,14,28,22,4,27,3,6,15;0,13,3,5,15;0,15,2,16,18;4,26,20,23,14,27;1,20,16,11,10;1,9,11,12,25;9,16,18,12,10;10,11,18,13,25;0,6,3,25,12,18;2,5,28,24,23,8,27,21;0,7,2,5,6;2,7,18,11,9,20,17,19,22;16,19,24,23,20;0,7,16,11,12,13;16,17,24,28,22;1,3,21,2,26,8,23,17,16,9;2,20,3,27,14;2,16,19,28,5,4,26;8,20,17,24,14;14,23,17,19,28;1,10,12,13,3;2,22,4,8,20;3,5,4,8,14,21;5,22,19,24,14
klein_c32_w33_t623 29 6,13,18,7,15;3,20,9,10,25;5,14,21,20,26,22,16,7,15;1,20,21,27,5,6,13,25;5,14,28,22,26,8,27;2,14,4,27,3,6,15;0,13,3,5,15;0,15,2,16,18;4,26,20,23,14,27;1,20,16,11,10;1,9,11,12,25;9,16,18,12,10;10,11,18,13,25;0,6,3,25,12,18;2,5,4,28,24,23,8,27,21;0,7,2,5,6;2,7,18,11,9,20,17,19,22;16,19,24,23,20;0,7,16,11,12,13;16,17,24,28,22;1,3,21,2,26,8,23,17,16,9;2,20,3,27,14;2,16,19,28,4,26;8,20,17,24,14;14,23,17,19,28;1,10,12,13,3;2,22,4,8,20;3,5,4,8,14,21;4,22,19,24,14
klein_c32_w33_t646 29 6,13,18,7,15;3,20,9,10,25;5,14,21,20,26,22,16,7,15;1,20,21,27,5,6,13,25;5,28,26,8,27;2,14,28,4,27,3,6,15;0,13,3,5,15;0,15,2,16,18;4,26,20,23,14,27;1,20,16,11,10;1,9,11,12,25;9,16,18,12,10;10,11,18,13,25;0,6,3,25,12,18;2,5,28,24,23,8,27,21;0,7,2,5,6;2,7,18,11,9,20,17,19,22;16,19,24,23,20;0,7,16,11,12,13;16,17,24,28,22;1,3,21,2,26,8,23,17,16,9;2,20,3,27,14;2,16,19,28,26;8,20,17,24,14;14,23,17,19,28;1,10,12,13,3;2,22,28,4,8,20;3,5,4,8,14,21;4,26,22,19,24,14,5
klein_c32_w33_t648 29 6,13,18,7,15;3,20,9,10,25;5,14,21,20,26,22,16,7,15;1,20,21,27,5,6,13,25;5,28,26,20,8,27;2,14,28,4,27,3,6,15;0,13,3,5,15;0,15,2,16,18;4,20,23,14,27;1,20,16,11,10;1,9,11,12,25;9,16,18,12,10;10,11,18,13,25;0,6,3,25,12,18;2,5,28,24,23,8,27,21;0,7,2,5,6;2,7,18,11,9,20,17,19,22;16,19,24,23,20;0,7,16,11,12,13;16,17,24,28,22;1,3,21,2,26,4,8,23,17,16,9;2,20,3,27,14;2,16,19,28,26;8,20,17,24,14;14,23,17,19,28;1,10,12,13,3;2,22,28,4,20;3,5,4,8,14,21;4,26,22,19,24,14,5
klein_c32_w33_t660 29 6,13,18,7,15;3,20,9,10,25;5,14,21,20,26,22,16,7,15;1,20,21,27,5,6,13,25;5,28,26,8,27;2,14,28,4,27,3,6,15;0,13,3,5,15;0,15,2,16,18;4,26,20,23,14,21,27;1,20,16,11,10;1,9,11,12,25;9,16,18,12,10;10,11,18,13,25;0,6,3,25,12,18;2,5,28,24,23,8,21;0,7,2,5,6;2,7,18,11,9,20,17,19,22;16,19,24,23,20;0,7,16,11,12,13;16,17,24,28,22;1,3,21,2,26,8,23,17,16,9;2,20,3,27,8,14;2,16,19,28,26;8,20,17,24,14;14,23,17,19,28;1,10,12,13,3;2,22,28,4,8,20;3,5,4,8,21;4,26,22,19,24,14,5
klein_c32_w33_t664 29 6,13,18,7,15;3,20,9,10,25;5,14,21,20,26,22,16,7,15;1,20,21,27,5,6,13,25;5,28,26,8,27;2,14,24,28,4,27,3,6,15;0,13,3,5,15;0,15,2,16,18;4,26,20,23,14,27;1,20,16,11,10;1,9,11,12,25;9,16,18,12,10;10,11,18,13,25;0,6,3,25,12,18;2,5,24,23,8,27,21;0,7,2,5,6;2,7,18,11,9,20,17,19,22;16,19,24,23,20;0,7,16,11,12,13;16,17,24,28,22;1,3,21,2,26,8,23,17,16,9;2,20,3,27,14;2,16,19,28,26;8,20,17,24,14;5,14,23,17,19,28;1,10,12,13,3;2,22,28,4,8,20;3,5,4,8,14,21;4,26,22,19,24,5
klein_c32_w33_t698 29 6,13,18,7,15;3,20,9,10,25;5,14,21,20,22,16,7,15;1,20,21,27,5,6,13,25;5,28,26,8,27;2,14,28,4,27,3,6,15;0,13,3,5,15;0,15,2,16,18;4,26,20,23,14,27;1,20,16,11,10;1,9,11,12,25;9,16,18,12,10;10,11,18,13,25;0,6,3,25,12,18;2,5,28,24,23,8,27,21;0,7,2,5,6;2,7,18,11,9,20,17,19,22;16,19,24,23,20;0,7,16,11,12,13;16,17,24,28,22;1,3,21,2,22,26,8,23,17,16,9;2,20,3,27,14;2,16,19,28,26,20;8,20,17,24,14;14,23,17,19,28;1,10,12,13,3;4,28,22,20,8;3,5,4,8,14,21;4,26,22,19,24,14,5
klein_c32_w33_t711 29 6,13,18,7,15;3,20,9,10,25;5,14,21,20,26,22,16,7,15;1,20,21,27,5,6,13,25;5,28,26,8,27;2,14,28,4,27,3,6,15;0,13,3,5,15;0,15,2,16,18;4,26,23,14,27;1,20,16,11,10;1,9,11,12,25;9,16,18,12,10;10,11,18,13,25;0,6,3,25,12,18;2,5,28,24,23,8,27,21;0,7,2,5,6;2,7,18,11,9,20,17,19,22;16,19,24,23,20;0,7,16,11,12,13;16,17,24,28,22;1,3,21,2,26,23,17,16,9;2,20,3,27,14;2,16,19,28,26;8,26,20,17,24,14;14,23,17,19,28;1,10,12,13,3;2,22,28,4,8,23,20;3,5,4,8,14,21;4,26,22,19,24,14,5
klein_c32_w33_t718 29 6,13,18,7,15;3,20,9,10,25;5,14,21,20,26,22,16,7,15;1,20,21,27,5,6,13,25;5,28,26,8,27;2,14,28,4,27,3,6,15;0,13,3,5,15;0,15,2,16,18;4,26,20,23,27;1,20,16,11,10;1,9,11,12,25;9,16,18,12,10;10,11,18,13,25;0,6,3,25,12,18;2,5,28,24,23,27,21;0,7,2,5,6;2,7,18,11,9,20,17,19,22;16,19,24,23,20;0,7,16,11,12,13;16,17,24,28,22;1,3,21,2,26,8,23,17,16,9;2,20,3,27,14;2,16,19,28,26;8,20,17,24,14,27;14,23,17,19,28;1,10,12,13,3;2,22,28,4,8,20;3,5,4,8,23,14,21;4,26,22,19,24,14,5
klein_c32_w41_t1327 28 3,4,24,18,21,25,9,15,11;2,7,4,24,23;1,7,13,8,23;0,4,7,13,5,16,11;0,3,7,1,24;3,13,8,10,6,16;5,10,12,20,14,26,16;1,4,3,13,2;2,13,5,10,22,23;0,15,26,14,25;5,6,12,22,8;0,3,16,27,14,15;6,10,22,17,19,20;2,7,3,5,8;6,26,9,25,15,11,27,20;0,11,14,25,21,26,9;3,5,6,26,21,27,11;12,19,18,24,23,22;0,21,27,19,17,24;12,17,18,27,20;6,14,27,19,12;0,18,27,16,26,15,25;8,10,12,17,23;1,24,17,22,8,2;0,4,1,23,17,18;0,9,14,15,21;6,14,9,15,21,16;11,16,21,18,19,20,14
klein_c32_w41_t1336 28 3,4,24,18,21,25,9,15;2,7,4,24,23;1,7,13,8,23;0,4,7,13,5,16,11,15;0,3,7,1,24;3,13,8,10,6,16;5,10,12,20,14,26,16;1,4,3,13,2;2,13,5,10,22,23;0,15,26,14,25;5,6,12,22,8;3,15,14,27,16;6,10,22,17,19,20;2,7,3,5,8;6,26,9,25,15,11,27,20;0,3,11,14,25,21,26,9;3,5,6,26,21,27,11;12,19,18,24,23,22;0,21,27,19,17,24;12,17,18,27,20;6,14,27,19,12;0,18,27,16,26,15,25;8,10,12,17,23;1,24,17,22,8,2;0,4,1,23,17,18;0,9,14,15,21;6,14,9,15,21,16;11,16,21,18,19,20,14
klein_c32_w41_t1377 28 3,4,24,18,21,25,9,15,11;2,7,4,24,23;1,7,13,8,23;0,4,7,13,5,16,11;0,3,7,1,24;3,13,8,10,6,16;5,10,12,20,14,26,16;1,4,3,13,2;2,13,5,10,22,23;0,15,26,14,25;5,6,12,22,8;0,3,16,27,14,15;6,10,22,17,19,20;2,7,3,5,8;6,26,9,25,15,11,27,20;0,11,14,25,21,16,26,9;3,5,6,26,15,21,27,11;12,19,18,24,23,22;0,21,27,19,17,24;12,17,18,27,20;6,14,27,19,12;0,18,27,16,15,25;8,10,12,17,23;1,24,17,22,8,2;0,4,1,23,17,18;0,9,14,15,21;6,14,9,15,16;11,16,21,18,19,20,14
klein_c32_w41_t1416 28 3,4,24,18,21,25,9,15;2,7,4,24,23;1,7,13,8,23;0,4,7,13,5,16,11,15;0,3,7,1,24;3,13,8,10,6,16;5,10,12,20,14,26,16;1,4,3,13,2;2,13,5,10,22,23;0,15,26,14,25;5,6,12,22,8;3,15,14,27,16;6,10,22,17,19,20;2,7,3,5,8;6,26,9,25,15,11,27,20;0,3,11,14,25,21,16,26,9;3,5,6,26,15,21,27,11;12,19,18,24,23,22;0,21,27,19,17,24;12,17,18,27,20;6,14,27,19,12;0,18,27,16,15,25;8,10,12,17,23;1,24,17,22,8,2;0,4,1,23,17,18;0,9,14,15,21;6,14,9,15,16;11,16,21,18,19,20,14
klein_c32_w41_t1656 28 3,4,24,18,21,25,9,15,11;2,7,4,24,23;1,7,13,8,23;0,4,7,13,5,16,11;0,3,7,1,24;3,13,8,10,6,16;5,10,12,20,14,26,16;1,4,3,13,2;2,13,5,10,22,23;0,15,26,14,25;5,6,12,22,8;0,3,16,27,14,15;6,10,22,17,19,20;2,7,3,5,8;6,26,9,25,15,11,27,20;0,11,14,25,21,26,9;3,5,6,26,27,11;12,19,18,24,23,22;0,21,27,19,17,24;12,17,18,27,20;6,14,27,19,12;0,18,27,26,15,25;8,10,12,17,23;1,24,17,22,8,2;0,4,1,23,17,18;0,9,14,15,21;6,14,9,15,21,27,16;11,16,26,21,18,19,20,14
klein_c32_w50_t627 30 1,13,25,17,6;0,13,19,2,28,23,29,6;1,19,8,26,28;4,5,10,9,8,26;3,5,7,24,26;3,4,7,13,25,29,10;0,17,11,14,10,29,1;4,5,13,19,24;2,19,15,9,3,26;3,8,15,14,10;3,5,29,6,14,9;6,17,27,22,14;16,21,27,25,18;0,1,19,7,5,25;6,10,9,15,20,28,22,11;8,19,20,14,9;12,21,28,23,18;0,6,11,27,25;12,16,23,29,25;1,2,8,15,20,24,7,13;14,15,19,24,28;12,16,28,22,27;11,14,28,21,27;1,28,16,18,29;4,7,19,20,28,26;0,13,5,29,18,12,27,17;2,28,24,4,3,8;11,17,25,12,21,22;1,2,26,24,20,14,22,21,16,23;1,6,10,5,25,18,23
klein_c32_w50_t637 30 1,13,25,17,6;0,13,19,2,28,23,29,6;1,19,8,26,28;4,5,10,9,8,26;3,5,7,24,26;3,4,7,13,25,29,6,10;0,17,11,14,10,5,29,1;4,5,13,19,24;2,19,15,9,3,26;3,8,15,14,10;3,5,6,14,9;6,17,27,22,14;16,21,27,25,18;0,1,19,7,5,25;6,10,9,15,20,28,22,11;8,19,20,14,9;12,21,28,23,18;0,6,11,27,25;12,16,23,29,25;1,2,8,15,20,24,7,13;14,15,19,24,28;12,16,28,22,27;11,14,28,21,27;1,28,16,18,29;4,7,19,20,28,26;0,13,5,29,18,12,27,17;2,28,24,4,3,8;11,17,25,12,21,22;1,2,26,24,20,14,22,21,16,23;1,6,5,25,18,23
klein_c32_w50_t638 30 1,13,25,17,6;0,13,19,2,28,23,29,6;1,19,15,8,26,28;4,5,10,9,8,26;3,5,7,24,26;3,4,7,13,25,29,6,10;0,17,11,14,10,5,29,1;4,5,13,19,24;2,15,9,3,26;3,8,15,14,10;3,5,6,14,9;6,17,27,22,14;16,21,27,25,18;0,1,19,7,5,25;6,10,9,15,20,28,22,11;2,8,9,14,20,19;12,21,28,23,18;0,6,11,27,25;12,16,23,29,25;1,2,15,20,24,7,13;14,15,19,24,28;12,16,28,22,27;11,14,28,21,27;1,28,16,18,29;4,7,19,20,28,26;0,13,5,29,18,12,27,17;2,28,24,4,3,8;11,17,25,12,21,22;1,2,26,24,20,14,22,21,16,23;1,6,5,25,18,23
klein_c32_w50_t646 30 1,13,25,17,6;0,13,19,2,28,23,29,6;1,19,8,26,28;4,5,10,9,8;3,5,7,24,26,8;3,4,7,13,25,29,6,10;0,17,11,14,10,5,29,1;4,5,13,19,24;2,19,15,9,3,4,26;3,8,15,14,10;3,5,6,14,9;6,17,27,22,14;16,21,27,25,18;0,1,19,7,5,25;6,10,9,15,20,28,22,11;8,19,20,14,9;12,21,28,23,18;0,6,11,27,25;12,16,23,29,25;1,2,8,15,20,24,7,13;14,15,19,24,28;12,16,28,22,27;11,14,28,21,27;1,28,16,18,29;4,7,19,20,28,26;0,13,5,29,18,12,27,17;2,28,24,4,8;11,17,25,12,21,22;1,2,26,24,20,14,22,21,16,23;1,6,5,25,18,23
klein_c32_w50_t688 30 1,13,25,17,6;0,13,19,2,28,23,29,6;1,19,8,26,28;4,5,10,9,8;3,5,7,24,26,8;3,4,7,13,25,29,10;0,17,11,14,10,29,1;4,5,13,19,24;2,19,15,9,3,4,26;3,8,15,14,10;3,5,29,6,14,9;6,17,27,22,14;16,21,27,25,18;0,1,19,7,5,25;6,10,9,15,20,28,22,11;8,19,20,14,9;12,21,28,23,18;0,6,11,27,25;12,16,23,29,25;1,2,8,15,20,24,7,13;14,15,19,24,28;12,16,28,22,27;11,14,28,21,27;1,28,16,18,29;4,7,19,20,28,26;0,13,5,29,18,12,27,17;2,28,24,4,8;11,17,25,12,21,22;1,2,26,24,20,14,22,21,16,23;1,6,10,5,25,18,23
klein_c32_w50_t825 30 1,13,25,17,6;0,13,19,2,28,23,29,6;1,19,15,8,26,28;4,5,10,9,8,26;3,5,7,24,26;3,4,7,13,25,29,10;0,17,11,14,10,29,1;4,5,13,19,24;2,15,9,3,26;3,8,15,14,10;3,5,29,6,14,9;6,17,27,22,14;16,21,27,25,18;0,1,19,7,5,25;6,10,9,15,20,28,22,11;2,8,9,14,20,19;12,21,28,23,18;0,6,11,27,25;12,16,23,29,25;1,2,15,20,24,7,13;14,15,19,24,28;12,16,28,22,27;11,14,28,21,27;1,28,16,18,29;4,7,19,20,28,26;0,13,5,29,18,12,27,17;2,28,24,4,3,8;11,17,25,12,21,22;1,2,26,24,20,14,22,21,16,23;1,6,10,5,25,18,23
klein_c32_w50_t910 30 1,13,25,17,6;0,13,19,2,28,23,29,6;1,19,15,8,26,28;4,5,10,9,8;3,5,7,24,26,8;3,4,7,13,25,29,6,10;0,17,11,14,10,5,29,1;4,5,13,19,24;2,15,9,3,4,26;3,8,15,14,10;3,5,6,14,9;6,17,27,22,14;16,21,27,25,18;0,1,19,7,5,25;6,10,9,15,20,28,22,11;2,8,9,14,20,19;12,21,28,23,18;0,6,11,27,25;12,16,23,29,25;1,2,15,20,24,7,13;14,15,19,24,28;12,16,28,22,27;11,14,28,21,27;1,28,16,18,29;4,7,19,20,28,26;0,13,5,29,18,12,27,17;2,28,24,4,8;11,17,25,12,21,22;1,2,26,24,20,14,22,21,16,23;1,6,5,25,18,23
klein_c32_w50_t919 30 1,13,25,17,6;0,13,19,2,28,23,29,6;1,19,15,8,26,28;4,5,10,9,8;3,5,7,24,26,8;3,4,7,13,25,29,10;0,17,11,14,10,29,1;4,5,13,19,24;2,15,9,3,4,26;3,8,15,14,10;3,5,29,6,14,9;6,17,27,22,14;16,21,27,25,18;0,1,19,7,5,25;6,10,9,15,20,28,22,11;2,8,9,14,20,19;12,21,28,23,18;0,6,11,27,25;12,16,23,29,25;1,2,15,20,24,7,13;14,15,19,24,28;12,16,28,22,27;11,14,28,21,27;1,28,16,18,29;4,7,19,20,28,26;0,13,5,29,18,12,27,17;2,28,24,4,8;11,17,25,12,21,22;1,2,26,24,20,14,22,21,16,23;1,6,10,5,25,18,23
klein_c32_w50_t1142 30 1,13,25,17,6;0,13,19,2,28,23,29,6;1,19,15,8,26,28;4,5,10,9,8;3,5,7,26,8;3,4,7,13,25,29,10;0,17,11,14,10,29,1;4,5,13,19,24,26;2,15,9,3,4,26;3,8,15,14,10;3,5,29,6,14,9;6,17,27,22,14;16,21,27,25,18;0,1,19,7,5,25;6,10,9,15,20,28,22,11;2,8,9,14,20,19;12,21,28,23,18;0,6,11,27,25;12,16,23,29,25;1,2,15,20,24,7,13;14,15,19,24,28;12,16,28,22,27;11,14,28,21,27;1,28,16,18,29;7,19,20,28,26;0,13,5,29,18,12,27,17;2,28,24,7,4,8;11,17,25,12,21,22;1,2,26,24,20,14,22,21,16,23;1,6,10,5,25,18,23
klein_c32_w50_t1607 30 1,13,25,17,6;0,13,19,2,28,23,29,6;1,19,15,8,26,28;4,5,10,9,8;3,5,7,26,8;3,4,7,13,25,29,6,10;0,17,11,14,10,5,29,1;4,5,13,19,24,26;2,15,9,3,4,26;3,8,15,14,10;3,5,6,14,9;6,17,27,22,14;16,21,27,25,18;0,1,19,7,5,25;6,10,9,15,20,28,22,11;2,8,9,14,20,19;12,21,28,23,18;0,6,11,27,25;12,16,23,29,25;1,2,15,20,24,7,13;14,15,19,24,28;12,16,28,22,27;11,14,28,21,27;1,28,16,18,29;7,19,20,28,26;0,13,5,29,18,12,27,17;2,28,24,7,4,8;11,17,25,12,21,22;1,2,26,24,20,14,22,21,16,23;1,6,5,25,18,23
klein_c32_w52_t1174 28 1,5,8,26,25,11;0,5,22,20,14,11;7,15,9,12,24,23;5,8,21,6,22;7,12,19,27,18,23;0,1,22,3,8;3,21,17,20,22;2,15,16,18,24,12,4,23;0,5,3,21,16,13,26;2,15,17,20,14,10,12;9,12,19,11,14;0,25,13,19,10,14,1;2,9,10,19,4,7,24;8,16,25,11,19,26;1,20,9,10,11;2,7,16,17,9;7,15,17,21,8,13,25,27,18;6,20,9,15,16,21;4,23,24,7,16,27;4,12,10,11,13,26,27;1,14,9,17,6,22;3,6,17,16,8;1,5,3,6,20;2,7,4,18,24;2,23,18,7,12;0,11,13,16,27,26;0,8,13,19,27,25;4,18,16,25,26,19
klein_c32_w52_t1220 28 1,5,8,26,25,11;0,5,22,20,14,11;7,15,9,12,24,23;5,8,21,6,22;7,12,19,27,18,23;0,1,22,3,8;3,21,17,20,22;2,15,16,27,18,24,12,4,23;0,5,3,21,16,13,26;2,15,17,20,14,10,12;9,12,19,11,14;0,25,13,19,10,14,1;2,9,10,19,4,7,24;8,16,25,11,19,26;1,20,9,10,11;2,7,16,17,9;7,15,17,21,8,13,25,27;6,20,9,15,16,21;4,23,24,7,27;4,12,10,11,13,26,27;1,14,9,17,6,22;3,6,17,16,8;1,5,3,6,20;2,7,4,18,24;2,23,18,7,12;0,11,13,16,27,26;0,8,13,19,27,25;4,18,7,16,25,26,19
klein_c32_w73_t1051 27 7,15,20,14,9;2,12,5,18,25,19;1,12,4,8,23,19;7,8,13,25,18;2,8,7,9,22,12;1,12,17,15,7,19,23,18;16,24,17,20,21;0,15,5,19,26,18,3,8,4,9;2,4,7,3,13,23;0,7,4,22,14;11,16,21,14,22;10,16,24,12,22;1,2,4,22,11,24,17,5;3,8,23,26,25;0,20,21,10,22,9;0,7,5,17,20;6,24,11,10,21;5,15,20,6,24,12;1,5,23,26,7,3,25;1,2,23,5,7,26,25;0,14,21,6,17,15;6,20,14,10,16;4,12,11,10,14,9;2,8,13,26,18,5,19;6,16,11,12,17;1,19,26,13,3,18;7,18,23,13,25,19
klein_c32_w73_t1055 27 7,15,20,14,9;2,12,5,18,25,19;1,12,4,23,19;7,8,13,25,18;2,23,8,7,9,22,12;1,12,17,15,7,19,23,18;16,24,17,20,21;0,15,5,19,26,18,3,8,4,9;3,7,4,23,13;0,7,4,22,14;11,16,21,14,22;10,16,24,12,22;1,2,4,22,11,24,17,5;3,8,23,26,25;0,20,21,10,22,9;0,7,5,17,20;6,24,11,10,21;5,15,20,6,24,12;1,5,23,26,7,3,25;1,2,23,5,7,26,25;0,14,21,6,17,15;6,20,14,10,16;4,12,11,10,14,9;2,4,8,13,26,18,5,19;6,16,11,12,17;1,19,26,13,3,18;7,18,23,13,25,19
klein_c32_w73_t1076 27 7,15,20,14,9;2,12,5,25,19;1,12,4,23,19;7,8,13,25,18;2,23,8,7,9,22,12;1,12,17,15,7,19,23,18,25;16,24,17,20,21;0,15,5,19,26,18,3,8,4,9;3,7,4,23,13;0,7,4,22,14;11,16,21,14,22;10,16,24,12,22;1,2,4,22,11,24,17,5;3,8,23,26,25;0,20,21,10,22,9;0,7,5,17,20;6,24,11,10,21;5,15,20,6,24,12;3,7,26,23,5,25;1,2,23,5,7,26,25;0,14,21,6,17,15;6,20,14,10,16;4,12,11,10,14,9;2,4,8,13,26,18,5,19;6,16,11,12,17;1,5,18,3,13,26,19;7,18,23,13,25,19
klein_c32_w73_t1110 27 7,15,20,14,9;2,12,5,18,25,19;1,12,4,23,19;7,8,13,25,18;2,23,8,7,9,22,12;1,12,17,15,7,19,23,26,18;16,24,17,20,21;0,15,5,19,26,18,3,8,4,9;3,7,4,23,13;0,7,4,22,14;11,16,21,14,22;10,16,24,12,22;1,2,4,22,11,24,17,5;3,8,23,26,25;0,20,21,10,22,9;0,7,5,17,20;6,24,11,10,21;5,15,20,6,24,12;1,5,26,7,3,25;1,2,23,5,7,26,25;0,14,21,6,17,15;6,20,14,10,16;4,12,11,10,14,9;2,4,8,13,26,5,19;6,16,11,12,17;1,19,26,13,3,18;5,18,7,19,25,13,23
klein_c32_w73_t1135 27 7,15,20,14,9;2,12,5,18,25,19;1,12,4,23,19;7,8,13,25,18;2,23,8,7,9,22,12;1,12,17,15,7,26,19,23,18;16,24,17,20,21;0,15,5,26,18,3,8,4,9;3,7,4,23,13;0,7,4,22,14;11,16,21,14,22;10,16,24,12,22;1,2,4,22,11,24,17,5;3,8,23,26,25;0,20,21,10,22,9;0,7,5,17,20;6,24,11,10,21;5,15,20,6,24,12;1,5,23,26,7,3,25;1,2,23,5,26,25;0,14,21,6,17,15;6,20,14,10,16;4,12,11,10,14,9;2,4,8,13,26,18,5,19;6,16,11,12,17;1,19,26,13,3,18;5,7,18,23,13,25,19
klein_c32_w73_t1171 27 7,15,20,14,9;2,12,5,23,18,25,19;1,12,4,23,19;7,8,13,25,18;2,23,8,7,9,22,12;1,12,17,15,7,19,23;16,24,17,20,21;0,15,5,19,26,18,3,8,4,9;3,7,4,23,13;0,7,4,22,14;11,16,21,14,22;10,16,24,12,22;1,2,4,22,11,24,17,5;3,8,23,26,25;0,20,21,10,22,9;0,7,5,17,20;6,24,11,10,21;5,15,20,6,24,12;1,23,26,7,3,25;1,2,23,5,7,26,25;0,14,21,6,17,15;6,20,14,10,16;4,12,11,10,14,9;1,5,19,2,4,8,13,26,18;6,16,11,12,17;1,19,26,13,3,18;7,18,23,13,25,19
klein_c32_w73_t1178 27 7,15,20,14,9;2,12,5,18,25;1,12,4,23,19,25;7,8,13,25,18;2,23,8,7,9,22,12;1,12,17,15,7,19,23,18;16,24,17,20,21;0,15,5,19,26,18,3,8,4,9;3,7,4,23,13;0,7,4,22,14;11,16,21,14,22;10,16,24,12,22;1,2,4,22,11,24,17,5;3,8,23,26,25;0,20,21,10,22,9;0,7,5,17,20;6,24,11,10,21;5,15,20,6,24,12;1,5,23,26,7,3,25;2,23,5,7,26,25;0,14,21,6,17,15;6,20,14,10,16;4,12,11,10,14,9;2,4,8,13,26,18,5,19;6,16,11,12,17;1,2,19,26,13,3,18;7,18,23,13,25,19
klein_c32_w73_t1183 27 7,15,20,14,9;2,12,5,18,25,19;1,12,4,23,19;7,8,13,25,18;2,23,8,7,9,22,12;1,12,17,15,7,19,23,18;16,24,17,20,21;0,15,5,19,26,18,3,8,4,9;3,7,4,23,13;0,7,4,22,14;11,16,21,14,22;10,16,24,12,22;1,2,4,22,11,24,17,5;3,8,23,18,26,25;0,20,21,10,22,9;0,7,5,17,20;6,24,11,10,21;5,15,20,6,24,12;1,5,23,13,26,7,3,25;1,2,23,5,7,26,25;0,14,21,6,17,15;6,20,14,10,16;4,12,11,10,14,9;2,4,8,13,18,5,19;6,16,11,12,17;1,19,26,13,3,18;7,18,13,25,19
klein_c32_w73_t1196 27 7,15,20,14,9;2,12,5,18,25,19;1,12,4,23,19;7,8,13,25,18;2,23,8,7,9,22,12;1,12,17,15,7,19,23,13,18;16,24,17,20,21;0,15,5,19,26,18,3,8,4,9;3,7,4,23,13;0,7,4,22,14;11,16,21,14,22;10,16,24,12,22;1,2,4,22,11,24,17,5;3,8,23,5,18,26,25;0,20,21,10,22,9;0,7,5,17,20;6,24,11,10,21;5,15,20,6,24,12;1,5,13,26,7,3,25;1,2,23,5,7,26,25;0,14,21,6,17,15;6,20,14,10,16;4,12,11,10,14,9;2,4,8,13,5,19;6,16,11,12,17;1,19,26,13,3,18;7,18,13,25,19
klein_c32_w73_t1198 27 7,15,20,14,9;2,12,5,18,25,26,19;1,12,4,23,19;7,8,13,25,18;2,23,8,7,9,22,12;1,12,17,15,7,19,23,18;16,24,17,20,21;0,15,5,19,26,18,3,8,4,9;3,7,4,23,13;0,7,4,22,14;11,16,21,14,22;10,16,24,12,22;1,2,4,22,11,24,17,5;3,8,23,18,26,25;0,20,21,10,22,9;0,7,5,17,20;6,24,11,10,21;5,15,20,6,24,12;1,5,23,13,26,7,3,25;1,2,23,5,7,26;0,14,21,6,17,15;6,20,14,10,16;4,12,11,10,14,9;2,4,8,13,18,5,19;6,16,11,12,17;1,18,3,13,26;1,19,7,18,13,25
klein_c32_w73_t1211 27 7,15,20,14,9;2,12,18,25,19;1,12,4,23,19;7,8,13,25,18;2,23,8,7,9,22,12;7,15,17,12,18,23,19;16,24,17,20,21;0,15,5,19,26,18,3,8,4,9;3,7,4,23,13;0,7,4,22,14;11,16,21,14,22;10,16,24,12,22;1,2,4,22,11,24,17,5,18;3,8,23,18,26,25;0,20,21,10,22,9;0,7,5,17,20;6,24,11,10,21;5,15,20,6,24,12;1,12,5,23,13,26,7,3,25;1,2,23,5,7,26,25;0,14,21,6,17,15;6,20,14,10,16;4,12,11,10,14,9;2,4,8,13,18,5,19;6,16,11,12,17;1,19,26,13,3,18;7,18,13,25,19
klein_c32_w73_t1232 27 7,15,20,14,9;2,12,5,23,18,25,19;1,12,4,23,19;7,8,13,25,18;2,23,8,7,9,22,12;1,12,17,15,7,19,23;16,24,17,20,21;0,15,5,19,26,18,3,8,4,9;3,7,4,23,13;0,7,4,22,14;11,16,21,14,22;10,16,24,12,22;1,2,4,22,11,24,17,5;3,8,23,18,26,25;0,20,21,10,22,9;0,7,5,17,20;6,24,11,10,21;5,15,20,6,24,12;1,23,13,26,7,3,25;1,2,23,5,7,26,25;0,14,21,6,17,15;6,20,14,10,16;4,12,11,10,14,9;1,5,19,2,4,8,13,18;6,16,11,12,17;1,19,26,13,3,18;7,18,13,25,19
klein_c32_w73_t1254 27 7,15,20,14,9;2,12,5,18,25,19;1,12,4,23,19;7,8,13,25,18;2,23,8,7,9,22,12;1,12,17,15,7,23,18;16,24,17,20,21;0,15,5,23,19,26,18,3,8,4,9;3,7,4,23,13;0,7,4,22,14;11,16,21,14,22;10,16,24,12,22;1,2,4,22,11,24,17,5;3,8,23,18,26,25;0,20,21,10,22,9;0,7,5,17,20;6,24,11,10,21;5,15,20,6,24,12;1,5,23,13,26,7,3,25;1,2,23,7,26,25;0,14,21,6,17,15;6,20,14,10,16;4,12,11,10,14,9;2,4,8,13,18,5,7,19;6,16,11,12,17;1,19,26,13,3,18;7,18,13,25,19
klein_c32_w73_t1275 27 7,15,20,14,9;2,12,5,18,25;1,12,4,23,19,25;7,8,13,25,18;2,23,8,7,9,22,12;1,12,17,15,7,19,23,18;16,24,17,20,21;0,15,5,19,26,18,3,8,4,9;3,7,4,23,13;0,7,4,22,14;11,16,21,14,22;10,16,24,12,22;1,2,4,22,11,24,17,5;3,8,23,18,26,25;0,20,21,10,22,9;0,7,5,17,20;6,24,11,10,21;5,15,20,6,24,12;1,5,23,13,26,7,3,25;2,23,5,7,26,25;0,14,21,6,17,15;6,20,14,10,16;4,12,11,10,14,9;2,4,8,13,18,5,19;6,16,11,12,17;1,2,19,26,13,3,18;7,18,13,25,19
klein_c32_w73_t1296 27 7,15,20,14,9;2,12,5,18,3,25,19;1,12,4,23,19;1,18,7,8,13,25;2,23,8,7,9,22,12;1,12,17,15,7,19,23,18;16,24,17,20,21;0,15,5,19,26,18,3,8,4,9;3,7,4,23,13;0,7,4,22,14;11,16,21,14,22;10,16,24,12,22;1,2,4,22,11,24,17,5;3,8,23,18,26,25;0,20,21,10,22,9;0,7,5,17,20;6,24,11,10,21;5,15,20,6,24,12;1,5,23,13,26,7,3;1,2,23,5,7,26,25;0,14,21,6,17,15;6,20,14,10,16;4,12,11,10,14,9;2,4,8,13,18,5,19;6,16,11,12,17;1,19,26,13,3;7,18,13,25,19
klein_c32_w73_t1563 27 7,15,20,14,9;2,12,5,25,19;1,12,4,23,19;7,8,13,25,18;2,23,8,7,9,22,12;1,12,17,15,7,19,23,18,25;16,24,17,20,21;0,15,5,19,26,18,3,8,4,9;3,7,4,23,13;0,7,4,22,14;11,16,21,14,22;10,16,24,12,22;1,2,4,22,11,24,17,5;3,8,23,18,26,25;0,20,21,10,22,9;0,7,5,17,20;6,24,11,10,21;5,15,20,6,24,12;3,7,26,13,23,5,25;1,2,23,5,7,26,25;0,14,21,6,17,15;6,20,14,10,16;4,12,11,10,14,9;2,4,8,13,18,5,19;6,16,11,12,17;1,5,18,3,13,26,19;7,18,13,25,19
klein_c32_w73_t1631 27 7,15,20,14,9;2,12,5,18,25,19;1,12,4,23,19;7,8,13,25,18;2,23,8,7,9,22,12;1,12,17,15,7,26,19,23,18;16,24,17,20,21;0,15,5,26,18,3,8,4,9;3,7,4,23,13;0,7,4,22,14;11,16,21,14,22;10,16,24,12,22;1,2,4,22,11,24,17,5;3,8,23,18,26,25;0,20,21,10,22,9;0,7,5,17,20;6,24,11,10,21;5,15,20,6,24,12;1,5,23,13,26,7,3,25;1,2,23,5,26,25;0,14,21,6,17,15;6,20,14,10,16;4,12,11,10,14,9;2,4,8,13,18,5,19;6,16,11,12,17;1,19,26,13,3,18;5,7,18,13,25,19
klein_c32_w75_t1978 32 5,7,29,25,22,24;2,12,13,30,6;1,12,8,9,10,19,11,6;8,14,15,10,19,12;17,18,28,30,20;0,7,14,23,24;1,2,11,20,30;0,5,14,20,11,19,29;2,9,27,25,14,3,12;2,8,27,15,10;2,9,15,3,19;2,19,7,20,6;1,2,8,3,19,29,13;1,12,29,21,28,30;3,8,25,20,7,5,23,16,15;3,10,9,27,16,14;14,15,27,31,23;4,18,26,25,20;4,28,21,26,17;2,10,3,12,29,7,11;4,30,6,11,7,14,25,17;13,28,18,26,29;0,24,31,27,25;5,14,16,31,24;0,22,31,23,5;0,22,27,8,14,20,17,26,29;17,18,21,29,25;8,9,15,16,31,22,25;4,18,21,13,30;0,7,19,12,13,21,26,25;1,6,20,4,28,13;16,27,22,24,23
klein_c42_w35_t1048 32 4,26,29,25,30;5,14,24,23,27;6,8,9,10,17,16;4,7,21,31,26;0,26,3,7,8,9,30;1,14,15,25,27;2,8,13,18,12,22,16;3,4,8,28,21;2,9,4,7,28,13,6;2,10,24,19,30,4,8;2,9,24,13,28,11,17;10,17,12,22,23,31,21,28;6,22,11,17,18;6,8,28,10,24,20,18;1,5,15,19,24;5,14,19,30,25;2,17,20,22,6;2,10,11,12,18,20,16;6,12,17,20,13;9,24,14,15,30;13,18,17,16,22,24;3,31,11,28,7;6,12,11,23,24,20,16;1,24,22,11,31,27;1,23,22,20,13,10,9,19,14;0,29,27,5,15,30;0,4,3,31,29;1,5,25,29,31,23;7,8,13,10,11,21;0,25,27,31,26;0,25,15,19,9,4;3,21,11,23,27,29,26
klein_c42_w35_t1051 32 4,26,29,25,30;5,14,24,23,27;6,8,9,10,17,16;4,7,21,31,26;0,26,3,7,8,9,30;1,14,15,25,27;2,8,13,18,12,22,16;3,4,8,28,21;2,9,4,7,28,13,6;2,10,24,19,30,4,8;2,9,24,13,28,11,17;10,17,12,23,31,21,28;6,22,23,11,17,18;6,8,28,10,24,20,18;1,5,15,19,24;5,14,19,30,25;2,17,20,22,6;2,10,11,12,18,20,16;6,12,17,20,13;9,24,14,15,30;13,18,17,16,22,24;3,31,11,28,7;6,12,23,24,20,16;1,24,22,12,11,31,27;1,23,22,20,13,10,9,19,14;0,29,27,5,15,30;0,4,3,31,29;1,5,25,29,31,23;7,8,13,10,11,21;0,25,27,31,26;0,25,15,19,9,4;3,21,11,23,27,29,26
klein_c42_w35_t1055 32 4,26,29,25,30;5,14,24,23,27;6,8,9,10,17,16;4,7,21,31,26;0,26,3,7,8,9,30;1,14,15,25,27;2,8,28,13,18,12,22,16;3,4,8,28,21;2,9,4,7,28,6;2,10,24,19,30,4,8;2,9,24,13,28,11,17;10,17,12,23,31,21,28;6,22,23,11,17,18;6,28,10,24,20,18;1,5,15,19,24;5,14,19,30,25;2,17,20,22,6;2,10,11,12,18,20,16;6,12,17,20,13;9,24,14,15,30;13,18,17,16,22,24;3,31,11,28,7;6,12,23,24,20,16;1,24,22,12,11,31,27;1,23,22,20,13,10,9,19,14;0,29,27,5,15,30;0,4,3,31,29;1,5,25,29,31,23;6,8,7,21,11,10,13;0,25,27,31,26;0,25,15,19,9,4;3,21,11,23,27,29,26
klein_c42_w35_t1058 32 4,26,29,25,30;5,14,24,23,27;6,8,9,10,17,16;4,7,21,31,26;0,26,3,7,8,9,30;1,14,15,25,27;2,8,28,13,18,12,22,16;3,4,8,28,21;2,9,4,7,28,6;2,10,24,19,30,4,8;2,9,24,13,28,17;12,23,31,21,28,17;6,22,23,11,17,18;6,28,10,24,20,18;1,5,15,19,24;5,14,19,30,25;2,17,20,22,6;2,10,28,11,12,18,20,16;6,12,17,20,13;9,24,14,15,30;13,18,17,16,22,24;3,31,11,28,7;6,12,23,24,20,16;1,24,22,12,11,31,27;1,23,22,20,13,10,9,19,14;0,29,27,5,15,30;0,4,3,31,29;1,5,25,29,31,23;6,8,7,21,11,17,10,13;0,25,27,31,26;0,25,15,19,9,4;3,21,11,23,27,29,26
klein_c42_w35_t1071 32 4,26,29,25,30;5,14,24,23,27;6,8,10,17,16;4,7,21,31,26;0,26,3,7,8,9,30;1,14,15,25,27;2,8,28,13,18,12,22,16;3,4,8,28,21;2,10,9,4,7,28,6;4,8,10,24,19,30;2,8,9,24,13,28,11,17;10,17,12,23,31,21,28;6,22,23,11,17,18;6,28,10,24,20,18;1,5,15,19,24;5,14,19,30,25;2,17,20,22,6;2,10,11,12,18,20,16;6,12,17,20,13;9,24,14,15,30;13,18,17,16,22,24;3,31,11,28,7;6,12,23,24,20,16;1,24,22,12,11,31,27;1,23,22,20,13,10,9,19,14;0,29,27,5,15,30;0,4,3,31,29;1,5,25,29,31,23;6,8,7,21,11,10,13;0,25,27,31,26;0,25,15,19,9,4;3,21,11,23,27,29,26
klein_c42_w35_t1077 32 4,26,29,25,30;5,14,24,23,27;6,8,9,10,17,16;4,7,21,31,26;0,26,3,7,8,9,30;1,14,15,25,27;2,8,28,13,18,12,22,16;3,4,8,28,21;2,9,4,7,28,6;2,10,24,19,30,4,8;2,9,24,13,11,17;10,13,28,21,31,23,12,17;6,22,23,11,17,18;6,28,11,10,24,20,18;1,5,15,19,24;5,14,19,30,25;2,17,20,22,6;2,10,11,12,18,20,16;6,12,17,20,13;9,24,14,15,30;13,18,17,16,22,24;3,31,11,28,7;6,12,23,24,20,16;1,24,22,12,11,31,27;1,23,22,20,13,10,9,19,14;0,29,27,5,15,30;0,4,3,31,29;1,5,25,29,31,23;6,8,7,21,11,13;0,25,27,31,26;0,25,15,19,9,4;3,21,11,23,27,29,26
klein_c42_w35_t1088 32 4,26,29,25,30;5,14,24,23,27;6,8,9,10,17,16;4,7,21,31,26;0,26,3,7,8,9,30;1,14,15,25,27;2,8,13,18,12,22,16;3,4,8,28,21;2,9,4,7,28,13,6;2,10,24,19,30,4,8;2,9,24,13,11,17;10,13,28,21,31,23,12,17;6,22,23,11,17,18;6,8,28,11,10,24,20,18;1,5,15,19,24;5,14,19,30,25;2,17,20,22,6;2,10,11,12,18,20,16;6,12,17,20,13;9,24,14,15,30;13,18,17,16,22,24;3,31,11,28,7;6,12,23,24,20,16;1,24,22,12,11,31,27;1,23,22,20,13,10,9,19,14;0,29,27,5,15,30;0,4,3,31,29;1,5,25,29,31,23;7,8,13,11,21;0,25,27,31,26;0,25,15,19,9,4;3,21,11,23,27,29,26
klein_c42_w35_t1094 32 4,26,29,25,30;5,14,24,23,27;6,8,9,10,17,16;4,7,21,31,26;0,26,3,7,8,9,30;1,14,15,25,27;2,8,28,13,18,12,16;3,4,8,28,21;2,9,4,7,28,6;2,10,24,19,30,4,8;2,9,24,13,11,17;10,13,28,21,31,23,12,17;6,16,22,23,11,17,18;6,28,11,10,24,20,18;1,5,15,19,24;5,14,19,30,25;2,17,20,22,12,6;2,10,11,12,18,20,16;6,12,17,20,13;9,24,14,15,30;13,18,17,16,22,24;3,31,11,28,7;12,23,24,20,16;1,24,22,12,11,31,27;1,23,22,20,13,10,9,19,14;0,29,27,5,15,30;0,4,3,31,29;1,5,25,29,31,23;6,8,7,21,11,13;0,25,27,31,26;0,25,15,19,9,4;3,21,11,23,27,29,26
klein_c42_w35_t1098 32 4,26,29,25,30;5,14,24,23,27;6,8,9,10,16;4,7,21,31,26;0,26,3,7,8,9,30;1,14,15,25,27;2,8,28,13,18,12,22,16;3,4,8,28,21;2,9,4,7,28,6;2,10,24,19,30,4,8;2,9,24,13,11,17,16;10,13,28,21,31,23,12,17;6,22,23,11,17,18;6,28,11,10,24,20,18;1,5,15,19,24;5,14,19,30,25;2,10,17,20,22,6;10,16,20,18,12,11;6,12,17,20,13;9,24,14,15,30;13,18,17,16,22,24;3,31,11,28,7;6,12,23,24,20,16;1,24,22,12,11,31,27;1,23,22,20,13,10,9,19,14;0,29,27,5,15,30;0,4,3,31,29;1,5,25,29,31,23;6,8,7,21,11,13;0,25,27,31,26;0,25,15,19,9,4;3,21,11,23,27,29,26
klein_c42_w35_t1109 32 4,26,29,25,30;5,14,24,23,27;6,8,9,10,16;4,7,21,31,26;0,26,3,7,8,9,30;1,14,15,25,27;2,8,28,13,18,12,16;3,4,8,28,21;2,9,4,7,28,6;2,10,24,19,30,4,8;2,9,24,13,11,17,16;10,13,28,21,31,23,12,17;6,16,22,23,11,17,18;6,28,11,10,24,20,18;1,5,15,19,24;5,14,19,30,25;2,10,17,20,22,12,6;10,16,20,18,12,11;6,12,17,20,13;9,24,14,15,30;13,18,17,16,22,24;3,31,11,28,7;12,23,24,20,16;1,24,22,12,11,31,27;1,23,22,20,13,10,9,19,14;0,29,27,5,15,30;0,4,3,31,29;1,5,25,29,31,23;6,8,7,21,11,13;0,25,27,31,26;0,25,15,19,9,4;3,21,11,23,27,29,26
klein_c42_w35_t1130 32 4,26,29,25,30;5,14,24,23,27;6,8,9,10,16;4,7,21,31,26;0,26,3,7,8,9,30;1,14,15,25,27;2,8,28,13,18,12,22,16;3,4,8,28,21;2,9,4,7,28,6;2,10,24,19,30,4,8;2,9,24,13,11,12,17,16;10,13,28,21,31,23,12;6,22,23,11,10,17,18;6,28,11,10,24,20,18;1,5,15,19,24;5,14,19,30,25;2,10,17,20,22,6;10,16,20,18,12;6,12,17,20,13;9,24,14,15,30;13,18,17,16,22,24;3,31,11,28,7;6,12,23,24,20,16;1,24,22,12,11,31,27;1,23,22,20,13,10,9,19,14;0,29,27,5,15,30;0,4,3,31,29;1,5,25,29,31,23;6,8,7,21,11,13;0,25,27,31,26;0,25,15,19,9,4;3,21,11,23,27,29,26
klein_c42_w35_t1149 32 4,26,29,25,30;5,14,24,23,27;6,8,9,10,16;4,7,21,31,26;0,26,3,7,8,9,30;1,14,15,25,27;2,8,28,18,12,22,16;3,4,8,28,21;2,9,4,7,28,6;2,10,24,19,30,4,8;2,9,24,13,11,12,17,16;10,13,28,21,31,23,12;6,22,23,11,10,17,18;10,24,20,18,28,11;1,5,15,19,24;5,14,19,30,25;2,10,17,20,22,6;10,16,20,18,12;6,12,17,20,13,28;9,24,14,15,30;13,18,17,16,22,24;3,31,11,28,7;6,12,23,24,20,16;1,24,22,12,11,31,27;1,23,22,20,13,10,9,19,14;0,29,27,5,15,30;0,4,3,31,29;1,5,25,29,31,23;6,8,7,21,11,13,18;0,25,27,31,26;0,25,15,19,9,4;3,21,11,23,27,29,26
klein_c42_w35_t1156 32 4,26,29,25,30;5,14,24,23,27;6,8,9,10,16;4,7,21,31,26;0,26,3,7,8,9,30;1,14,15,25,27;2,8,13,18,12,22,16;3,4,8,28,21;2,9,4,7,28,13,6;2,10,24,19,30,4,8;2,9,24,13,11,12,17,16;10,13,28,21,31,23,12;6,22,23,11,10,17,18;6,8,28,11,10,24,20,18;1,5,15,19,24;5,14,19,30,25;2,10,17,20,22,6;10,16,20,18,12;6,12,17,20,13;9,24,14,15,30;13,18,17,16,22,24;3,31,11,28,7;6,12,23,24,20,16;1,24,22,12,11,31,27;1,23,22,20,13,10,9,19,14;0,29,27,5,15,30;0,4,3,31,29;1,5,25,29,31,23;7,8,13,11,21;0,25,27,31,26;0,25,15,19,9,4;3,21,11,23,27,29,26
klein_c42_w35_t1161 32 4,26,29,25,30;5,14,24,23,27;6,8,9,10,16;4,7,21,31,26;0,26,3,7,8,9,30;1,14,15,25,27;2,8,28,13,18,12,22,16;3,4,8,28,21;2,9,4,7,28,6;2,10,24,19,30,4,8;2,9,24,13,11,12,17,16;10,13,28,21,31,23,12;6,22,24,23,11,10,17,18;6,28,11,10,24,20,18;1,5,15,19,24;5,14,19,30,25;2,10,17,20,22,6;10,16,20,18,12;6,12,17,20,13;9,24,14,15,30;13,18,17,16,22,24;3,31,11,28,7;6,12,24,20,16;1,24,12,11,31,27;1,23,12,22,20,13,10,9,19,14;0,29,27,5,15,30;0,4,3,31,29;1,5,25,29,31,23;6,8,7,21,11,13;0,25,27,31,26;0,25,15,19,9,4;3,21,11,23,27,29,26
klein_c42_w35_t1162 32 4,26,29,25,30;5,14,24,23,27;6,8,9,10,16;4,7,21,31,26;0,26,3,7,8,9,30;1,14,15,25,27;2,8,28,13,18,22,16;3,4,8,28,21;2,9,4,7,28,6;2,10,24,19,30,4,8;2,9,24,13,11,12,17,16;10,13,28,21,31,23,12;10,11,23,22,18,17;6,28,11,10,24,20,18;1,5,15,19,24;5,14,19,30,25;2,10,17,20,22,6;10,16,20,18,12;6,22,12,17,20,13;9,24,14,15,30;13,18,17,16,22,24;3,31,11,28,7;6,18,12,23,24,20,16;1,24,22,12,11,31,27;1,23,22,20,13,10,9,19,14;0,29,27,5,15,30;0,4,3,31,29;1,5,25,29,31,23;6,8,7,21,11,13;0,25,27,31,26;0,25,15,19,9,4;3,21,11,23,27,29,26
klein_c42_w35_t1181 32 4,26,29,25,30;5,14,24,23,27;6,8,9,10,16;4,7,21,31,26;0,26,3,7,8,9,30;1,14,15,25,27;2,8,28,13,18,12,22,16;3,4,8,28,21;2,9,4,7,28,6;2,10,24,19,30,4,8;2,9,24,13,11,12,17,16;10,13,28,21,31,23,12;6,22,23,11,10,17,18;6,28,11,10,24,18;1,5,15,19,24;5,14,19,30,25;2,10,17,20,22,6;10,16,20,18,12;6,12,17,20,24,13;9,24,14,15,30;16,17,18,24,22;3,31,11,28,7;6,12,23,24,20,16;1,24,22,12,11,31,27;1,23,22,20,18,13,10,9,19,14;0,29,27,5,15,30;0,4,3,31,29;1,5,25,29,31,23;6,8,7,21,11,13;0,25,27,31,26;0,25,15,19,9,4;3,21,11,23,27,29,26
klein_c42_w35_t1196 32 4,26,29,25,30;5,14,24,23,27;6,8,9,10,16;4,7,21,31,26;0,26,3,7,8,9,30;1,14,15,25,27;2,8,28,13,18,12,22,16;3,4,8,28,21;2,9,4,7,28,6;2,10,24,19,30,4,8;2,9,24,13,11,12,17,16;10,13,28,21,31,23,12;6,22,23,11,10,17,18;6,28,11,10,24,22,20,18;1,5,15,19,24;5,14,19,30,25;2,10,17,20,22,6;10,16,20,18,12;6,12,17,20,13;9,24,14,15,30;13,18,17,16,22;3,31,11,28,7;6,12,23,24,13,20,16;1,24,22,12,11,31,27;1,23,22,13,10,9,19,14;0,29,27,5,15,30;0,4,3,31,29;1,5,25,29,31,23;6,8,7,21,11,13;0,25,27,31,26;0,25,15,19,9,4;3,21,11,23,27,29,26
klein_c42_w35_t1205 32 4,26,29,25,30;5,14,24,23,27;6,8,9,10,16;4,7,21,31,26;0,26,3,7,8,9,30;1,14,15,25,27;2,8,28,13,18,12,22,16;3,4,8,28,21;2,9,4,7,28,6;2,10,24,19,30,4,8;2,9,24,13,11,12,17,16;10,13,28,21,31,23,12;6,22,23,11,10,17,18;6,28,11,10,24,20,18;1,5,15,19,24;5,14,19,30,25;2,10,17,22,6;10,16,22,20,18,12;6,12,17,20,13;9,24,14,15,30;13,18,17,22,24;3,31,11,28,7;6,12,23,24,20,17,16;1,24,22,12,11,31,27;1,23,22,20,13,10,9,19,14;0,29,27,5,15,30;0,4,3,31,29;1,5,25,29,31,23;6,8,7,21,11,13;0,25,27,31,26;0,25,15,19,9,4;3,21,11,23,27,29,26
klein_c42_w35_t1218 32 4,26,29,25,30;5,14,24,23,27;6,8,9,10,16;4,7,21,31,26;0,26,3,7,8,9,30;1,14,15,25,27;2,8,28,13,18,12,22,16;3,4,8,28,21;2,9,4,7,28,6;2,10,24,19,30,4,8;2,9,24,13,28,11,12,17,16;10,28,21,31,23,12;6,22,23,11,10,17,18;6,28,10,24,20,18;1,5,15,19,24;5,14,19,30,25;2,10,17,20,22,6;10,16,20,18,12;6,12,17,20,13;9,24,14,15,30;13,18,17,16,22,24;3,31,11,28,7;6,12,23,24,20,16;1,24,22,12,11,31,27;1,23,22,20,13,10,9,19,14;0,29,27,5,15,30;0,4,3,31,29;1,5,25,29,31,23;6,8,7,21,11,10,13;0,25,27,31,26;0,25,15,19,9,4;3,21,11,23,27,29,26
klein_c42_w35_t1234 32 4,26,29,25,30;5,14,24,23,27;6,8,9,10,16;4,7,21,31,26;0,26,3,7,8,9,30;1,14,15,25,27;2,8,28,13,18,12,22,16;3,4,8,28,21;2,9,4,7,28,6;2,10,24,19,30,4,8;2,9,24,13,12,17,16;12,23,31,21,28,13;6,22,23,11,13,10,17,18;6,28,11,12,10,24,20,18;1,5,15,19,24;5,14,19,30,25;2,10,17,20,22,6;10,16,20,18,12;6,12,17,20,13;9,24,14,15,30;13,18,17,16,22,24;3,31,11,28,7;6,12,23,24,20,16;1,24,22,12,11,31,27;1,23,22,20,13,10,9,19,14;0,29,27,5,15,30;0,4,3,31,29;1,5,25,29,31,23;6,8,7,21,11,13;0,25,27,31,26;0,25,15,19,9,4;3,21,11,23,27,29,26
klein_c42_w35_t1238 32 4,26,29,25,30;5,14,24,23,27;6,8,9,10,16,22;4,7,21,31,26;0,26,3,7,8,9,30;1,14,15,25,27;2,8,28,13,18,12,22;3,4,8,28,21;2,9,4,7,28,6;2,10,24,19,30,4,8;2,9,24,13,11,12,17,16;10,13,28,21,31,23,12;6,22,23,11,10,17,18;6,28,11,10,24,20,18;1,5,15,19,24;5,14,19,30,25;2,10,17,20,22;10,16,20,18,12;6,12,17,20,13;9,24,14,15,30;13,18,17,16,22,24;3,31,11,28,7;2,6,12,23,24,20,16;1,24,22,12,11,31,27;1,23,22,20,13,10,9,19,14;0,29,27,5,15,30;0,4,3,31,29;1,5,25,29,31,23;6,8,7,21,11,13;0,25,27,31,26;0,25,15,19,9,4;3,21,11,23,27,29,26
klein_c42_w35_t1242 32 4,26,29,25,30;5,14,24,23,27;6,8,9,10,17,16;4,7,21,31,26;0,26,3,7,8,9,30;1,14,15,25,27;2,8,28,13,18,12,22,16;3,4,8,28,21;2,9,4,7,28,6;2,10,24,19,30,4,8;2,9,24,13,11,12,17;10,13,28,21,31,23,12;6,22,23,11,10,17,18;6,28,11,10,24,20,18;1,5,15,19,24;5,14,19,30,25;2,17,20,22,6;2,10,12,18,20,16;6,12,17,20,13;9,24,14,15,30;13,18,17,16,22,24;3,31,11,28,7;6,12,23,24,20,16;1,24,22,12,11,31,27;1,23,22,20,13,10,9,19,14;0,29,27,5,15,30;0,4,3,31,29;1,5,25,29,31,23;6,8,7,21,11,13;0,25,27,31,26;0,25,15,19,9,4;3,21,11,23,27,29,26
klein_c42_w35_t1257 32 4,26,29,25,30;5,14,24,23,27;6,8,9,10,16;4,7,21,31,26;0,26,3,7,8,9,30;1,14,15,25,27;2,8,28,13,18,12,22,16;3,4,8,28,21;2,9,4,7,28,6;2,10,24,19,30,4,8;2,9,24,13,11,12,17,16;10,13,28,21,31,23,12;6,22,23,11,10,17,18;6,28,11,10,24,20,18;1,5,15,19,24;5,14,19,30,25;2,10,17,20,24,22,6;10,16,20,18,12;6,12,17,20,13;9,24,14,15,30;13,18,17,16,24;3,31,11,28,7;6,12,23,24,16;1,24,22,12,11,31,27;1,23,22,16,20,13,10,9,19,14;0,29,27,5,15,30;0,4,3,31,29;1,5,25,29,31,23;6,8,7,21,11,13;0,25,27,31,26;0,25,15,19,9,4;3,21,11,23,27,29,26
klein_c42_w35_t1262 32 4,26,29,25,30;5,14,24,23,27;6,8,9,10,16;4,7,21,31,26;0,26,3,7,8,9,30;1,14,15,25,27;2,8,28,11,13,18,12,22,16;3,4,8,28,21;2,9,4,7,28,6;2,10,24,19,30,4,8;2,9,24,13,11,12,17,16;6,13,10,12,23,31,21,28;6,22,23,11,10,17,18;6,11,10,24,20,18;1,5,15,19,24;5,14,19,30,25;2,10,17,20,22,6;10,16,20,18,12;6,12,17,20,13;9,24,14,15,30;13,18,17,16,22,24;3,31,11,28,7;6,12,23,24,20,16;1,24,22,12,11,31,27;1,23,22,20,13,10,9,19,14;0,29,27,5,15,30;0,4,3,31,29;1,5,25,29,31,23;6,8,7,21,11;0,25,27,31,26;0,25,15,19,9,4;3,21,11,23,27,29,26
klein_c42_w35_t1283 32 4,26,29,25,30;5,14,24,23,27;6,8,9,10,16;4,7,21,31,26;0,26,3,7,8,9,30;1,14,15,25,27;2,8,28,13,18,12,22,16;3,4,8,28,21;2,9,4,7,28,6;2,10,24,19,30,4,8;2,9,24,13,11,12,17,16;10,13,28,21,31,23,22,12;6,22,11,10,17,18;6,28,11,10,24,20,18;1,5,15,19,24;5,14,19,30,25;2,10,17,20,22,6;10,16,20,18,12;6,12,17,20,13;9,24,14,15,30;13,18,17,16,22,24;3,31,11,28,7;6,12,11,23,24,20,16;1,24,22,11,31,27;1,23,22,20,13,10,9,19,14;0,29,27,5,15,30;0,4,3,31,29;1,5,25,29,31,23;6,8,7,21,11,13;0,25,27,31,26;0,25,15,19,9,4;3,21,11,23,27,29,26
klein_c42_w35_t1326 32 4,26,29,25,30;5,14,24,23,27;6,8,9,10,16;4,7,21,31,26;0,26,3,7,8,9,30;1,14,15,25,27;2,8,28,13,18,12,16;3,4,8,28,21;2,9,4,7,28,6;2,10,24,19,30,4,8;2,9,24,13,11,12,17,16;10,13,28,21,31,23,12;6,16,22,23,11,10,17,18;6,28,11,10,24,20,18;1,5,15,19,24;5,14,19,30,25;2,10,17,20,22,12,6;10,16,20,18,12;6,12,17,20,13;9,24,14,15,30;13,18,17,16,22,24;3,31,11,28,7;12,23,24,20,16;1,24,22,12,11,31,27;1,23,22,20,13,10,9,19,14;0,29,27,5,15,30;0,4,3,31,29;1,5,25,29,31,23;6,8,7,21,11,13;0,25,27,31,26;0,25,15,19,9,4;3,21,11,23,27,29,26
