genus2_715893_0 27 3,5,22,6,7;2,7,6,14,22,18;1,7,10,11,24,6,21,19,18;0,5,15,12,8,10,7;6,21,16,10,11;0,3,15,25,22;0,22,24,2,21,4,11,20,14,1,7;0,3,10,2,1,6;3,10,23,26,12;13,14,24,20,15;2,7,3,8,23,16,4,11;2,10,4,6,20,24;3,15,14,13,26,8;9,14,12,26,17,15;1,6,20,15,12,13,9,24,22;3,12,14,20,9,13,17,19,25,5;4,10,23,17,21;13,15,19,21,16,23,26;1,2,19,25,22;2,18,25,15,17,21;6,14,15,9,24,11;2,6,4,16,17,19;0,6,24,14,1,18,25,5;8,10,16,17,26;2,11,20,9,14,22,6;5,15,19,18,22;8,12,13,17,23 0
genus2_715893_0 27 3,5,22,6,7;2,7,6,14,22,18;1,7,10,11,24,6,21,19,18;0,5,15,12,8,10,7;6,21,16,10,11;0,3,15,25,22;0,22,24,2,21,4,11,20,14,1,7;0,3,10,2,1,6;3,10,23,26,12;13,14,24,20,15;2,7,3,8,23,16,4,11;2,10,4,6,20,24;3,15,14,13,26,8;9,14,12,26,17,15;1,6,20,15,12,13,9,24,22;3,12,14,20,9,13,17,19,25,5;4,10,23,17,21;13,15,19,21,16,23,26;1,2,19,25,22;2,18,25,15,17,21;6,14,15,9,24,11;2,6,4,16,17,19;0,6,24,14,1,18,25,5;8,10,16,17,26;2,11,20,9,14,22,6;5,15,19,18,22;8,12,13,17,23 4
genus2_715893_0 27 3,5,22,6,7;2,7,6,14,22,18;1,7,10,11,24,6,21,19,18;0,5,15,12,8,10,7;6,21,16,10,11;0,3,15,25,22;0,22,24,2,21,4,11,20,14,1,7;0,3,10,2,1,6;3,10,23,26,12;13,14,24,20,15;2,7,3,8,23,16,4,11;2,10,4,6,20,24;3,15,14,13,26,8;9,14,12,26,17,15;1,6,20,15,12,13,9,24,22;3,12,14,20,9,13,17,19,25,5;4,10,23,17,21;13,15,19,21,16,23,26;1,2,19,25,22;2,18,25,15,17,21;6,14,15,9,24,11;2,6,4,16,17,19;0,6,24,14,1,18,25,5;8,10,16,17,26;2,11,20,9,14,22,6;5,15,19,18,22;8,12,13,17,23 5
genus2_715893_0 27 3,5,22,6,7;2,7,6,14,22,18;1,7,10,11,24,6,21,19,18;0,5,15,12,8,10,7;6,21,16,10,11;0,3,15,25,22;0,22,24,2,21,4,11,20,14,1,7;0,3,10,2,1,6;3,10,23,26,12;13,14,24,20,15;2,7,3,8,23,16,4,11;2,10,4,6,20,24;3,15,14,13,26,8;9,14,12,26,17,15;1,6,20,15,12,13,9,24,22;3,12,14,20,9,13,17,19,25,5;4,10,23,17,21;13,15,19,21,16,23,26;1,2,19,25,22;2,18,25,15,17,21;6,14,15,9,24,11;2,6,4,16,17,19;0,6,24,14,1,18,25,5;8,10,16,17,26;2,11,20,9,14,22,6;5,15,19,18,22;8,12,13,17,23 8
genus2_715893_0 27 3,5,22,6,7;2,7,6,14,22,18;1,7,10,11,24,6,21,19,18;0,5,15,12,8,10,7;6,21,16,10,11;0,3,15,25,22;0,22,24,2,21,4,11,20,14,1,7;0,3,10,2,1,6;3,10,23,26,12;13,14,24,20,15;2,7,3,8,23,16,4,11;2,10,4,6,20,24;3,15,14,13,26,8;9,14,12,26,17,15;1,6,20,15,12,13,9,24,22;3,12,14,20,9,13,17,19,25,5;4,10,23,17,21;13,15,19,21,16,23,26;1,2,19,25,22;2,18,25,15,17,21;6,14,15,9,24,11;2,6,4,16,17,19;0,6,24,14,1,18,25,5;8,10,16,17,26;2,11,20,9,14,22,6;5,15,19,18,22;8,12,13,17,23 9
genus2_715893_0 27 3,5,22,6,7;2,7,6,14,22,18;1,7,10,11,24,6,21,19,18;0,5,15,12,8,10,7;6,21,16,10,11;0,3,15,25,22;0,22,24,2,21,4,11,20,14,1,7;0,3,10,2,1,6;3,10,23,26,12;13,14,24,20,15;2,7,3,8,23,16,4,11;2,10,4,6,20,24;3,15,14,13,26,8;9,14,12,26,17,15;1,6,20,15,12,13,9,24,22;3,12,14,20,9,13,17,19,25,5;4,10,23,17,21;13,15,19,21,16,23,26;1,2,19,25,22;2,18,25,15,17,21;6,14,15,9,24,11;2,6,4,16,17,19;0,6,24,14,1,18,25,5;8,10,16,17,26;2,11,20,9,14,22,6;5,15,19,18,22;8,12,13,17,23 16
genus2_715893_0 27 3,5,22,6,7;2,7,6,14,22,18;1,7,10,11,24,6,21,19,18;0,5,15,12,8,10,7;6,21,16,10,11;0,3,15,25,22;0,22,24,2,21,4,11,20,14,1,7;0,3,10,2,1,6;3,10,23,26,12;13,14,24,20,15;2,7,3,8,23,16,4,11;2,10,4,6,20,24;3,15,14,13,26,8;9,14,12,26,17,15;1,6,20,15,12,13,9,24,22;3,12,14,20,9,13,17,19,25,5;4,10,23,17,21;13,15,19,21,16,23,26;1,2,19,25,22;2,18,25,15,17,21;6,14,15,9,24,11;2,6,4,16,17,19;0,6,24,14,1,18,25,5;8,10,16,17,26;2,11,20,9,14,22,6;5,15,19,18,22;8,12,13,17,23 23
genus2_715893_0 27 3,5,22,6,7;2,7,6,14,22,18;1,7,10,11,24,6,21,19,18;0,5,15,12,8,10,7;6,21,16,10,11;0,3,15,25,22;0,22,24,2,21,4,11,20,14,1,7;0,3,10,2,1,6;3,10,23,26,12;13,14,24,20,15;2,7,3,8,23,16,4,11;2,10,4,6,20,24;3,15,14,13,26,8;9,14,12,26,17,15;1,6,20,15,12,13,9,24,22;3,12,14,20,9,13,17,19,25,5;4,10,23,17,21;13,15,19,21,16,23,26;1,2,19,25,22;2,18,25,15,17,21;6,14,15,9,24,11;2,6,4,16,17,19;0,6,24,14,1,18,25,5;8,10,16,17,26;2,11,20,9,14,22,6;5,15,19,18,22;8,12,13,17,23 26
genus2_715893_1 22 3,20,12,9,13,18,4,19,7,11;6,9,13,17,15;4,19,20,12,21,14,10;0,20,8,10,11;0,19,2,10,16,18;7,17,15,14,11;1,9,12,18,13,7,21,15;0,11,5,17,13,6,21,12,18,19;3,10,16,19,20;0,13,1,6,12;2,4,16,8,3,11,14;0,3,10,14,5,7;0,20,2,21,7,18,6,9;0,9,1,17,7,6,18;2,21,15,5,11,10;1,17,5,14,21,6;4,10,8,19,18;1,13,7,5,15;0,4,16,19,7,12,6,13;0,4,2,20,8,16,18,7;0,12,2,19,8,3;2,14,15,6,7,12 1
genus2_715893_1 22 3,20,12,9,13,18,4,19,7,11;6,9,13,17,15;4,19,20,12,21,14,10;0,20,8,10,11;0,19,2,10,16,18;7,17,15,14,11;1,9,12,18,13,7,21,15;0,11,5,17,13,6,21,12,18,19;3,10,16,19,20;0,13,1,6,12;2,4,16,8,3,11,14;0,3,10,14,5,7;0,20,2,21,7,18,6,9;0,9,1,17,7,6,18;2,21,15,5,11,10;1,17,5,14,21,6;4,10,8,19,18;1,13,7,5,15;0,4,16,19,7,12,6,13;0,4,2,20,8,16,18,7;0,12,2,19,8,3;2,14,15,6,7,12 5
genus2_715893_1 22 3,20,12,9,13,18,4,19,7,11;6,9,13,17,15;4,19,20,12,21,14,10;0,20,8,10,11;0,19,2,10,16,18;7,17,15,14,11;1,9,12,18,13,7,21,15;0,11,5,17,13,6,21,12,18,19;3,10,16,19,20;0,13,1,6,12;2,4,16,8,3,11,14;0,3,10,14,5,7;0,20,2,21,7,18,6,9;0,9,1,17,7,6,18;2,21,15,5,11,10;1,17,5,14,21,6;4,10,8,19,18;1,13,7,5,15;0,4,16,19,7,12,6,13;0,4,2,20,8,16,18,7;0,12,2,19,8,3;2,14,15,6,7,12 9
genus2_715893_1 22 3,20,12,9,13,18,4,19,7,11;6,9,13,17,15;4,19,20,12,21,14,10;0,20,8,10,11;0,19,2,10,16,18;7,17,15,14,11;1,9,12,18,13,7,21,15;0,11,5,17,13,6,21,12,18,19;3,10,16,19,20;0,13,1,6,12;2,4,16,8,3,11,14;0,3,10,14,5,7;0,20,2,21,7,18,6,9;0,9,1,17,7,6,18;2,21,15,5,11,10;1,17,5,14,21,6;4,10,8,19,18;1,13,7,5,15;0,4,16,19,7,12,6,13;0,4,2,20,8,16,18,7;0,12,2,19,8,3;2,14,15,6,7,12 17
genus2_715893_2 23 2,9,4,8,18,22;2,10,6,3,11,7,9;0,9,1,10,22;1,6,5,21,8,11;0,8,22,14,6,5,9;3,21,15,7,9,4,6;1,10,12,14,4,5,3;1,9,5,15,13,11;0,4,22,11,3,21,17,18;0,2,1,7,5,4;1,2,22,19,20,13,12,6;1,7,13,12,16,17,18,22,8,3;6,10,13,11,16,14;7,11,12,10,20,15;4,6,12,16,19,22;5,7,13,20,16,17,21;11,12,14,19,20,15,17;8,18,11,16,15,21;0,8,17,11,22;10,22,14,16,20;10,19,16,15,13;3,5,15,17,8;0,2,10,19,14,4,8,11,18 19
genus2_715893_2 23 2,9,4,8,18,22;2,10,6,3,11,7,9;0,9,1,10,22;1,6,5,21,8,11;0,8,22,14,6,5,9;3,21,15,7,9,4,6;1,10,12,14,4,5,3;1,9,5,15,13,11;0,4,22,11,3,21,17,18;0,2,1,7,5,4;1,2,22,19,20,13,12,6;1,7,13,12,16,17,18,22,8,3;6,10,13,11,16,14;7,11,12,10,20,15;4,6,12,16,19,22;5,7,13,20,16,17,21;11,12,14,19,20,15,17;8,18,11,16,15,21;0,8,17,11,22;10,22,14,16,20;10,19,16,15,13;3,5,15,17,8;0,2,10,19,14,4,8,11,18 20
genus2_715893_3 23 9,11,18,17,16,12;6,10,16,13,15,8,7,22,21;3,4,14,9,12,7,8;2,4,17,16,13,11,8;2,3,17,19,14;10,20,18,11,21,22;1,10,20,15,8,11,21;1,8,2,12,22;1,7,2,3,11,6,15;0,11,14,2,12;1,6,20,5,22,16;0,9,14,13,3,8,6,21,5,18;0,9,2,7,22,16;1,15,14,11,3,16;2,4,19,20,15,13,11,9;1,8,6,20,14,13;0,12,22,10,1,13,3,17;0,16,3,4,19,18;0,11,5,20,19,17;4,14,20,18,17;5,10,6,15,14,19,18;1,6,11,5,22;1,21,5,10,16,12,7 9
genus2_715893_3 23 9,11,18,17,16,12;6,10,16,13,15,8,7,22,21;3,4,14,9,12,7,8;2,4,17,16,13,11,8;2,3,17,19,14;10,20,18,11,21,22;1,10,20,15,8,11,21;1,8,2,12,22;1,7,2,3,11,6,15;0,11,14,2,12;1,6,20,5,22,16;0,9,14,13,3,8,6,21,5,18;0,9,2,7,22,16;1,15,14,11,3,16;2,4,19,20,15,13,11,9;1,8,6,20,14,13;0,12,22,10,1,13,3,17;0,16,3,4,19,18;0,11,5,20,19,17;4,14,20,18,17;5,10,6,15,14,19,18;1,6,11,5,22;1,21,5,10,16,12,7 19
genus2_715893_4 24 1,6,5,2,9,18,11;0,6,8,10,11;0,9,16,21,5;4,8,17,20,16,7,13,12;3,8,14,22,17,20,12;0,2,21,23,6;0,1,8,14,11,23,5;3,16,21,23,13;1,6,14,4,3,17,10;0,2,16,20,15,18;1,8,17,19,11;0,1,10,19,12,15,14,6,23,13,18;3,4,20,15,11,19,22,18,13;3,7,23,11,18,12;4,8,6,11,15,22;9,20,12,11,14,22,18;2,9,20,3,7,21;3,8,10,19,22,4,20;0,11,13,12,22,15,9;10,11,12,22,17;3,17,4,12,15,9,16;2,5,23,7,16;4,14,15,18,12,19,17;5,6,11,13,7,21 7
genus2_715893_4 24 1,6,5,2,9,18,11;0,6,8,10,11;0,9,16,21,5;4,8,17,20,16,7,13,12;3,8,14,22,17,20,12;0,2,21,23,6;0,1,8,14,11,23,5;3,16,21,23,13;1,6,14,4,3,17,10;0,2,16,20,15,18;1,8,17,19,11;0,1,10,19,12,15,14,6,23,13,18;3,4,20,15,11,19,22,18,13;3,7,23,11,18,12;4,8,6,11,15,22;9,20,12,11,14,22,18;2,9,20,3,7,21;3,8,10,19,22,4,20;0,11,13,12,22,15,9;10,11,12,22,17;3,17,4,12,15,9,16;2,5,23,7,16;4,14,15,18,12,19,17;5,6,11,13,7,21 10
genus2_715893_4 24 1,6,5,2,9,18,11;0,6,8,10,11;0,9,16,21,5;4,8,17,20,16,7,13,12;3,8,14,22,17,20,12;0,2,21,23,6;0,1,8,14,11,23,5;3,16,21,23,13;1,6,14,4,3,17,10;0,2,16,20,15,18;1,8,17,19,11;0,1,10,19,12,15,14,6,23,13,18;3,4,20,15,11,19,22,18,13;3,7,23,11,18,12;4,8,6,11,15,22;9,20,12,11,14,22,18;2,9,20,3,7,21;3,8,10,19,22,4,20;0,11,13,12,22,15,9;10,11,12,22,17;3,17,4,12,15,9,16;2,5,23,7,16;4,14,15,18,12,19,17;5,6,11,13,7,21 19
genus2_715893_5 23 1,4,9,2,15,3,21,11,8;0,4,5,15,8;0,9,11,6,14,12,22,17,15;0,15,9,4,5,10,21;0,1,5,3,9;1,4,3,10,7,18,16,15;2,14,19,20,7,10,21,11;5,10,6,20,18;0,1,15,9,11;0,2,11,8,15,3,4;3,5,7,6,21;0,21,6,2,9,8;2,14,20,18,22;14,15,17,19,20;2,6,19,16,15,13,20,12;0,3,9,8,1,5,16,14,13,17,2;5,15,14,19,18;2,15,13,19,22;5,7,20,12,22,19,16;6,14,16,18,22,17,13,20;6,7,18,12,14,13,19;0,11,6,10,3;2,12,18,19,17 1
genus2_715893_5 23 1,4,9,2,15,3,21,11,8;0,4,5,15,8;0,9,11,6,14,12,22,17,15;0,15,9,4,5,10,21;0,1,5,3,9;1,4,3,10,7,18,16,15;2,14,19,20,7,10,21,11;5,10,6,20,18;0,1,15,9,11;0,2,11,8,15,3,4;3,5,7,6,21;0,21,6,2,9,8;2,14,20,18,22;14,15,17,19,20;2,6,19,16,15,13,20,12;0,3,9,8,1,5,16,14,13,17,2;5,15,14,19,18;2,15,13,19,22;5,7,20,12,22,19,16;6,14,16,18,22,17,13,20;6,7,18,12,14,13,19;0,11,6,10,3;2,12,18,19,17 4
genus2_715893_5 23 1,4,9,2,15,3,21,11,8;0,4,5,15,8;0,9,11,6,14,12,22,17,15;0,15,9,4,5,10,21;0,1,5,3,9;1,4,3,10,7,18,16,15;2,14,19,20,7,10,21,11;5,10,6,20,18;0,1,15,9,11;0,2,11,8,15,3,4;3,5,7,6,21;0,21,6,2,9,8;2,14,20,18,22;14,15,17,19,20;2,6,19,16,15,13,20,12;0,3,9,8,1,5,16,14,13,17,2;5,15,14,19,18;2,15,13,19,22;5,7,20,12,22,19,16;6,14,16,18,22,17,13,20;6,7,18,12,14,13,19;0,11,6,10,3;2,12,18,19,17 8
genus2_715893_5 23 1,4,9,2,15,3,21,11,8;0,4,5,15,8;0,9,11,6,14,12,22,17,15;0,15,9,4,5,10,21;0,1,5,3,9;1,4,3,10,7,18,16,15;2,14,19,20,7,10,21,11;5,10,6,20,18;0,1,15,9,11;0,2,11,8,15,3,4;3,5,7,6,21;0,21,6,2,9,8;2,14,20,18,22;14,15,17,19,20;2,6,19,16,15,13,20,12;0,3,9,8,1,5,16,14,13,17,2;5,15,14,19,18;2,15,13,19,22;5,7,20,12,22,19,16;6,14,16,18,22,17,13,20;6,7,18,12,14,13,19;0,11,6,10,3;2,12,18,19,17 12
genus2_715893_5 23 1,4,9,2,15,3,21,11,8;0,4,5,15,8;0,9,11,6,14,12,22,17,15;0,15,9,4,5,10,21;0,1,5,3,9;1,4,3,10,7,18,16,15;2,14,19,20,7,10,21,11;5,10,6,20,18;0,1,15,9,11;0,2,11,8,15,3,4;3,5,7,6,21;0,21,6,2,9,8;2,14,20,18,22;14,15,17,19,20;2,6,19,16,15,13,20,12;0,3,9,8,1,5,16,14,13,17,2;5,15,14,19,18;2,15,13,19,22;5,7,20,12,22,19,16;6,14,16,18,22,17,13,20;6,7,18,12,14,13,19;0,11,6,10,3;2,12,18,19,17 13
genus2_715893_5 23 1,4,9,2,15,3,21,11,8;0,4,5,15,8;0,9,11,6,14,12,22,17,15;0,15,9,4,5,10,21;0,1,5,3,9;1,4,3,10,7,18,16,15;2,14,19,20,7,10,21,11;5,10,6,20,18;0,1,15,9,11;0,2,11,8,15,3,4;3,5,7,6,21;0,21,6,2,9,8;2,14,20,18,22;14,15,17,19,20;2,6,19,16,15,13,20,12;0,3,9,8,1,5,16,14,13,17,2;5,15,14,19,18;2,15,13,19,22;5,7,20,12,22,19,16;6,14,16,18,22,17,13,20;6,7,18,12,14,13,19;0,11,6,10,3;2,12,18,19,17 17
genus2_715893_5 23 1,4,9,2,15,3,21,11,8;0,4,5,15,8;0,9,11,6,14,12,22,17,15;0,15,9,4,5,10,21;0,1,5,3,9;1,4,3,10,7,18,16,15;2,14,19,20,7,10,21,11;5,10,6,20,18;0,1,15,9,11;0,2,11,8,15,3,4;3,5,7,6,21;0,21,6,2,9,8;2,14,20,18,22;14,15,17,19,20;2,6,19,16,15,13,20,12;0,3,9,8,1,5,16,14,13,17,2;5,15,14,19,18;2,15,13,19,22;5,7,20,12,22,19,16;6,14,16,18,22,17,13,20;6,7,18,12,14,13,19;0,11,6,10,3;2,12,18,19,17 22
genus2_715893_6 29 7,12,17,14,23;2,5,18,23,7;1,5,3,26,7;2,5,6,4,28,15,26;3,6,10,26,15,11,28;1,2,3,6,21,18;3,5,21,10,4;0,12,26,2,1,23;9,16,21,20,28,24,22,14,23,19;8,16,23,13,19;4,6,21,20,26;4,15,14,17,20,28;0,7,26,20,17;9,19,27,24,23;0,17,11,15,25,22,8,23;3,28,25,14,11,4,26;8,9,23,18,21;0,14,11,20,12;1,5,21,16,23;8,9,13,27,28,24,23;8,28,11,17,12,26,10,21;5,6,10,20,8,16,18;8,14,25,27,24;0,7,1,18,16,9,13,24,19,8,14;8,22,27,13,23,19,28;14,15,28,27,22;2,3,15,4,10,20,12,7;13,24,22,25,28,19;3,4,11,20,8,24,19,27,25,15 0
genus2_715893_6 29 7,12,17,14,23;2,5,18,23,7;1,5,3,26,7;2,5,6,4,28,15,26;3,6,10,26,15,11,28;1,2,3,6,21,18;3,5,21,10,4;0,12,26,2,1,23;9,16,21,20,28,24,22,14,23,19;8,16,23,13,19;4,6,21,20,26;4,15,14,17,20,28;0,7,26,20,17;9,19,27,24,23;0,17,11,15,25,22,8,23;3,28,25,14,11,4,26;8,9,23,18,21;0,14,11,20,12;1,5,21,16,23;8,9,13,27,28,24,23;8,28,11,17,12,26,10,21;5,6,10,20,8,16,18;8,14,25,27,24;0,7,1,18,16,9,13,24,19,8,14;8,22,27,13,23,19,28;14,15,28,27,22;2,3,15,4,10,20,12,7;13,24,22,25,28,19;3,4,11,20,8,24,19,27,25,15 1
genus2_715893_6 29 7,12,17,14,23;2,5,18,23,7;1,5,3,26,7;2,5,6,4,28,15,26;3,6,10,26,15,11,28;1,2,3,6,21,18;3,5,21,10,4;0,12,26,2,1,23;9,16,21,20,28,24,22,14,23,19;8,16,23,13,19;4,6,21,20,26;4,15,14,17,20,28;0,7,26,20,17;9,19,27,24,23;0,17,11,15,25,22,8,23;3,28,25,14,11,4,26;8,9,23,18,21;0,14,11,20,12;1,5,21,16,23;8,9,13,27,28,24,23;8,28,11,17,12,26,10,21;5,6,10,20,8,16,18;8,14,25,27,24;0,7,1,18,16,9,13,24,19,8,14;8,22,27,13,23,19,28;14,15,28,27,22;2,3,15,4,10,20,12,7;13,24,22,25,28,19;3,4,11,20,8,24,19,27,25,15 2
genus2_715893_6 29 7,12,17,14,23;2,5,18,23,7;1,5,3,26,7;2,5,6,4,28,15,26;3,6,10,26,15,11,28;1,2,3,6,21,18;3,5,21,10,4;0,12,26,2,1,23;9,16,21,20,28,24,22,14,23,19;8,16,23,13,19;4,6,21,20,26;4,15,14,17,20,28;0,7,26,20,17;9,19,27,24,23;0,17,11,15,25,22,8,23;3,28,25,14,11,4,26;8,9,23,18,21;0,14,11,20,12;1,5,21,16,23;8,9,13,27,28,24,23;8,28,11,17,12,26,10,21;5,6,10,20,8,16,18;8,14,25,27,24;0,7,1,18,16,9,13,24,19,8,14;8,22,27,13,23,19,28;14,15,28,27,22;2,3,15,4,10,20,12,7;13,24,22,25,28,19;3,4,11,20,8,24,19,27,25,15 6
genus2_715893_6 29 7,12,17,14,23;2,5,18,23,7;1,5,3,26,7;2,5,6,4,28,15,26;3,6,10,26,15,11,28;1,2,3,6,21,18;3,5,21,10,4;0,12,26,2,1,23;9,16,21,20,28,24,22,14,23,19;8,16,23,13,19;4,6,21,20,26;4,15,14,17,20,28;0,7,26,20,17;9,19,27,24,23;0,17,11,15,25,22,8,23;3,28,25,14,11,4,26;8,9,23,18,21;0,14,11,20,12;1,5,21,16,23;8,9,13,27,28,24,23;8,28,11,17,12,26,10,21;5,6,10,20,8,16,18;8,14,25,27,24;0,7,1,18,16,9,13,24,19,8,14;8,22,27,13,23,19,28;14,15,28,27,22;2,3,15,4,10,20,12,7;13,24,22,25,28,19;3,4,11,20,8,24,19,27,25,15 9
genus2_715893_6 29 7,12,17,14,23;2,5,18,23,7;1,5,3,26,7;2,5,6,4,28,15,26;3,6,10,26,15,11,28;1,2,3,6,21,18;3,5,21,10,4;0,12,26,2,1,23;9,16,21,20,28,24,22,14,23,19;8,16,23,13,19;4,6,21,20,26;4,15,14,17,20,28;0,7,26,20,17;9,19,27,24,23;0,17,11,15,25,22,8,23;3,28,25,14,11,4,26;8,9,23,18,21;0,14,11,20,12;1,5,21,16,23;8,9,13,27,28,24,23;8,28,11,17,12,26,10,21;5,6,10,20,8,16,18;8,14,25,27,24;0,7,1,18,16,9,13,24,19,8,14;8,22,27,13,23,19,28;14,15,28,27,22;2,3,15,4,10,20,12,7;13,24,22,25,28,19;3,4,11,20,8,24,19,27,25,15 10
genus2_715893_6 29 7,12,17,14,23;2,5,18,23,7;1,5,3,26,7;2,5,6,4,28,15,26;3,6,10,26,15,11,28;1,2,3,6,21,18;3,5,21,10,4;0,12,26,2,1,23;9,16,21,20,28,24,22,14,23,19;8,16,23,13,19;4,6,21,20,26;4,15,14,17,20,28;0,7,26,20,17;9,19,27,24,23;0,17,11,15,25,22,8,23;3,28,25,14,11,4,26;8,9,23,18,21;0,14,11,20,12;1,5,21,16,23;8,9,13,27,28,24,23;8,28,11,17,12,26,10,21;5,6,10,20,8,16,18;8,14,25,27,24;0,7,1,18,16,9,13,24,19,8,14;8,22,27,13,23,19,28;14,15,28,27,22;2,3,15,4,10,20,12,7;13,24,22,25,28,19;3,4,11,20,8,24,19,27,25,15 12
genus2_715893_6 29 7,12,17,14,23;2,5,18,23,7;1,5,3,26,7;2,5,6,4,28,15,26;3,6,10,26,15,11,28;1,2,3,6,21,18;3,5,21,10,4;0,12,26,2,1,23;9,16,21,20,28,24,22,14,23,19;8,16,23,13,19;4,6,21,20,26;4,15,14,17,20,28;0,7,26,20,17;9,19,27,24,23;0,17,11,15,25,22,8,23;3,28,25,14,11,4,26;8,9,23,18,21;0,14,11,20,12;1,5,21,16,23;8,9,13,27,28,24,23;8,28,11,17,12,26,10,21;5,6,10,20,8,16,18;8,14,25,27,24;0,7,1,18,16,9,13,24,19,8,14;8,22,27,13,23,19,28;14,15,28,27,22;2,3,15,4,10,20,12,7;13,24,22,25,28,19;3,4,11,20,8,24,19,27,25,15 16
genus2_715893_6 29 7,12,17,14,23;2,5,18,23,7;1,5,3,26,7;2,5,6,4,28,15,26;3,6,10,26,15,11,28;1,2,3,6,21,18;3,5,21,10,4;0,12,26,2,1,23;9,16,21,20,28,24,22,14,23,19;8,16,23,13,19;4,6,21,20,26;4,15,14,17,20,28;0,7,26,20,17;9,19,27,24,23;0,17,11,15,25,22,8,23;3,28,25,14,11,4,26;8,9,23,18,21;0,14,11,20,12;1,5,21,16,23;8,9,13,27,28,24,23;8,28,11,17,12,26,10,21;5,6,10,20,8,16,18;8,14,25,27,24;0,7,1,18,16,9,13,24,19,8,14;8,22,27,13,23,19,28;14,15,28,27,22;2,3,15,4,10,20,12,7;13,24,22,25,28,19;3,4,11,20,8,24,19,27,25,15 17
genus2_715893_6 29 7,12,17,14,23;2,5,18,23,7;1,5,3,26,7;2,5,6,4,28,15,26;3,6,10,26,15,11,28;1,2,3,6,21,18;3,5,21,10,4;0,12,26,2,1,23;9,16,21,20,28,24,22,14,23,19;8,16,23,13,19;4,6,21,20,26;4,15,14,17,20,28;0,7,26,20,17;9,19,27,24,23;0,17,11,15,25,22,8,23;3,28,25,14,11,4,26;8,9,23,18,21;0,14,11,20,12;1,5,21,16,23;8,9,13,27,28,24,23;8,28,11,17,12,26,10,21;5,6,10,20,8,16,18;8,14,25,27,24;0,7,1,18,16,9,13,24,19,8,14;8,22,27,13,23,19,28;14,15,28,27,22;2,3,15,4,10,20,12,7;13,24,22,25,28,19;3,4,11,20,8,24,19,27,25,15 18
genus2_715893_6 29 7,12,17,14,23;2,5,18,23,7;1,5,3,26,7;2,5,6,4,28,15,26;3,6,10,26,15,11,28;1,2,3,6,21,18;3,5,21,10,4;0,12,26,2,1,23;9,16,21,20,28,24,22,14,23,19;8,16,23,13,19;4,6,21,20,26;4,15,14,17,20,28;0,7,26,20,17;9,19,27,24,23;0,17,11,15,25,22,8,23;3,28,25,14,11,4,26;8,9,23,18,21;0,14,11,20,12;1,5,21,16,23;8,9,13,27,28,24,23;8,28,11,17,12,26,10,21;5,6,10,20,8,16,18;8,14,25,27,24;0,7,1,18,16,9,13,24,19,8,14;8,22,27,13,23,19,28;14,15,28,27,22;2,3,15,4,10,20,12,7;13,24,22,25,28,19;3,4,11,20,8,24,19,27,25,15 22
genus2_715893_6 29 7,12,17,14,23;2,5,18,23,7;1,5,3,26,7;2,5,6,4,28,15,26;3,6,10,26,15,11,28;1,2,3,6,21,18;3,5,21,10,4;0,12,26,2,1,23;9,16,21,20,28,24,22,14,23,19;8,16,23,13,19;4,6,21,20,26;4,15,14,17,20,28;0,7,26,20,17;9,19,27,24,23;0,17,11,15,25,22,8,23;3,28,25,14,11,4,26;8,9,23,18,21;0,14,11,20,12;1,5,21,16,23;8,9,13,27,28,24,23;8,28,11,17,12,26,10,21;5,6,10,20,8,16,18;8,14,25,27,24;0,7,1,18,16,9,13,24,19,8,14;8,22,27,13,23,19,28;14,15,28,27,22;2,3,15,4,10,20,12,7;13,24,22,25,28,19;3,4,11,20,8,24,19,27,25,15 25
genus2_715893_7 24 1,11,4,3,8,7,23,19,6,22,10;0,11,7,9,5,10;3,9,14,13,20;0,4,15,20,2,9,5,8;0,3,15,17,14,11;1,9,3,8,18,10;0,19,16,11,22;0,8,18,22,11,1,9,14,23;0,3,5,18,7;1,7,14,2,3,5;0,1,5,18,22;0,4,14,23,16,6,22,7,1;13,16,19,21,15,17;2,20,23,16,12,17,14;2,9,7,23,11,4,17,13;3,4,17,12,21,20;6,11,23,13,12,19;4,14,13,12,15;5,8,7,22,10;0,6,16,12,21,23;2,13,23,21,15,3;12,15,20,23,19;0,6,11,7,18,10;0,7,14,11,16,13,20,21,19 8
genus2_715893_7 24 1,11,4,3,8,7,23,19,6,22,10;0,11,7,9,5,10;3,9,14,13,20;0,4,15,20,2,9,5,8;0,3,15,17,14,11;1,9,3,8,18,10;0,19,16,11,22;0,8,18,22,11,1,9,14,23;0,3,5,18,7;1,7,14,2,3,5;0,1,5,18,22;0,4,14,23,16,6,22,7,1;13,16,19,21,15,17;2,20,23,16,12,17,14;2,9,7,23,11,4,17,13;3,4,17,12,21,20;6,11,23,13,12,19;4,14,13,12,15;5,8,7,22,10;0,6,16,12,21,23;2,13,23,21,15,3;12,15,20,23,19;0,6,11,7,18,10;0,7,14,11,16,13,20,21,19 10
genus2_715893_8 24 5,11,19,9,15,23,7,21;2,7,23,8,9,20;1,7,21,17,12,20;4,8,22,10,19;3,8,23,9,19;0,11,13,14,17,21;12,20,23,14,16;0,23,1,2,21;1,9,22,3,4,23;0,15,22,8,1,20,23,4,19;3,22,16,18,11,19;0,19,10,18,17,15,13,5;2,17,18,16,6,20;5,11,15,23,14;5,13,23,6,16,22,17;0,9,22,17,11,13,23;6,12,18,10,22,14;2,21,5,14,22,15,11,18,12;10,11,17,12,16;0,9,4,3,10,11;1,2,12,6,23,9;0,7,2,17,5;3,8,9,15,17,14,16,10;0,7,1,8,4,9,20,6,14,13,15 3
genus2_715893_8 24 5,11,19,9,15,23,7,21;2,7,23,8,9,20;1,7,21,17,12,20;4,8,22,10,19;3,8,23,9,19;0,11,13,14,17,21;12,20,23,14,16;0,23,1,2,21;1,9,22,3,4,23;0,15,22,8,1,20,23,4,19;3,22,16,18,11,19;0,19,10,18,17,15,13,5;2,17,18,16,6,20;5,11,15,23,14;5,13,23,6,16,22,17;0,9,22,17,11,13,23;6,12,18,10,22,14;2,21,5,14,22,15,11,18,12;10,11,17,12,16;0,9,4,3,10,11;1,2,12,6,23,9;0,7,2,17,5;3,8,9,15,17,14,16,10;0,7,1,8,4,9,20,6,14,13,15 4
genus2_715893_8 24 5,11,19,9,15,23,7,21;2,7,23,8,9,20;1,7,21,17,12,20;4,8,22,10,19;3,8,23,9,19;0,11,13,14,17,21;12,20,23,14,16;0,23,1,2,21;1,9,22,3,4,23;0,15,22,8,1,20,23,4,19;3,22,16,18,11,19;0,19,10,18,17,15,13,5;2,17,18,16,6,20;5,11,15,23,14;5,13,23,6,16,22,17;0,9,22,17,11,13,23;6,12,18,10,22,14;2,21,5,14,22,15,11,18,12;10,11,17,12,16;0,9,4,3,10,11;1,2,12,6,23,9;0,7,2,17,5;3,8,9,15,17,14,16,10;0,7,1,8,4,9,20,6,14,13,15 13
genus2_715893_8 24 5,11,19,9,15,23,7,21;2,7,23,8,9,20;1,7,21,17,12,20;4,8,22,10,19;3,8,23,9,19;0,11,13,14,17,21;12,20,23,14,16;0,23,1,2,21;1,9,22,3,4,23;0,15,22,8,1,20,23,4,19;3,22,16,18,11,19;0,19,10,18,17,15,13,5;2,17,18,16,6,20;5,11,15,23,14;5,13,23,6,16,22,17;0,9,22,17,11,13,23;6,12,18,10,22,14;2,21,5,14,22,15,11,18,12;10,11,17,12,16;0,9,4,3,10,11;1,2,12,6,23,9;0,7,2,17,5;3,8,9,15,17,14,16,10;0,7,1,8,4,9,20,6,14,13,15 18
genus2_715893_9 32 1,29,8,31,22;0,29,5,18,6,30,31,4,9,10,21,22;3,26,27,15,8;2,26,10,9,28,29,8;1,9,28,5,25,26,21,22,31;1,29,28,4,25,20,18;1,18,12,11,30;8,11,19,13,15;0,31,30,11,7,15,2,3,29;1,4,28,3,10;1,9,3,26,21;6,30,8,7,19,17,25,20,23,13,12;6,11,13,16,18;7,15,16,12,11,23,14,19;13,19,17,27,24,23;2,8,7,13,16,24,27;12,13,15,24,23,20,18;11,19,14,27,25;1,6,12,16,20,5;7,11,17,14,13;5,18,16,23,11,25;1,22,4,26,10;0,1,21,4,31;11,13,14,24,16,20;14,27,15,16,23;4,5,20,11,17,27,26;2,3,10,21,4,25,27;2,26,25,17,14,24,15;3,9,4,5,29;0,1,5,28,3,8;1,31,8,11,6;0,8,30,1,4,22 9
genus2_715893_9 32 1,29,8,31,22;0,29,5,18,6,30,31,4,9,10,21,22;3,26,27,15,8;2,26,10,9,28,29,8;1,9,28,5,25,26,21,22,31;1,29,28,4,25,20,18;1,18,12,11,30;8,11,19,13,15;0,31,30,11,7,15,2,3,29;1,4,28,3,10;1,9,3,26,21;6,30,8,7,19,17,25,20,23,13,12;6,11,13,16,18;7,15,16,12,11,23,14,19;13,19,17,27,24,23;2,8,7,13,16,24,27;12,13,15,24,23,20,18;11,19,14,27,25;1,6,12,16,20,5;7,11,17,14,13;5,18,16,23,11,25;1,22,4,26,10;0,1,21,4,31;11,13,14,24,16,20;14,27,15,16,23;4,5,20,11,17,27,26;2,3,10,21,4,25,27;2,26,25,17,14,24,15;3,9,4,5,29;0,1,5,28,3,8;1,31,8,11,6;0,8,30,1,4,22 17
genus2_715893_9 32 1,29,8,31,22;0,29,5,18,6,30,31,4,9,10,21,22;3,26,27,15,8;2,26,10,9,28,29,8;1,9,28,5,25,26,21,22,31;1,29,28,4,25,20,18;1,18,12,11,30;8,11,19,13,15;0,31,30,11,7,15,2,3,29;1,4,28,3,10;1,9,3,26,21;6,30,8,7,19,17,25,20,23,13,12;6,11,13,16,18;7,15,16,12,11,23,14,19;13,19,17,27,24,23;2,8,7,13,16,24,27;12,13,15,24,23,20,18;11,19,14,27,25;1,6,12,16,20,5;7,11,17,14,13;5,18,16,23,11,25;1,22,4,26,10;0,1,21,4,31;11,13,14,24,16,20;14,27,15,16,23;4,5,20,11,17,27,26;2,3,10,21,4,25,27;2,26,25,17,14,24,15;3,9,4,5,29;0,1,5,28,3,8;1,31,8,11,6;0,8,30,1,4,22 19
genus2_715893_9 32 1,29,8,31,22;0,29,5,18,6,30,31,4,9,10,21,22;3,26,27,15,8;2,26,10,9,28,29,8;1,9,28,5,25,26,21,22,31;1,29,28,4,25,20,18;1,18,12,11,30;8,11,19,13,15;0,31,30,11,7,15,2,3,29;1,4,28,3,10;1,9,3,26,21;6,30,8,7,19,17,25,20,23,13,12;6,11,13,16,18;7,15,16,12,11,23,14,19;13,19,17,27,24,23;2,8,7,13,16,24,27;12,13,15,24,23,20,18;11,19,14,27,25;1,6,12,16,20,5;7,11,17,14,13;5,18,16,23,11,25;1,22,4,26,10;0,1,21,4,31;11,13,14,24,16,20;14,27,15,16,23;4,5,20,11,17,27,26;2,3,10,21,4,25,27;2,26,25,17,14,24,15;3,9,4,5,29;0,1,5,28,3,8;1,31,8,11,6;0,8,30,1,4,22 24
genus2_715893_10 25 1,4,9,16,7,6,12,3;0,4,22,2,17,3;1,17,8,5,10,22;0,12,9,17,1;0,1,22,8,17,9;2,8,21,13,20,10;0,7,11,15,12;0,6,11,21,16;2,5,21,22,4,17;0,4,17,3,12,16;2,5,20,23,18,11,22;6,15,19,16,14,18,10,22,21,7;0,3,9,16,24,15,6;5,21,14,18,19,16,20;11,16,21,13,18;6,11,19,24,12;0,7,21,14,11,19,13,20,24,12,9;1,2,8,4,9,3;10,11,14,13,19,23;11,15,24,23,18,13,16;5,10,23,24,16,13;5,13,14,16,7,11,22,8;1,4,8,21,11,10,2;10,20,24,19,18;12,15,19,23,20,16 14
genus2_715893_11 21 1,5,7,10,17;0,5,8,11,2,12,14,19,17;1,12,9,7,6,11;8,11,17,10,9,16;9,19,14,20,15,18;0,7,13,20,14,12,16,8,1;2,7,19,17,11;0,5,13,19,6,2,9,10;1,5,16,3,11;2,7,10,3,16,19,4,18,12;0,17,3,9,7;1,8,3,17,6,2;1,14,5,16,18,9,2;5,7,19,16,15,20;1,19,4,20,5,12;4,18,16,13,20;3,8,5,12,18,15,13,19,9;0,10,3,11,6,19,1;4,9,12,16,15;1,14,4,9,16,13,7,6,17;4,14,5,13,15 0
genus2_715893_11 21 1,5,7,10,17;0,5,8,11,2,12,14,19,17;1,12,9,7,6,11;8,11,17,10,9,16;9,19,14,20,15,18;0,7,13,20,14,12,16,8,1;2,7,19,17,11;0,5,13,19,6,2,9,10;1,5,16,3,11;2,7,10,3,16,19,4,18,12;0,17,3,9,7;1,8,3,17,6,2;1,14,5,16,18,9,2;5,7,19,16,15,20;1,19,4,20,5,12;4,18,16,13,20;3,8,5,12,18,15,13,19,9;0,10,3,11,6,19,1;4,9,12,16,15;1,14,4,9,16,13,7,6,17;4,14,5,13,15 6
genus2_715893_11 21 1,5,7,10,17;0,5,8,11,2,12,14,19,17;1,12,9,7,6,11;8,11,17,10,9,16;9,19,14,20,15,18;0,7,13,20,14,12,16,8,1;2,7,19,17,11;0,5,13,19,6,2,9,10;1,5,16,3,11;2,7,10,3,16,19,4,18,12;0,17,3,9,7;1,8,3,17,6,2;1,14,5,16,18,9,2;5,7,19,16,15,20;1,19,4,20,5,12;4,18,16,13,20;3,8,5,12,18,15,13,19,9;0,10,3,11,6,19,1;4,9,12,16,15;1,14,4,9,16,13,7,6,17;4,14,5,13,15 8
genus2_715893_11 21 1,5,7,10,17;0,5,8,11,2,12,14,19,17;1,12,9,7,6,11;8,11,17,10,9,16;9,19,14,20,15,18;0,7,13,20,14,12,16,8,1;2,7,19,17,11;0,5,13,19,6,2,9,10;1,5,16,3,11;2,7,10,3,16,19,4,18,12;0,17,3,9,7;1,8,3,17,6,2;1,14,5,16,18,9,2;5,7,19,16,15,20;1,19,4,20,5,12;4,18,16,13,20;3,8,5,12,18,15,13,19,9;0,10,3,11,6,19,1;4,9,12,16,15;1,14,4,9,16,13,7,6,17;4,14,5,13,15 10
genus2_715893_12 23 3,15,7,11,6,18;4,17,14,20,8;3,5,4,17,22,21;0,15,19,8,11,21,2,5,18;1,17,2,5,8;2,4,8,16,18,3;0,11,21,22,13,10,16,18;0,11,8,20,15;1,20,7,11,3,19,17,9,10,16,5,4;8,17,12,19,15,10;6,13,15,9,8,16;0,6,21,3,8,7;9,19,14,15,17;6,10,15,17,22;1,17,19,12,15,20;0,3,19,9,10,13,17,12,14,20,7;5,8,10,6,18;1,4,2,22,13,15,12,9,8,19,14;0,3,5,16,6;3,8,17,14,12,9,15;1,8,7,15,14;2,22,6,11,3;2,21,6,13,17 1
genus2_715893_12 23 3,15,7,11,6,18;4,17,14,20,8;3,5,4,17,22,21;0,15,19,8,11,21,2,5,18;1,17,2,5,8;2,4,8,16,18,3;0,11,21,22,13,10,16,18;0,11,8,20,15;1,20,7,11,3,19,17,9,10,16,5,4;8,17,12,19,15,10;6,13,15,9,8,16;0,6,21,3,8,7;9,19,14,15,17;6,10,15,17,22;1,17,19,12,15,20;0,3,19,9,10,13,17,12,14,20,7;5,8,10,6,18;1,4,2,22,13,15,12,9,8,19,14;0,3,5,16,6;3,8,17,14,12,9,15;1,8,7,15,14;2,22,6,11,3;2,21,6,13,17 4
genus2_715893_12 23 3,15,7,11,6,18;4,17,14,20,8;3,5,4,17,22,21;0,15,19,8,11,21,2,5,18;1,17,2,5,8;2,4,8,16,18,3;0,11,21,22,13,10,16,18;0,11,8,20,15;1,20,7,11,3,19,17,9,10,16,5,4;8,17,12,19,15,10;6,13,15,9,8,16;0,6,21,3,8,7;9,19,14,15,17;6,10,15,17,22;1,17,19,12,15,20;0,3,19,9,10,13,17,12,14,20,7;5,8,10,6,18;1,4,2,22,13,15,12,9,8,19,14;0,3,5,16,6;3,8,17,14,12,9,15;1,8,7,15,14;2,22,6,11,3;2,21,6,13,17 7
genus2_715893_12 23 3,15,7,11,6,18;4,17,14,20,8;3,5,4,17,22,21;0,15,19,8,11,21,2,5,18;1,17,2,5,8;2,4,8,16,18,3;0,11,21,22,13,10,16,18;0,11,8,20,15;1,20,7,11,3,19,17,9,10,16,5,4;8,17,12,19,15,10;6,13,15,9,8,16;0,6,21,3,8,7;9,19,14,15,17;6,10,15,17,22;1,17,19,12,15,20;0,3,19,9,10,13,17,12,14,20,7;5,8,10,6,18;1,4,2,22,13,15,12,9,8,19,14;0,3,5,16,6;3,8,17,14,12,9,15;1,8,7,15,14;2,22,6,11,3;2,21,6,13,17 13
genus2_715893_12 23 3,15,7,11,6,18;4,17,14,20,8;3,5,4,17,22,21;0,15,19,8,11,21,2,5,18;1,17,2,5,8;2,4,8,16,18,3;0,11,21,22,13,10,16,18;0,11,8,20,15;1,20,7,11,3,19,17,9,10,16,5,4;8,17,12,19,15,10;6,13,15,9,8,16;0,6,21,3,8,7;9,19,14,15,17;6,10,15,17,22;1,17,19,12,15,20;0,3,19,9,10,13,17,12,14,20,7;5,8,10,6,18;1,4,2,22,13,15,12,9,8,19,14;0,3,5,16,6;3,8,17,14,12,9,15;1,8,7,15,14;2,22,6,11,3;2,21,6,13,17 16
genus2_715893_12 23 3,15,7,11,6,18;4,17,14,20,8;3,5,4,17,22,21;0,15,19,8,11,21,2,5,18;1,17,2,5,8;2,4,8,16,18,3;0,11,21,22,13,10,16,18;0,11,8,20,15;1,20,7,11,3,19,17,9,10,16,5,4;8,17,12,19,15,10;6,13,15,9,8,16;0,6,21,3,8,7;9,19,14,15,17;6,10,15,17,22;1,17,19,12,15,20;0,3,19,9,10,13,17,12,14,20,7;5,8,10,6,18;1,4,2,22,13,15,12,9,8,19,14;0,3,5,16,6;3,8,17,14,12,9,15;1,8,7,15,14;2,22,6,11,3;2,21,6,13,17 18
genus2_715893_12 23 3,15,7,11,6,18;4,17,14,20,8;3,5,4,17,22,21;0,15,19,8,11,21,2,5,18;1,17,2,5,8;2,4,8,16,18,3;0,11,21,22,13,10,16,18;0,11,8,20,15;1,20,7,11,3,19,17,9,10,16,5,4;8,17,12,19,15,10;6,13,15,9,8,16;0,6,21,3,8,7;9,19,14,15,17;6,10,15,17,22;1,17,19,12,15,20;0,3,19,9,10,13,17,12,14,20,7;5,8,10,6,18;1,4,2,22,13,15,12,9,8,19,14;0,3,5,16,6;3,8,17,14,12,9,15;1,8,7,15,14;2,22,6,11,3;2,21,6,13,17 20
genus2_715893_12 23 3,15,7,11,6,18;4,17,14,20,8;3,5,4,17,22,21;0,15,19,8,11,21,2,5,18;1,17,2,5,8;2,4,8,16,18,3;0,11,21,22,13,10,16,18;0,11,8,20,15;1,20,7,11,3,19,17,9,10,16,5,4;8,17,12,19,15,10;6,13,15,9,8,16;0,6,21,3,8,7;9,19,14,15,17;6,10,15,17,22;1,17,19,12,15,20;0,3,19,9,10,13,17,12,14,20,7;5,8,10,6,18;1,4,2,22,13,15,12,9,8,19,14;0,3,5,16,6;3,8,17,14,12,9,15;1,8,7,15,14;2,22,6,11,3;2,21,6,13,17 21
genus2_715893_12 23 3,15,7,11,6,18;4,17,14,20,8;3,5,4,17,22,21;0,15,19,8,11,21,2,5,18;1,17,2,5,8;2,4,8,16,18,3;0,11,21,22,13,10,16,18;0,11,8,20,15;1,20,7,11,3,19,17,9,10,16,5,4;8,17,12,19,15,10;6,13,15,9,8,16;0,6,21,3,8,7;9,19,14,15,17;6,10,15,17,22;1,17,19,12,15,20;0,3,19,9,10,13,17,12,14,20,7;5,8,10,6,18;1,4,2,22,13,15,12,9,8,19,14;0,3,5,16,6;3,8,17,14,12,9,15;1,8,7,15,14;2,22,6,11,3;2,21,6,13,17 22
genus2_715893_13 29 1,24,8,23,11,26,6,22,9;0,24,2,10,9;1,10,5,26,3,25,24;2,25,16,20,11,26;5,6,23,11,15,7,28;2,10,28,4,6,26;0,26,5,4,23,8,21,22;4,28,22,12,27,15;0,23,6,21,24;0,1,10,28,22;1,2,5,28,9;0,23,4,15,20,3,26;7,22,19,16,20,13,27;12,20,19,21,27;16,25,18,17,19;4,11,20,21,27,7;3,20,12,19,14,25;14,18,21,20,19;14,17,21,24,25;12,22,21,13,20,17,14,16;3,16,12,13,19,17,21,15,11;6,8,24,18,17,20,15,27,13,19,22;0,9,28,7,12,19,21,6;0,8,6,4,11;0,1,2,25,18,21,8;2,3,16,14,18,24;0,6,5,2,3,11;7,12,13,21,15;4,7,22,9,10,5 13
genus2_715893_13 29 1,24,8,23,11,26,6,22,9;0,24,2,10,9;1,10,5,26,3,25,24;2,25,16,20,11,26;5,6,23,11,15,7,28;2,10,28,4,6,26;0,26,5,4,23,8,21,22;4,28,22,12,27,15;0,23,6,21,24;0,1,10,28,22;1,2,5,28,9;0,23,4,15,20,3,26;7,22,19,16,20,13,27;12,20,19,21,27;16,25,18,17,19;4,11,20,21,27,7;3,20,12,19,14,25;14,18,21,20,19;14,17,21,24,25;12,22,21,13,20,17,14,16;3,16,12,13,19,17,21,15,11;6,8,24,18,17,20,15,27,13,19,22;0,9,28,7,12,19,21,6;0,8,6,4,11;0,1,2,25,18,21,8;2,3,16,14,18,24;0,6,5,2,3,11;7,12,13,21,15;4,7,22,9,10,5 14
genus2_715893_13 29 1,24,8,23,11,26,6,22,9;0,24,2,10,9;1,10,5,26,3,25,24;2,25,16,20,11,26;5,6,23,11,15,7,28;2,10,28,4,6,26;0,26,5,4,23,8,21,22;4,28,22,12,27,15;0,23,6,21,24;0,1,10,28,22;1,2,5,28,9;0,23,4,15,20,3,26;7,22,19,16,20,13,27;12,20,19,21,27;16,25,18,17,19;4,11,20,21,27,7;3,20,12,19,14,25;14,18,21,20,19;14,17,21,24,25;12,22,21,13,20,17,14,16;3,16,12,13,19,17,21,15,11;6,8,24,18,17,20,15,27,13,19,22;0,9,28,7,12,19,21,6;0,8,6,4,11;0,1,2,25,18,21,8;2,3,16,14,18,24;0,6,5,2,3,11;7,12,13,21,15;4,7,22,9,10,5 27
genus2_715893_14 27 2,17,26,9,6,21,10,24;5,8,10,24,13;0,17,7,15,13,24;4,25,8,26,7;3,25,11,14,16,15,7;1,8,25,23,16,13;0,9,20,23,25,11,21;2,15,4,3,26,18,17;1,5,25,3,26,9,11,21,10;0,6,20,12,11,8,26;0,24,1,8,21;4,14,12,9,8,21,6,25;9,11,14,19,26,17,18,20;1,5,16,15,2,24;4,11,12,19,16;2,7,4,16,13;4,14,19,22,20,23,5,13,15;0,2,7,18,12,26;7,17,12,20,22,26;12,14,16,22,26;6,9,12,18,22,16,23;0,6,11,8,10;16,19,26,18,20;5,25,6,20,16;0,2,13,1,10;3,4,11,6,23,5,8;0,9,8,3,7,18,22,19,12,17 1
genus2_715893_14 27 2,17,26,9,6,21,10,24;5,8,10,24,13;0,17,7,15,13,24;4,25,8,26,7;3,25,11,14,16,15,7;1,8,25,23,16,13;0,9,20,23,25,11,21;2,15,4,3,26,18,17;1,5,25,3,26,9,11,21,10;0,6,20,12,11,8,26;0,24,1,8,21;4,14,12,9,8,21,6,25;9,11,14,19,26,17,18,20;1,5,16,15,2,24;4,11,12,19,16;2,7,4,16,13;4,14,19,22,20,23,5,13,15;0,2,7,18,12,26;7,17,12,20,22,26;12,14,16,22,26;6,9,12,18,22,16,23;0,6,11,8,10;16,19,26,18,20;5,25,6,20,16;0,2,13,1,10;3,4,11,6,23,5,8;0,9,8,3,7,18,22,19,12,17 15
genus2_715893_14 27 2,17,26,9,6,21,10,24;5,8,10,24,13;0,17,7,15,13,24;4,25,8,26,7;3,25,11,14,16,15,7;1,8,25,23,16,13;0,9,20,23,25,11,21;2,15,4,3,26,18,17;1,5,25,3,26,9,11,21,10;0,6,20,12,11,8,26;0,24,1,8,21;4,14,12,9,8,21,6,25;9,11,14,19,26,17,18,20;1,5,16,15,2,24;4,11,12,19,16;2,7,4,16,13;4,14,19,22,20,23,5,13,15;0,2,7,18,12,26;7,17,12,20,22,26;12,14,16,22,26;6,9,12,18,22,16,23;0,6,11,8,10;16,19,26,18,20;5,25,6,20,16;0,2,13,1,10;3,4,11,6,23,5,8;0,9,8,3,7,18,22,19,12,17 19
genus2_715893_14 27 2,17,26,9,6,21,10,24;5,8,10,24,13;0,17,7,15,13,24;4,25,8,26,7;3,25,11,14,16,15,7;1,8,25,23,16,13;0,9,20,23,25,11,21;2,15,4,3,26,18,17;1,5,25,3,26,9,11,21,10;0,6,20,12,11,8,26;0,24,1,8,21;4,14,12,9,8,21,6,25;9,11,14,19,26,17,18,20;1,5,16,15,2,24;4,11,12,19,16;2,7,4,16,13;4,14,19,22,20,23,5,13,15;0,2,7,18,12,26;7,17,12,20,22,26;12,14,16,22,26;6,9,12,18,22,16,23;0,6,11,8,10;16,19,26,18,20;5,25,6,20,16;0,2,13,1,10;3,4,11,6,23,5,8;0,9,8,3,7,18,22,19,12,17 22
genus2_715893_15 30 4,8,5,7,11,13,28,9,15;2,17,5,16,29,21,13,6,12,7,23;1,17,14,24,23;7,17,10,24,23;0,8,25,20,19,15;0,7,17,1,16,8;1,12,26,18,15,13;0,5,17,3,23,1,12,11;0,4,25,16,5;0,28,27,17,14,15;3,17,22,18,14,24;0,13,26,12,7;1,6,26,11,7;0,11,26,18,22,19,15,6,1,21,28;2,17,9,15,18,10,24;0,4,19,13,6,18,14,9;1,5,8,25,29;1,2,14,9,27,22,10,3,7,5;6,15,14,10,22,13,26;4,15,13,22,27,20;4,19,27,29,25;1,13,28,27,29;10,17,27,19,13,18;1,2,24,3,7;2,23,3,10,14;4,8,16,29,20;6,12,11,13,18;9,17,22,19,20,29,21,28;0,9,27,21,13;1,16,25,20,27,21 8
genus2_715893_15 30 4,8,5,7,11,13,28,9,15;2,17,5,16,29,21,13,6,12,7,23;1,17,14,24,23;7,17,10,24,23;0,8,25,20,19,15;0,7,17,1,16,8;1,12,26,18,15,13;0,5,17,3,23,1,12,11;0,4,25,16,5;0,28,27,17,14,15;3,17,22,18,14,24;0,13,26,12,7;1,6,26,11,7;0,11,26,18,22,19,15,6,1,21,28;2,17,9,15,18,10,24;0,4,19,13,6,18,14,9;1,5,8,25,29;1,2,14,9,27,22,10,3,7,5;6,15,14,10,22,13,26;4,15,13,22,27,20;4,19,27,29,25;1,13,28,27,29;10,17,27,19,13,18;1,2,24,3,7;2,23,3,10,14;4,8,16,29,20;6,12,11,13,18;9,17,22,19,20,29,21,28;0,9,27,21,13;1,16,25,20,27,21 12
genus2_715893_15 30 4,8,5,7,11,13,28,9,15;2,17,5,16,29,21,13,6,12,7,23;1,17,14,24,23;7,17,10,24,23;0,8,25,20,19,15;0,7,17,1,16,8;1,12,26,18,15,13;0,5,17,3,23,1,12,11;0,4,25,16,5;0,28,27,17,14,15;3,17,22,18,14,24;0,13,26,12,7;1,6,26,11,7;0,11,26,18,22,19,15,6,1,21,28;2,17,9,15,18,10,24;0,4,19,13,6,18,14,9;1,5,8,25,29;1,2,14,9,27,22,10,3,7,5;6,15,14,10,22,13,26;4,15,13,22,27,20;4,19,27,29,25;1,13,28,27,29;10,17,27,19,13,18;1,2,24,3,7;2,23,3,10,14;4,8,16,29,20;6,12,11,13,18;9,17,22,19,20,29,21,28;0,9,27,21,13;1,16,25,20,27,21 21
genus2_715893_15 30 4,8,5,7,11,13,28,9,15;2,17,5,16,29,21,13,6,12,7,23;1,17,14,24,23;7,17,10,24,23;0,8,25,20,19,15;0,7,17,1,16,8;1,12,26,18,15,13;0,5,17,3,23,1,12,11;0,4,25,16,5;0,28,27,17,14,15;3,17,22,18,14,24;0,13,26,12,7;1,6,26,11,7;0,11,26,18,22,19,15,6,1,21,28;2,17,9,15,18,10,24;0,4,19,13,6,18,14,9;1,5,8,25,29;1,2,14,9,27,22,10,3,7,5;6,15,14,10,22,13,26;4,15,13,22,27,20;4,19,27,29,25;1,13,28,27,29;10,17,27,19,13,18;1,2,24,3,7;2,23,3,10,14;4,8,16,29,20;6,12,11,13,18;9,17,22,19,20,29,21,28;0,9,27,21,13;1,16,25,20,27,21 28
genus2_715893_16 22 3,5,15,12,18,19;2,5,3,10,11,8;1,5,16,21,8;0,5,1,10,9,21,7,6,19;6,7,18,13,21,9;0,15,16,2,1,3;3,7,4,9,10,19;3,6,4,18,14,21;1,11,13,21,2;3,10,6,4,21;1,11,19,6,9,3;1,8,13,12,17,19,10;0,15,20,13,11,17,14,18;4,21,8,11,12,20,18;7,18,12,17,16,21;0,5,16,20,12;2,5,15,20,17,14,21;11,12,14,16,20,18,19;0,12,14,7,4,13,20,17,19;0,3,6,10,11,17,18;12,13,18,17,16,15;2,8,13,4,9,3,7,14,16 2
genus2_715893_16 22 3,5,15,12,18,19;2,5,3,10,11,8;1,5,16,21,8;0,5,1,10,9,21,7,6,19;6,7,18,13,21,9;0,15,16,2,1,3;3,7,4,9,10,19;3,6,4,18,14,21;1,11,13,21,2;3,10,6,4,21;1,11,19,6,9,3;1,8,13,12,17,19,10;0,15,20,13,11,17,14,18;4,21,8,11,12,20,18;7,18,12,17,16,21;0,5,16,20,12;2,5,15,20,17,14,21;11,12,14,16,20,18,19;0,12,14,7,4,13,20,17,19;0,3,6,10,11,17,18;12,13,18,17,16,15;2,8,13,4,9,3,7,14,16 8
genus2_715893_16 22 3,5,15,12,18,19;2,5,3,10,11,8;1,5,16,21,8;0,5,1,10,9,21,7,6,19;6,7,18,13,21,9;0,15,16,2,1,3;3,7,4,9,10,19;3,6,4,18,14,21;1,11,13,21,2;3,10,6,4,21;1,11,19,6,9,3;1,8,13,12,17,19,10;0,15,20,13,11,17,14,18;4,21,8,11,12,20,18;7,18,12,17,16,21;0,5,16,20,12;2,5,15,20,17,14,21;11,12,14,16,20,18,19;0,12,14,7,4,13,20,17,19;0,3,6,10,11,17,18;12,13,18,17,16,15;2,8,13,4,9,3,7,14,16 9
genus2_715893_17 31 4,25,15,20,18,30,29;6,21,28,11,9;4,29,10,26,6;7,10,27,8,11;0,25,24,6,2,29;7,28,26,9,11;1,21,7,28,16,22,24,4,2,26,9;3,10,21,6,28,5,11;3,27,13,12,14,11;1,11,5,26,6;2,26,21,7,3,27,29;1,9,5,7,3,8,14,28;8,13,22,20,14;8,12,22,23,30,29,27;8,11,28,16,19,15,20,12;0,25,17,19,14,20;6,22,19,14,28;15,25,18,20,19;0,20,17,25,24,23,30;14,15,17,20,22,16;0,15,14,12,22,19,17,18;1,6,7,10,26,28;6,16,19,20,12,13,23,24;13,22,24,18,30;4,6,22,23,18,25;0,4,24,18,17,15;2,10,21,28,5,9,6;3,10,29,13,8;1,11,14,16,6,7,5,26,21;0,4,2,10,27,13,30;0,29,13,23,18 1
genus2_715893_17 31 4,25,15,20,18,30,29;6,21,28,11,9;4,29,10,26,6;7,10,27,8,11;0,25,24,6,2,29;7,28,26,9,11;1,21,7,28,16,22,24,4,2,26,9;3,10,21,6,28,5,11;3,27,13,12,14,11;1,11,5,26,6;2,26,21,7,3,27,29;1,9,5,7,3,8,14,28;8,13,22,20,14;8,12,22,23,30,29,27;8,11,28,16,19,15,20,12;0,25,17,19,14,20;6,22,19,14,28;15,25,18,20,19;0,20,17,25,24,23,30;14,15,17,20,22,16;0,15,14,12,22,19,17,18;1,6,7,10,26,28;6,16,19,20,12,13,23,24;13,22,24,18,30;4,6,22,23,18,25;0,4,24,18,17,15;2,10,21,28,5,9,6;3,10,29,13,8;1,11,14,16,6,7,5,26,21;0,4,2,10,27,13,30;0,29,13,23,18 5
genus2_715893_17 31 4,25,15,20,18,30,29;6,21,28,11,9;4,29,10,26,6;7,10,27,8,11;0,25,24,6,2,29;7,28,26,9,11;1,21,7,28,16,22,24,4,2,26,9;3,10,21,6,28,5,11;3,27,13,12,14,11;1,11,5,26,6;2,26,21,7,3,27,29;1,9,5,7,3,8,14,28;8,13,22,20,14;8,12,22,23,30,29,27;8,11,28,16,19,15,20,12;0,25,17,19,14,20;6,22,19,14,28;15,25,18,20,19;0,20,17,25,24,23,30;14,15,17,20,22,16;0,15,14,12,22,19,17,18;1,6,7,10,26,28;6,16,19,20,12,13,23,24;13,22,24,18,30;4,6,22,23,18,25;0,4,24,18,17,15;2,10,21,28,5,9,6;3,10,29,13,8;1,11,14,16,6,7,5,26,21;0,4,2,10,27,13,30;0,29,13,23,18 9
genus2_715893_18 21 1,5,2,20,12,15,16,19,11,4;0,5,8,7,10,2,9,6,3,4;0,5,10,1,9,4,14,18,20;1,6,7,8,9,4;0,1,3,9,2,14,17,18,11;0,1,8,10,2;1,3,7,10,8,9;1,8,3,6,10;1,5,10,6,9,3,7;1,2,4,3,8,6;1,2,5,8,6,7;0,4,18,20,19;0,15,13,18,16,19,20;12,15,17,14,18;2,4,17,13,18;0,12,13,17,18,16;0,15,18,12,19;4,14,13,15,18;2,14,13,12,16,15,17,4,11,20;0,11,20,12,16;0,2,18,11,19,12 5
