torus_715893_0 27 1,5,15,19,20;0,5,2,25,20;1,5,6,3,25;2,6,7,12,11,21,25;13,14,15,22,23,24;0,1,2,6,11,19,26,22,15;2,5,11,7,3;3,6,11,8,9,10,12;7,9,13,24,18,12,11;7,10,14,13,8;7,9,14,15,12;3,12,8,7,6,5,19,21;3,7,10,15,16,17,18,8,11;4,14,9,8,24;4,15,10,9,13;0,5,22,4,14,10,12,16,26,19;12,15,26,22,17;12,18,23,22,16;8,24,23,17,12;0,15,26,5,11,21,20;0,19,21,25,1;3,25,20,19,11;4,15,5,26,16,17,23;4,22,17,18,24;4,13,8,18,23;1,20,21,3,2;5,22,16,15,19 9
torus_715893_0 27 1,5,15,19,20;0,5,2,25,20;1,5,6,3,25;2,6,7,12,11,21,25;13,14,15,22,23,24;0,1,2,6,11,19,26,22,15;2,5,11,7,3;3,6,11,8,9,10,12;7,9,13,24,18,12,11;7,10,14,13,8;7,9,14,15,12;3,12,8,7,6,5,19,21;3,7,10,15,16,17,18,8,11;4,14,9,8,24;4,15,10,9,13;0,5,22,4,14,10,12,16,26,19;12,15,26,22,17;12,18,23,22,16;8,24,23,17,12;0,15,26,5,11,21,20;0,19,21,25,1;3,25,20,19,11;4,15,5,26,16,17,23;4,22,17,18,24;4,13,8,18,23;1,20,21,3,2;5,22,16,15,19 20
torus_715893_0 27 1,5,15,19,20;0,5,2,25,20;1,5,6,3,25;2,6,7,12,11,21,25;13,14,15,22,23,24;0,1,2,6,11,19,26,22,15;2,5,11,7,3;3,6,11,8,9,10,12;7,9,13,24,18,12,11;7,10,14,13,8;7,9,14,15,12;3,12,8,7,6,5,19,21;3,7,10,15,16,17,18,8,11;4,14,9,8,24;4,15,10,9,13;0,5,22,4,14,10,12,16,26,19;12,15,26,22,17;12,18,23,22,16;8,24,23,17,12;0,15,26,5,11,21,20;0,19,21,25,1;3,25,20,19,11;4,15,5,26,16,17,23;4,22,17,18,24;4,13,8,18,23;1,20,21,3,2;5,22,16,15,19 24
torus_715893_5 21 2,14,15,7,17;5,10,15,14,6;0,14,20,4,9,17;4,18,14,13,9;2,9,3,18,10,5,20;1,10,4,20,6;1,5,20,12,14;0,17,19,16,15;11,12,14,13,19,16;2,4,3,13,19,17;1,5,4,18,15;8,12,20,15,16;6,20,11,8,14;3,14,8,19,9;0,15,1,6,12,8,13,3,18,20,2;0,14,1,10,18,20,11,16,7;7,15,11,8,19;0,7,19,9,2;3,4,10,15,20,14;7,17,9,13,8,16;2,4,5,6,12,11,15,18,14 0
torus_715893_5 21 2,14,15,7,17;5,10,15,14,6;0,14,20,4,9,17;4,18,14,13,9;2,9,3,18,10,5,20;1,10,4,20,6;1,5,20,12,14;0,17,19,16,15;11,12,14,13,19,16;2,4,3,13,19,17;1,5,4,18,15;8,12,20,15,16;6,20,11,8,14;3,14,8,19,9;0,15,1,6,12,8,13,3,18,20,2;0,14,1,10,18,20,11,16,7;7,15,11,8,19;0,7,19,9,2;3,4,10,15,20,14;7,17,9,13,8,16;2,4,5,6,12,11,15,18,14 7
torus_715893_5 21 2,14,15,7,17;5,10,15,14,6;0,14,20,4,9,17;4,18,14,13,9;2,9,3,18,10,5,20;1,10,4,20,6;1,5,20,12,14;0,17,19,16,15;11,12,14,13,19,16;2,4,3,13,19,17;1,5,4,18,15;8,12,20,15,16;6,20,11,8,14;3,14,8,19,9;0,15,1,6,12,8,13,3,18,20,2;0,14,1,10,18,20,11,16,7;7,15,11,8,19;0,7,19,9,2;3,4,10,15,20,14;7,17,9,13,8,16;2,4,5,6,12,11,15,18,14 11
torus_715893_5 21 2,14,15,7,17;5,10,15,14,6;0,14,20,4,9,17;4,18,14,13,9;2,9,3,18,10,5,20;1,10,4,20,6;1,5,20,12,14;0,17,19,16,15;11,12,14,13,19,16;2,4,3,13,19,17;1,5,4,18,15;8,12,20,15,16;6,20,11,8,14;3,14,8,19,9;0,15,1,6,12,8,13,3,18,20,2;0,14,1,10,18,20,11,16,7;7,15,11,8,19;0,7,19,9,2;3,4,10,15,20,14;7,17,9,13,8,16;2,4,5,6,12,11,15,18,14 12
torus_715893_5 21 2,14,15,7,17;5,10,15,14,6;0,14,20,4,9,17;4,18,14,13,9;2,9,3,18,10,5,20;1,10,4,20,6;1,5,20,12,14;0,17,19,16,15;11,12,14,13,19,16;2,4,3,13,19,17;1,5,4,18,15;8,12,20,15,16;6,20,11,8,14;3,14,8,19,9;0,15,1,6,12,8,13,3,18,20,2;0,14,1,10,18,20,11,16,7;7,15,11,8,19;0,7,19,9,2;3,4,10,15,20,14;7,17,9,13,8,16;2,4,5,6,12,11,15,18,14 13
torus_715893_5 21 2,14,15,7,17;5,10,15,14,6;0,14,20,4,9,17;4,18,14,13,9;2,9,3,18,10,5,20;1,10,4,20,6;1,5,20,12,14;0,17,19,16,15;11,12,14,13,19,16;2,4,3,13,19,17;1,5,4,18,15;8,12,20,15,16;6,20,11,8,14;3,14,8,19,9;0,15,1,6,12,8,13,3,18,20,2;0,14,1,10,18,20,11,16,7;7,15,11,8,19;0,7,19,9,2;3,4,10,15,20,14;7,17,9,13,8,16;2,4,5,6,12,11,15,18,14 17
torus_715893_10 26 1,2,24,18,20;0,2,10,19,20;0,24,4,7,10,1;12,13,21,14,24;2,7,6,5,24;4,6,23,14,24;4,7,25,23,5;2,4,6,25,16,15,10;16,17,21,23,25;19,21,23,22,20;1,2,7,15,11,19;10,15,17,13,14,21,19;3,13,14,23,22,18,24;3,12,14,11,17,21;3,21,11,13,12,23,5,24;7,16,17,11,10;7,15,17,8,25;8,16,15,11,13,21;0,20,22,12,24;1,20,9,21,11,10;0,1,19,9,22,18;3,14,11,19,9,23,8,17,13;9,20,18,12,23;5,6,25,8,21,9,22,12,14;0,2,4,5,14,3,12,18;6,7,16,8,23 18
torus_715893_10 26 1,2,24,18,20;0,2,10,19,20;0,24,4,7,10,1;12,13,21,14,24;2,7,6,5,24;4,6,23,14,24;4,7,25,23,5;2,4,6,25,16,15,10;16,17,21,23,25;19,21,23,22,20;1,2,7,15,11,19;10,15,17,13,14,21,19;3,13,14,23,22,18,24;3,12,14,11,17,21;3,21,11,13,12,23,5,24;7,16,17,11,10;7,15,17,8,25;8,16,15,11,13,21;0,20,22,12,24;1,20,9,21,11,10;0,1,19,9,22,18;3,14,11,19,9,23,8,17,13;9,20,18,12,23;5,6,25,8,21,9,22,12,14;0,2,4,5,14,3,12,18;6,7,16,8,23 25
torus_715893_17 25 1,23,19,18,15;0,23,5,3,14,11,6,15;3,7,20,12,16,21;1,5,22,21,2,7,14;6,7,14,8,11;1,3,22,24,23;1,11,4,7,20,15;2,20,6,4,14,3;4,14,12,20,11;10,13,17,24,19,18;9,13,16,12,14,11,18;1,6,4,8,20,15,18,10,14;2,16,10,14,8,20;9,10,16,21,17;1,11,10,12,8,4,7,3;0,18,11,20,6,1;2,12,10,13,21;9,13,21,22,24;0,15,11,10,9,19;0,23,24,9,18;2,7,6,15,11,8,12;2,3,22,17,13,16;3,21,17,24,5;0,1,5,24,19;5,22,17,9,19,23 4
torus_715893_24 29 3,15,8,23,6;2,20,23,6,8,22;1,20,27,19,22;0,15,25,10,11,24,6;9,13,28,14,10;8,22,25,20,23;0,3,24,15,8,1,23;10,16,11,25,19,27;0,23,5,22,1,6,15;4,13,12,11,10;3,11,9,4,14,26,16,7,27,20,25;3,10,9,12,16,7,25,24;9,11,16,21,17,13;4,9,12,17,28;4,28,18,26,10;0,3,25,24,6,8;7,11,12,21,26,10;12,13,28,18,21;14,26,21,17,28;2,22,25,7,27;1,2,27,10,25,5,23;12,16,26,18,17;1,8,5,25,19,2;0,8,5,20,1,6;3,6,15,25,11;3,10,20,5,22,19,7,11,24,15;10,16,21,18,14;2,20,10,7,19;4,13,17,18,14 0
torus_715893_24 29 3,15,8,23,6;2,20,23,6,8,22;1,20,27,19,22;0,15,25,10,11,24,6;9,13,28,14,10;8,22,25,20,23;0,3,24,15,8,1,23;10,16,11,25,19,27;0,23,5,22,1,6,15;4,13,12,11,10;3,11,9,4,14,26,16,7,27,20,25;3,10,9,12,16,7,25,24;9,11,16,21,17,13;4,9,12,17,28;4,28,18,26,10;0,3,25,24,6,8;7,11,12,21,26,10;12,13,28,18,21;14,26,21,17,28;2,22,25,7,27;1,2,27,10,25,5,23;12,16,26,18,17;1,8,5,25,19,2;0,8,5,20,1,6;3,6,15,25,11;3,10,20,5,22,19,7,11,24,15;10,16,21,18,14;2,20,10,7,19;4,13,17,18,14 2
torus_715893_24 29 3,15,8,23,6;2,20,23,6,8,22;1,20,27,19,22;0,15,25,10,11,24,6;9,13,28,14,10;8,22,25,20,23;0,3,24,15,8,1,23;10,16,11,25,19,27;0,23,5,22,1,6,15;4,13,12,11,10;3,11,9,4,14,26,16,7,27,20,25;3,10,9,12,16,7,25,24;9,11,16,21,17,13;4,9,12,17,28;4,28,18,26,10;0,3,25,24,6,8;7,11,12,21,26,10;12,13,28,18,21;14,26,21,17,28;2,22,25,7,27;1,2,27,10,25,5,23;12,16,26,18,17;1,8,5,25,19,2;0,8,5,20,1,6;3,6,15,25,11;3,10,20,5,22,19,7,11,24,15;10,16,21,18,14;2,20,10,7,19;4,13,17,18,14 5
torus_715893_24 29 3,15,8,23,6;2,20,23,6,8,22;1,20,27,19,22;0,15,25,10,11,24,6;9,13,28,14,10;8,22,25,20,23;0,3,24,15,8,1,23;10,16,11,25,19,27;0,23,5,22,1,6,15;4,13,12,11,10;3,11,9,4,14,26,16,7,27,20,25;3,10,9,12,16,7,25,24;9,11,16,21,17,13;4,9,12,17,28;4,28,18,26,10;0,3,25,24,6,8;7,11,12,21,26,10;12,13,28,18,21;14,26,21,17,28;2,22,25,7,27;1,2,27,10,25,5,23;12,16,26,18,17;1,8,5,25,19,2;0,8,5,20,1,6;3,6,15,25,11;3,10,20,5,22,19,7,11,24,15;10,16,21,18,14;2,20,10,7,19;4,13,17,18,14 9
torus_715893_24 29 3,15,8,23,6;2,20,23,6,8,22;1,20,27,19,22;0,15,25,10,11,24,6;9,13,28,14,10;8,22,25,20,23;0,3,24,15,8,1,23;10,16,11,25,19,27;0,23,5,22,1,6,15;4,13,12,11,10;3,11,9,4,14,26,16,7,27,20,25;3,10,9,12,16,7,25,24;9,11,16,21,17,13;4,9,12,17,28;4,28,18,26,10;0,3,25,24,6,8;7,11,12,21,26,10;12,13,28,18,21;14,26,21,17,28;2,22,25,7,27;1,2,27,10,25,5,23;12,16,26,18,17;1,8,5,25,19,2;0,8,5,20,1,6;3,6,15,25,11;3,10,20,5,22,19,7,11,24,15;10,16,21,18,14;2,20,10,7,19;4,13,17,18,14 14
torus_715893_24 29 3,15,8,23,6;2,20,23,6,8,22;1,20,27,19,22;0,15,25,10,11,24,6;9,13,28,14,10;8,22,25,20,23;0,3,24,15,8,1,23;10,16,11,25,19,27;0,23,5,22,1,6,15;4,13,12,11,10;3,11,9,4,14,26,16,7,27,20,25;3,10,9,12,16,7,25,24;9,11,16,21,17,13;4,9,12,17,28;4,28,18,26,10;0,3,25,24,6,8;7,11,12,21,26,10;12,13,28,18,21;14,26,21,17,28;2,22,25,7,27;1,2,27,10,25,5,23;12,16,26,18,17;1,8,5,25,19,2;0,8,5,20,1,6;3,6,15,25,11;3,10,20,5,22,19,7,11,24,15;10,16,21,18,14;2,20,10,7,19;4,13,17,18,14 17
torus_715893_24 29 3,15,8,23,6;2,20,23,6,8,22;1,20,27,19,22;0,15,25,10,11,24,6;9,13,28,14,10;8,22,25,20,23;0,3,24,15,8,1,23;10,16,11,25,19,27;0,23,5,22,1,6,15;4,13,12,11,10;3,11,9,4,14,26,16,7,27,20,25;3,10,9,12,16,7,25,24;9,11,16,21,17,13;4,9,12,17,28;4,28,18,26,10;0,3,25,24,6,8;7,11,12,21,26,10;12,13,28,18,21;14,26,21,17,28;2,22,25,7,27;1,2,27,10,25,5,23;12,16,26,18,17;1,8,5,25,19,2;0,8,5,20,1,6;3,6,15,25,11;3,10,20,5,22,19,7,11,24,15;10,16,21,18,14;2,20,10,7,19;4,13,17,18,14 19
torus_715893_24 29 3,15,8,23,6;2,20,23,6,8,22;1,20,27,19,22;0,15,25,10,11,24,6;9,13,28,14,10;8,22,25,20,23;0,3,24,15,8,1,23;10,16,11,25,19,27;0,23,5,22,1,6,15;4,13,12,11,10;3,11,9,4,14,26,16,7,27,20,25;3,10,9,12,16,7,25,24;9,11,16,21,17,13;4,9,12,17,28;4,28,18,26,10;0,3,25,24,6,8;7,11,12,21,26,10;12,13,28,18,21;14,26,21,17,28;2,22,25,7,27;1,2,27,10,25,5,23;12,16,26,18,17;1,8,5,25,19,2;0,8,5,20,1,6;3,6,15,25,11;3,10,20,5,22,19,7,11,24,15;10,16,21,18,14;2,20,10,7,19;4,13,17,18,14 24
torus_715893_24 29 3,15,8,23,6;2,20,23,6,8,22;1,20,27,19,22;0,15,25,10,11,24,6;9,13,28,14,10;8,22,25,20,23;0,3,24,15,8,1,23;10,16,11,25,19,27;0,23,5,22,1,6,15;4,13,12,11,10;3,11,9,4,14,26,16,7,27,20,25;3,10,9,12,16,7,25,24;9,11,16,21,17,13;4,9,12,17,28;4,28,18,26,10;0,3,25,24,6,8;7,11,12,21,26,10;12,13,28,18,21;14,26,21,17,28;2,22,25,7,27;1,2,27,10,25,5,23;12,16,26,18,17;1,8,5,25,19,2;0,8,5,20,1,6;3,6,15,25,11;3,10,20,5,22,19,7,11,24,15;10,16,21,18,14;2,20,10,7,19;4,13,17,18,14 27
torus_715893_26 28 10,19,15,23,25;3,14,7,5,9;5,23,20,22,27;1,14,6,13,11,9;6,13,10,25,24;1,9,23,2,27,13,18,7;3,13,4,24,14;1,5,18,26,14;12,13,26,14,24;1,5,23,15,11,3;0,19,18,13,4,25;3,13,26,18,19,15,9;8,13,16,25,24;3,6,4,10,18,5,27,17,16,12,8,26,11;1,3,6,24,8,26,7;0,19,11,9,23;12,13,17,21,25;13,16,21,22,27;5,7,26,11,19,10,13;0,10,18,11,15;2,23,25,21,22;16,25,20,22,17;2,20,21,17,27;0,25,20,2,5,9,15;4,6,14,8,12,25;0,23,20,21,16,12,24,4,10;7,14,8,13,11,18;2,5,13,17,22 12
torus_715893_27 24 1,5,21,17,22,14,2,20;0,5,9,19,20;0,20,23,7,5,16,14;7,14,22,18,23;6,8,7,16,21,10;0,1,9,11,8,7,2,16,21;4,8,11,15,10;2,5,8,4,16,14,3,23;4,6,11,5,7;1,5,11,13,19;4,6,15,17,21;5,8,6,15,12,13,9;11,15,17,18,23,13;9,11,12,23,19;0,2,16,7,3,22;6,10,17,12,11;2,5,21,4,7,14;0,21,10,15,12,18,22;3,22,17,12,23;1,9,13,23,20;0,2,23,19,1;0,17,10,4,16,5;0,17,18,3,14;2,7,3,18,12,13,19,20 10
torus_715893_28 29 1,7,10,9,6,28;0,7,25,21,26,20,3,4,28;3,4,16,18,17;1,4,2,17,20;1,3,2,16,19,21,28;6,8,14,24,28;0,28,5,8,9;0,1,25,15,10;5,6,9,27,14;0,6,8,27,13,10;0,9,13,15,7;12,15,13,22,18,19;11,15,25,24,19;9,27,22,11,15,10;5,8,27,22,24;7,10,13,11,12,25;2,4,19,22,18;2,18,23,20,3;2,16,22,11,19,23,17;4,16,22,24,12,11,18,23,26,21;1,3,17,23,26;1,25,24,28,4,19,26;11,13,27,14,24,19,16,18;17,18,19,26,20;5,28,21,25,12,19,22,14;1,7,15,12,24,21;1,21,19,23,20;8,9,13,22,14;0,6,5,24,21,4,1 2
torus_715893_28 29 1,7,10,9,6,28;0,7,25,21,26,20,3,4,28;3,4,16,18,17;1,4,2,17,20;1,3,2,16,19,21,28;6,8,14,24,28;0,28,5,8,9;0,1,25,15,10;5,6,9,27,14;0,6,8,27,13,10;0,9,13,15,7;12,15,13,22,18,19;11,15,25,24,19;9,27,22,11,15,10;5,8,27,22,24;7,10,13,11,12,25;2,4,19,22,18;2,18,23,20,3;2,16,22,11,19,23,17;4,16,22,24,12,11,18,23,26,21;1,3,17,23,26;1,25,24,28,4,19,26;11,13,27,14,24,19,16,18;17,18,19,26,20;5,28,21,25,12,19,22,14;1,7,15,12,24,21;1,21,19,23,20;8,9,13,22,14;0,6,5,24,21,4,1 20
torus_715893_28 29 1,7,10,9,6,28;0,7,25,21,26,20,3,4,28;3,4,16,18,17;1,4,2,17,20;1,3,2,16,19,21,28;6,8,14,24,28;0,28,5,8,9;0,1,25,15,10;5,6,9,27,14;0,6,8,27,13,10;0,9,13,15,7;12,15,13,22,18,19;11,15,25,24,19;9,27,22,11,15,10;5,8,27,22,24;7,10,13,11,12,25;2,4,19,22,18;2,18,23,20,3;2,16,22,11,19,23,17;4,16,22,24,12,11,18,23,26,21;1,3,17,23,26;1,25,24,28,4,19,26;11,13,27,14,24,19,16,18;17,18,19,26,20;5,28,21,25,12,19,22,14;1,7,15,12,24,21;1,21,19,23,20;8,9,13,22,14;0,6,5,24,21,4,1 23
torus_715893_29 25 7,21,13,8,20,18;2,9,24,5,4,11,19;1,9,15,16,19;10,11,19,16,18;1,5,14,10,11;1,4,14,20,18,24;7,13,12,24,21;0,21,6,13,8,18;0,13,7,18,10,14,20;1,2,15,22,21,24;3,11,4,14,8,18;1,4,10,3,19;6,13,23,17,24;0,8,7,6,12,23,22,21;4,5,20,8,10;2,9,22,23,16;2,19,3,18,17,23,15;12,23,16,18,24;0,7,8,10,3,16,17,24,5,20;1,2,16,3,11;0,8,14,5,18;0,7,6,24,9,22,13;9,21,13,23,15;12,13,22,15,16,17;1,9,21,6,12,17,18,5 2
torus_715893_29 25 7,21,13,8,20,18;2,9,24,5,4,11,19;1,9,15,16,19;10,11,19,16,18;1,5,14,10,11;1,4,14,20,18,24;7,13,12,24,21;0,21,6,13,8,18;0,13,7,18,10,14,20;1,2,15,22,21,24;3,11,4,14,8,18;1,4,10,3,19;6,13,23,17,24;0,8,7,6,12,23,22,21;4,5,20,8,10;2,9,22,23,16;2,19,3,18,17,23,15;12,23,16,18,24;0,7,8,10,3,16,17,24,5,20;1,2,16,3,11;0,8,14,5,18;0,7,6,24,9,22,13;9,21,13,23,15;12,13,22,15,16,17;1,9,21,6,12,17,18,5 3
torus_715893_29 25 7,21,13,8,20,18;2,9,24,5,4,11,19;1,9,15,16,19;10,11,19,16,18;1,5,14,10,11;1,4,14,20,18,24;7,13,12,24,21;0,21,6,13,8,18;0,13,7,18,10,14,20;1,2,15,22,21,24;3,11,4,14,8,18;1,4,10,3,19;6,13,23,17,24;0,8,7,6,12,23,22,21;4,5,20,8,10;2,9,22,23,16;2,19,3,18,17,23,15;12,23,16,18,24;0,7,8,10,3,16,17,24,5,20;1,2,16,3,11;0,8,14,5,18;0,7,6,24,9,22,13;9,21,13,23,15;12,13,22,15,16,17;1,9,21,6,12,17,18,5 4
torus_715893_29 25 7,21,13,8,20,18;2,9,24,5,4,11,19;1,9,15,16,19;10,11,19,16,18;1,5,14,10,11;1,4,14,20,18,24;7,13,12,24,21;0,21,6,13,8,18;0,13,7,18,10,14,20;1,2,15,22,21,24;3,11,4,14,8,18;1,4,10,3,19;6,13,23,17,24;0,8,7,6,12,23,22,21;4,5,20,8,10;2,9,22,23,16;2,19,3,18,17,23,15;12,23,16,18,24;0,7,8,10,3,16,17,24,5,20;1,2,16,3,11;0,8,14,5,18;0,7,6,24,9,22,13;9,21,13,23,15;12,13,22,15,16,17;1,9,21,6,12,17,18,5 11
torus_715893_29 25 7,21,13,8,20,18;2,9,24,5,4,11,19;1,9,15,16,19;10,11,19,16,18;1,5,14,10,11;1,4,14,20,18,24;7,13,12,24,21;0,21,6,13,8,18;0,13,7,18,10,14,20;1,2,15,22,21,24;3,11,4,14,8,18;1,4,10,3,19;6,13,23,17,24;0,8,7,6,12,23,22,21;4,5,20,8,10;2,9,22,23,16;2,19,3,18,17,23,15;12,23,16,18,24;0,7,8,10,3,16,17,24,5,20;1,2,16,3,11;0,8,14,5,18;0,7,6,24,9,22,13;9,21,13,23,15;12,13,22,15,16,17;1,9,21,6,12,17,18,5 14
torus_715893_29 25 7,21,13,8,20,18;2,9,24,5,4,11,19;1,9,15,16,19;10,11,19,16,18;1,5,14,10,11;1,4,14,20,18,24;7,13,12,24,21;0,21,6,13,8,18;0,13,7,18,10,14,20;1,2,15,22,21,24;3,11,4,14,8,18;1,4,10,3,19;6,13,23,17,24;0,8,7,6,12,23,22,21;4,5,20,8,10;2,9,22,23,16;2,19,3,18,17,23,15;12,23,16,18,24;0,7,8,10,3,16,17,24,5,20;1,2,16,3,11;0,8,14,5,18;0,7,6,24,9,22,13;9,21,13,23,15;12,13,22,15,16,17;1,9,21,6,12,17,18,5 19
torus_715893_29 25 7,21,13,8,20,18;2,9,24,5,4,11,19;1,9,15,16,19;10,11,19,16,18;1,5,14,10,11;1,4,14,20,18,24;7,13,12,24,21;0,21,6,13,8,18;0,13,7,18,10,14,20;1,2,15,22,21,24;3,11,4,14,8,18;1,4,10,3,19;6,13,23,17,24;0,8,7,6,12,23,22,21;4,5,20,8,10;2,9,22,23,16;2,19,3,18,17,23,15;12,23,16,18,24;0,7,8,10,3,16,17,24,5,20;1,2,16,3,11;0,8,14,5,18;0,7,6,24,9,22,13;9,21,13,23,15;12,13,22,15,16,17;1,9,21,6,12,17,18,5 20
torus_715893_30 21 1,2,5,4,9,3;0,2,18,10,14,16,3;0,1,18,11,6,5;0,9,15,16,1;0,5,20,10,14,13,9;0,2,6,20,4;2,5,20,17,8,11;8,11,18,12,15,9,13;6,11,7,13,17;0,3,15,7,13,4;1,14,4,20,12,18;2,6,8,7,18;7,15,16,19,20,10,18;4,9,7,8,17,14;1,10,4,13,17,19,16;3,9,7,12,16;1,3,15,12,19,14;6,8,13,14,19,20;1,2,11,7,12,10;12,20,17,14,16;4,5,6,17,19,12,10 19
torus_715893_31 20 2,7,3,17,11;3,12,18,19,17;0,7,13,16,15,5,11;0,17,1,12,5,9,14,8,7;5,6,14,18,12;2,11,6,4,12,3,9,10,15;4,5,11,9,14;0,2,13,8,3;3,7,13,19,14;3,14,6,11,10,5;5,15,17,11,9;0,2,5,6,9,10,17;1,3,5,4,18;2,7,8,19,16;3,8,19,18,4,6,9;2,5,10,17,16;2,13,19,17,15;0,3,1,19,16,15,10,11;1,12,4,14,19;1,17,16,13,8,14,18 0
torus_715893_31 20 2,7,3,17,11;3,12,18,19,17;0,7,13,16,15,5,11;0,17,1,12,5,9,14,8,7;5,6,14,18,12;2,11,6,4,12,3,9,10,15;4,5,11,9,14;0,2,13,8,3;3,7,13,19,14;3,14,6,11,10,5;5,15,17,11,9;0,2,5,6,9,10,17;1,3,5,4,18;2,7,8,19,16;3,8,19,18,4,6,9;2,5,10,17,16;2,13,19,17,15;0,3,1,19,16,15,10,11;1,12,4,14,19;1,17,16,13,8,14,18 8
torus_715893_31 20 2,7,3,17,11;3,12,18,19,17;0,7,13,16,15,5,11;0,17,1,12,5,9,14,8,7;5,6,14,18,12;2,11,6,4,12,3,9,10,15;4,5,11,9,14;0,2,13,8,3;3,7,13,19,14;3,14,6,11,10,5;5,15,17,11,9;0,2,5,6,9,10,17;1,3,5,4,18;2,7,8,19,16;3,8,19,18,4,6,9;2,5,10,17,16;2,13,19,17,15;0,3,1,19,16,15,10,11;1,12,4,14,19;1,17,16,13,8,14,18 15
torus_715893_31 20 2,7,3,17,11;3,12,18,19,17;0,7,13,16,15,5,11;0,17,1,12,5,9,14,8,7;5,6,14,18,12;2,11,6,4,12,3,9,10,15;4,5,11,9,14;0,2,13,8,3;3,7,13,19,14;3,14,6,11,10,5;5,15,17,11,9;0,2,5,6,9,10,17;1,3,5,4,18;2,7,8,19,16;3,8,19,18,4,6,9;2,5,10,17,16;2,13,19,17,15;0,3,1,19,16,15,10,11;1,12,4,14,19;1,17,16,13,8,14,18 16
torus_715893_32 29 2,20,13,12,25,18,19,23;2,23,3,5,24,21;0,20,16,21,1,23;1,5,27,19,23;6,7,8,14,9,26,21,24;1,3,27,6,24;4,7,9,26,27,5,24;4,6,9,14,15,11,8;4,14,15,20,13,10,11,7;4,26,6,7,14;8,11,28,12,13;7,15,20,28,10,8;0,13,10,28,22,25;0,20,8,10,12;4,8,15,7,9;7,11,20,8,14;2,20,28,22,21;18,27,21,22,25;0,19,27,17,25;0,18,27,3,23;0,13,8,15,11,28,16,2;1,2,16,22,17,27,26,4,24;12,28,16,21,17,25;0,19,3,1,2;1,5,6,4,21;0,12,22,17,18;4,9,6,27,21;3,5,6,26,21,17,18,19;10,11,20,16,22,12 10
torus_715893_32 29 2,20,13,12,25,18,19,23;2,23,3,5,24,21;0,20,16,21,1,23;1,5,27,19,23;6,7,8,14,9,26,21,24;1,3,27,6,24;4,7,9,26,27,5,24;4,6,9,14,15,11,8;4,14,15,20,13,10,11,7;4,26,6,7,14;8,11,28,12,13;7,15,20,28,10,8;0,13,10,28,22,25;0,20,8,10,12;4,8,15,7,9;7,11,20,8,14;2,20,28,22,21;18,27,21,22,25;0,19,27,17,25;0,18,27,3,23;0,13,8,15,11,28,16,2;1,2,16,22,17,27,26,4,24;12,28,16,21,17,25;0,19,3,1,2;1,5,6,4,21;0,12,22,17,18;4,9,6,27,21;3,5,6,26,21,17,18,19;10,11,20,16,22,12 18
torus_715893_33 21 2,8,20,19,10;4,6,10,5,9;0,8,13,4,6,15,7,16,10;7,11,13,8,20;1,6,2,13,9;1,10,19,12,9;1,4,2,15,10;2,15,14,11,3,20,17,16;0,2,13,3,20;1,4,13,12,5;0,2,16,14,15,6,1,5,19;3,7,14,18,19,12,13;5,9,13,11,19;2,4,9,12,11,3,8;7,11,18,16,10,15;2,6,10,14,7;2,10,14,18,17,7;7,16,18,19,20;11,14,16,17,19;0,10,5,12,11,18,17,20;0,8,3,7,17,19 4
torus_715893_33 21 2,8,20,19,10;4,6,10,5,9;0,8,13,4,6,15,7,16,10;7,11,13,8,20;1,6,2,13,9;1,10,19,12,9;1,4,2,15,10;2,15,14,11,3,20,17,16;0,2,13,3,20;1,4,13,12,5;0,2,16,14,15,6,1,5,19;3,7,14,18,19,12,13;5,9,13,11,19;2,4,9,12,11,3,8;7,11,18,16,10,15;2,6,10,14,7;2,10,14,18,17,7;7,16,18,19,20;11,14,16,17,19;0,10,5,12,11,18,17,20;0,8,3,7,17,19 5
torus_715893_33 21 2,8,20,19,10;4,6,10,5,9;0,8,13,4,6,15,7,16,10;7,11,13,8,20;1,6,2,13,9;1,10,19,12,9;1,4,2,15,10;2,15,14,11,3,20,17,16;0,2,13,3,20;1,4,13,12,5;0,2,16,14,15,6,1,5,19;3,7,14,18,19,12,13;5,9,13,11,19;2,4,9,12,11,3,8;7,11,18,16,10,15;2,6,10,14,7;2,10,14,18,17,7;7,16,18,19,20;11,14,16,17,19;0,10,5,12,11,18,17,20;0,8,3,7,17,19 15
torus_715893_33 21 2,8,20,19,10;4,6,10,5,9;0,8,13,4,6,15,7,16,10;7,11,13,8,20;1,6,2,13,9;1,10,19,12,9;1,4,2,15,10;2,15,14,11,3,20,17,16;0,2,13,3,20;1,4,13,12,5;0,2,16,14,15,6,1,5,19;3,7,14,18,19,12,13;5,9,13,11,19;2,4,9,12,11,3,8;7,11,18,16,10,15;2,6,10,14,7;2,10,14,18,17,7;7,16,18,19,20;11,14,16,17,19;0,10,5,12,11,18,17,20;0,8,3,7,17,19 18
torus_715893_36 29 6,20,24,11,10,15;2,6,20,22,28;1,6,15,17,3,28;2,17,25,16,28;5,7,12,14,9;4,7,23,24,11,9;0,20,1,2,15;4,5,23,8,27,12;7,27,15,12,14,26,23;4,5,11,10,14;0,11,9,14,15;0,24,5,9,10;4,7,27,17,15,8,14;14,25,16,19,26;4,9,10,15,27,25,13,26,8,12;0,6,2,17,12,8,27,14,10;3,25,13,19,21,22,28;2,15,12,27,25,3;19,21,24,23,26;13,26,18,21,16;0,6,1,22,21,24;16,19,18,24,20,22;1,20,21,16,28;5,7,8,26,18,24;0,11,5,23,18,21,20;3,17,27,14,13,16;8,23,18,19,13,14;7,8,15,14,25,17,12;1,2,3,16,22 1
torus_715893_36 29 6,20,24,11,10,15;2,6,20,22,28;1,6,15,17,3,28;2,17,25,16,28;5,7,12,14,9;4,7,23,24,11,9;0,20,1,2,15;4,5,23,8,27,12;7,27,15,12,14,26,23;4,5,11,10,14;0,11,9,14,15;0,24,5,9,10;4,7,27,17,15,8,14;14,25,16,19,26;4,9,10,15,27,25,13,26,8,12;0,6,2,17,12,8,27,14,10;3,25,13,19,21,22,28;2,15,12,27,25,3;19,21,24,23,26;13,26,18,21,16;0,6,1,22,21,24;16,19,18,24,20,22;1,20,21,16,28;5,7,8,26,18,24;0,11,5,23,18,21,20;3,17,27,14,13,16;8,23,18,19,13,14;7,8,15,14,25,17,12;1,2,3,16,22 3
torus_715893_36 29 6,20,24,11,10,15;2,6,20,22,28;1,6,15,17,3,28;2,17,25,16,28;5,7,12,14,9;4,7,23,24,11,9;0,20,1,2,15;4,5,23,8,27,12;7,27,15,12,14,26,23;4,5,11,10,14;0,11,9,14,15;0,24,5,9,10;4,7,27,17,15,8,14;14,25,16,19,26;4,9,10,15,27,25,13,26,8,12;0,6,2,17,12,8,27,14,10;3,25,13,19,21,22,28;2,15,12,27,25,3;19,21,24,23,26;13,26,18,21,16;0,6,1,22,21,24;16,19,18,24,20,22;1,20,21,16,28;5,7,8,26,18,24;0,11,5,23,18,21,20;3,17,27,14,13,16;8,23,18,19,13,14;7,8,15,14,25,17,12;1,2,3,16,22 4
torus_715893_36 29 6,20,24,11,10,15;2,6,20,22,28;1,6,15,17,3,28;2,17,25,16,28;5,7,12,14,9;4,7,23,24,11,9;0,20,1,2,15;4,5,23,8,27,12;7,27,15,12,14,26,23;4,5,11,10,14;0,11,9,14,15;0,24,5,9,10;4,7,27,17,15,8,14;14,25,16,19,26;4,9,10,15,27,25,13,26,8,12;0,6,2,17,12,8,27,14,10;3,25,13,19,21,22,28;2,15,12,27,25,3;19,21,24,23,26;13,26,18,21,16;0,6,1,22,21,24;16,19,18,24,20,22;1,20,21,16,28;5,7,8,26,18,24;0,11,5,23,18,21,20;3,17,27,14,13,16;8,23,18,19,13,14;7,8,15,14,25,17,12;1,2,3,16,22 6
torus_715893_36 29 6,20,24,11,10,15;2,6,20,22,28;1,6,15,17,3,28;2,17,25,16,28;5,7,12,14,9;4,7,23,24,11,9;0,20,1,2,15;4,5,23,8,27,12;7,27,15,12,14,26,23;4,5,11,10,14;0,11,9,14,15;0,24,5,9,10;4,7,27,17,15,8,14;14,25,16,19,26;4,9,10,15,27,25,13,26,8,12;0,6,2,17,12,8,27,14,10;3,25,13,19,21,22,28;2,15,12,27,25,3;19,21,24,23,26;13,26,18,21,16;0,6,1,22,21,24;16,19,18,24,20,22;1,20,21,16,28;5,7,8,26,18,24;0,11,5,23,18,21,20;3,17,27,14,13,16;8,23,18,19,13,14;7,8,15,14,25,17,12;1,2,3,16,22 9
torus_715893_36 29 6,20,24,11,10,15;2,6,20,22,28;1,6,15,17,3,28;2,17,25,16,28;5,7,12,14,9;4,7,23,24,11,9;0,20,1,2,15;4,5,23,8,27,12;7,27,15,12,14,26,23;4,5,11,10,14;0,11,9,14,15;0,24,5,9,10;4,7,27,17,15,8,14;14,25,16,19,26;4,9,10,15,27,25,13,26,8,12;0,6,2,17,12,8,27,14,10;3,25,13,19,21,22,28;2,15,12,27,25,3;19,21,24,23,26;13,26,18,21,16;0,6,1,22,21,24;16,19,18,24,20,22;1,20,21,16,28;5,7,8,26,18,24;0,11,5,23,18,21,20;3,17,27,14,13,16;8,23,18,19,13,14;7,8,15,14,25,17,12;1,2,3,16,22 10
torus_715893_36 29 6,20,24,11,10,15;2,6,20,22,28;1,6,15,17,3,28;2,17,25,16,28;5,7,12,14,9;4,7,23,24,11,9;0,20,1,2,15;4,5,23,8,27,12;7,27,15,12,14,26,23;4,5,11,10,14;0,11,9,14,15;0,24,5,9,10;4,7,27,17,15,8,14;14,25,16,19,26;4,9,10,15,27,25,13,26,8,12;0,6,2,17,12,8,27,14,10;3,25,13,19,21,22,28;2,15,12,27,25,3;19,21,24,23,26;13,26,18,21,16;0,6,1,22,21,24;16,19,18,24,20,22;1,20,21,16,28;5,7,8,26,18,24;0,11,5,23,18,21,20;3,17,27,14,13,16;8,23,18,19,13,14;7,8,15,14,25,17,12;1,2,3,16,22 11
torus_715893_36 29 6,20,24,11,10,15;2,6,20,22,28;1,6,15,17,3,28;2,17,25,16,28;5,7,12,14,9;4,7,23,24,11,9;0,20,1,2,15;4,5,23,8,27,12;7,27,15,12,14,26,23;4,5,11,10,14;0,11,9,14,15;0,24,5,9,10;4,7,27,17,15,8,14;14,25,16,19,26;4,9,10,15,27,25,13,26,8,12;0,6,2,17,12,8,27,14,10;3,25,13,19,21,22,28;2,15,12,27,25,3;19,21,24,23,26;13,26,18,21,16;0,6,1,22,21,24;16,19,18,24,20,22;1,20,21,16,28;5,7,8,26,18,24;0,11,5,23,18,21,20;3,17,27,14,13,16;8,23,18,19,13,14;7,8,15,14,25,17,12;1,2,3,16,22 13
torus_715893_36 29 6,20,24,11,10,15;2,6,20,22,28;1,6,15,17,3,28;2,17,25,16,28;5,7,12,14,9;4,7,23,24,11,9;0,20,1,2,15;4,5,23,8,27,12;7,27,15,12,14,26,23;4,5,11,10,14;0,11,9,14,15;0,24,5,9,10;4,7,27,17,15,8,14;14,25,16,19,26;4,9,10,15,27,25,13,26,8,12;0,6,2,17,12,8,27,14,10;3,25,13,19,21,22,28;2,15,12,27,25,3;19,21,24,23,26;13,26,18,21,16;0,6,1,22,21,24;16,19,18,24,20,22;1,20,21,16,28;5,7,8,26,18,24;0,11,5,23,18,21,20;3,17,27,14,13,16;8,23,18,19,13,14;7,8,15,14,25,17,12;1,2,3,16,22 18
torus_715893_36 29 6,20,24,11,10,15;2,6,20,22,28;1,6,15,17,3,28;2,17,25,16,28;5,7,12,14,9;4,7,23,24,11,9;0,20,1,2,15;4,5,23,8,27,12;7,27,15,12,14,26,23;4,5,11,10,14;0,11,9,14,15;0,24,5,9,10;4,7,27,17,15,8,14;14,25,16,19,26;4,9,10,15,27,25,13,26,8,12;0,6,2,17,12,8,27,14,10;3,25,13,19,21,22,28;2,15,12,27,25,3;19,21,24,23,26;13,26,18,21,16;0,6,1,22,21,24;16,19,18,24,20,22;1,20,21,16,28;5,7,8,26,18,24;0,11,5,23,18,21,20;3,17,27,14,13,16;8,23,18,19,13,14;7,8,15,14,25,17,12;1,2,3,16,22 19
torus_715893_36 29 6,20,24,11,10,15;2,6,20,22,28;1,6,15,17,3,28;2,17,25,16,28;5,7,12,14,9;4,7,23,24,11,9;0,20,1,2,15;4,5,23,8,27,12;7,27,15,12,14,26,23;4,5,11,10,14;0,11,9,14,15;0,24,5,9,10;4,7,27,17,15,8,14;14,25,16,19,26;4,9,10,15,27,25,13,26,8,12;0,6,2,17,12,8,27,14,10;3,25,13,19,21,22,28;2,15,12,27,25,3;19,21,24,23,26;13,26,18,21,16;0,6,1,22,21,24;16,19,18,24,20,22;1,20,21,16,28;5,7,8,26,18,24;0,11,5,23,18,21,20;3,17,27,14,13,16;8,23,18,19,13,14;7,8,15,14,25,17,12;1,2,3,16,22 22
torus_715893_36 29 6,20,24,11,10,15;2,6,20,22,28;1,6,15,17,3,28;2,17,25,16,28;5,7,12,14,9;4,7,23,24,11,9;0,20,1,2,15;4,5,23,8,27,12;7,27,15,12,14,26,23;4,5,11,10,14;0,11,9,14,15;0,24,5,9,10;4,7,27,17,15,8,14;14,25,16,19,26;4,9,10,15,27,25,13,26,8,12;0,6,2,17,12,8,27,14,10;3,25,13,19,21,22,28;2,15,12,27,25,3;19,21,24,23,26;13,26,18,21,16;0,6,1,22,21,24;16,19,18,24,20,22;1,20,21,16,28;5,7,8,26,18,24;0,11,5,23,18,21,20;3,17,27,14,13,16;8,23,18,19,13,14;7,8,15,14,25,17,12;1,2,3,16,22 28
torus_715893_38 23 1,2,13,9,3,12,15,17;0,2,6,14,17;0,1,6,8,13;0,9,11,21,16,12;7,8,13,9,10;7,14,18,22,10;1,2,8,7,14;4,8,6,14,5,10;2,13,4,7,6;0,3,11,20,18,10,4,13;4,7,5,22,19,18,9;3,9,20,17,15,21;0,15,18,22,19,16,3;0,2,8,4,9;1,17,20,18,5,7,6;0,17,11,21,18,12;3,21,18,19,12;0,15,11,20,14,1;5,14,20,9,10,19,16,21,15,12,22;10,22,12,16,18;9,11,17,14,18;3,16,18,15,11;5,10,19,12,18 21
torus_715893_41 21 1,6,5,16,13;0,6,2,17,13;1,6,19,7,18,17;4,8,15,13,11;3,8,5,9,10,14,11;0,16,8,4,9,6;0,1,2,19,9,5;2,18,15,16,8,12,20,19;3,4,5,16,7,12,18,15;4,5,6,19,20,10;4,9,20,12,14;3,4,14,17,13;7,8,18,14,10,20;0,1,17,11,3,15,16;4,10,12,18,17,11;3,13,16,7,18,8;0,5,8,7,15,13;1,13,11,14,18,2;2,7,15,8,12,14,17;2,6,9,20,7;7,12,10,9,19 1
torus_715893_41 21 1,6,5,16,13;0,6,2,17,13;1,6,19,7,18,17;4,8,15,13,11;3,8,5,9,10,14,11;0,16,8,4,9,6;0,1,2,19,9,5;2,18,15,16,8,12,20,19;3,4,5,16,7,12,18,15;4,5,6,19,20,10;4,9,20,12,14;3,4,14,17,13;7,8,18,14,10,20;0,1,17,11,3,15,16;4,10,12,18,17,11;3,13,16,7,18,8;0,5,8,7,15,13;1,13,11,14,18,2;2,7,15,8,12,14,17;2,6,9,20,7;7,12,10,9,19 3
torus_715893_41 21 1,6,5,16,13;0,6,2,17,13;1,6,19,7,18,17;4,8,15,13,11;3,8,5,9,10,14,11;0,16,8,4,9,6;0,1,2,19,9,5;2,18,15,16,8,12,20,19;3,4,5,16,7,12,18,15;4,5,6,19,20,10;4,9,20,12,14;3,4,14,17,13;7,8,18,14,10,20;0,1,17,11,3,15,16;4,10,12,18,17,11;3,13,16,7,18,8;0,5,8,7,15,13;1,13,11,14,18,2;2,7,15,8,12,14,17;2,6,9,20,7;7,12,10,9,19 11
torus_715893_41 21 1,6,5,16,13;0,6,2,17,13;1,6,19,7,18,17;4,8,15,13,11;3,8,5,9,10,14,11;0,16,8,4,9,6;0,1,2,19,9,5;2,18,15,16,8,12,20,19;3,4,5,16,7,12,18,15;4,5,6,19,20,10;4,9,20,12,14;3,4,14,17,13;7,8,18,14,10,20;0,1,17,11,3,15,16;4,10,12,18,17,11;3,13,16,7,18,8;0,5,8,7,15,13;1,13,11,14,18,2;2,7,15,8,12,14,17;2,6,9,20,7;7,12,10,9,19 19
torus_715893_46 25 10,18,17,16,20,15,14;6,18,10,12,7;3,5,9,8,22;2,5,4,23,22;3,5,12,24,23;2,3,4,12,21,9;1,18,11,13,7;1,6,13,8,19,11,12;2,9,15,13,7,19,16,17,22;2,8,15,14,21,5;0,18,1,12,21,14;6,18,17,24,12,7,19,20,15,13;1,10,21,5,4,24,11,7;6,11,15,8,7;0,10,21,9,15;0,14,9,8,13,11,20;0,20,19,8,17;0,16,8,22,23,24,11,18;0,10,1,6,11,17;7,11,20,16,8;0,16,19,11,15;5,9,14,10,12;2,8,17,23,3;3,4,24,17,22;4,23,17,11,12 1
torus_715893_48 26 3,4,5,20,18;4,5,23,25,6;3,25,24,17,13,9,14;0,4,25,2,14,18;0,5,1,6,8,7,25,3;0,4,1,23,20;1,25,7,9,10,19,8,4;4,8,9,6,25;4,6,19,9,7;2,13,11,10,6,7,8,19,15,12,17,24,21,16,14;6,9,11,15,19;9,10,15,12,13;9,17,13,11,15;2,9,11,12,17;2,9,16,18,3;9,12,11,10,19;9,14,18,22,21;2,13,12,9,24;0,3,14,16,22,20;6,8,9,15,10;0,5,23,22,18;9,16,22,23,25,24;16,18,20,23,21;1,25,21,22,20,5;2,25,21,9,17;1,6,7,4,3,2,24,21,23 0
torus_715893_48 26 3,4,5,20,18;4,5,23,25,6;3,25,24,17,13,9,14;0,4,25,2,14,18;0,5,1,6,8,7,25,3;0,4,1,23,20;1,25,7,9,10,19,8,4;4,8,9,6,25;4,6,19,9,7;2,13,11,10,6,7,8,19,15,12,17,24,21,16,14;6,9,11,15,19;9,10,15,12,13;9,17,13,11,15;2,9,11,12,17;2,9,16,18,3;9,12,11,10,19;9,14,18,22,21;2,13,12,9,24;0,3,14,16,22,20;6,8,9,15,10;0,5,23,22,18;9,16,22,23,25,24;16,18,20,23,21;1,25,21,22,20,5;2,25,21,9,17;1,6,7,4,3,2,24,21,23 1
torus_715893_48 26 3,4,5,20,18;4,5,23,25,6;3,25,24,17,13,9,14;0,4,25,2,14,18;0,5,1,6,8,7,25,3;0,4,1,23,20;1,25,7,9,10,19,8,4;4,8,9,6,25;4,6,19,9,7;2,13,11,10,6,7,8,19,15,12,17,24,21,16,14;6,9,11,15,19;9,10,15,12,13;9,17,13,11,15;2,9,11,12,17;2,9,16,18,3;9,12,11,10,19;9,14,18,22,21;2,13,12,9,24;0,3,14,16,22,20;6,8,9,15,10;0,5,23,22,18;9,16,22,23,25,24;16,18,20,23,21;1,25,21,22,20,5;2,25,21,9,17;1,6,7,4,3,2,24,21,23 5
torus_715893_48 26 3,4,5,20,18;4,5,23,25,6;3,25,24,17,13,9,14;0,4,25,2,14,18;0,5,1,6,8,7,25,3;0,4,1,23,20;1,25,7,9,10,19,8,4;4,8,9,6,25;4,6,19,9,7;2,13,11,10,6,7,8,19,15,12,17,24,21,16,14;6,9,11,15,19;9,10,15,12,13;9,17,13,11,15;2,9,11,12,17;2,9,16,18,3;9,12,11,10,19;9,14,18,22,21;2,13,12,9,24;0,3,14,16,22,20;6,8,9,15,10;0,5,23,22,18;9,16,22,23,25,24;16,18,20,23,21;1,25,21,22,20,5;2,25,21,9,17;1,6,7,4,3,2,24,21,23 13
torus_715893_48 26 3,4,5,20,18;4,5,23,25,6;3,25,24,17,13,9,14;0,4,25,2,14,18;0,5,1,6,8,7,25,3;0,4,1,23,20;1,25,7,9,10,19,8,4;4,8,9,6,25;4,6,19,9,7;2,13,11,10,6,7,8,19,15,12,17,24,21,16,14;6,9,11,15,19;9,10,15,12,13;9,17,13,11,15;2,9,11,12,17;2,9,16,18,3;9,12,11,10,19;9,14,18,22,21;2,13,12,9,24;0,3,14,16,22,20;6,8,9,15,10;0,5,23,22,18;9,16,22,23,25,24;16,18,20,23,21;1,25,21,22,20,5;2,25,21,9,17;1,6,7,4,3,2,24,21,23 14
torus_715893_48 26 3,4,5,20,18;4,5,23,25,6;3,25,24,17,13,9,14;0,4,25,2,14,18;0,5,1,6,8,7,25,3;0,4,1,23,20;1,25,7,9,10,19,8,4;4,8,9,6,25;4,6,19,9,7;2,13,11,10,6,7,8,19,15,12,17,24,21,16,14;6,9,11,15,19;9,10,15,12,13;9,17,13,11,15;2,9,11,12,17;2,9,16,18,3;9,12,11,10,19;9,14,18,22,21;2,13,12,9,24;0,3,14,16,22,20;6,8,9,15,10;0,5,23,22,18;9,16,22,23,25,24;16,18,20,23,21;1,25,21,22,20,5;2,25,21,9,17;1,6,7,4,3,2,24,21,23 15
torus_715893_48 26 3,4,5,20,18;4,5,23,25,6;3,25,24,17,13,9,14;0,4,25,2,14,18;0,5,1,6,8,7,25,3;0,4,1,23,20;1,25,7,9,10,19,8,4;4,8,9,6,25;4,6,19,9,7;2,13,11,10,6,7,8,19,15,12,17,24,21,16,14;6,9,11,15,19;9,10,15,12,13;9,17,13,11,15;2,9,11,12,17;2,9,16,18,3;9,12,11,10,19;9,14,18,22,21;2,13,12,9,24;0,3,14,16,22,20;6,8,9,15,10;0,5,23,22,18;9,16,22,23,25,24;16,18,20,23,21;1,25,21,22,20,5;2,25,21,9,17;1,6,7,4,3,2,24,21,23 16
torus_715893_48 26 3,4,5,20,18;4,5,23,25,6;3,25,24,17,13,9,14;0,4,25,2,14,18;0,5,1,6,8,7,25,3;0,4,1,23,20;1,25,7,9,10,19,8,4;4,8,9,6,25;4,6,19,9,7;2,13,11,10,6,7,8,19,15,12,17,24,21,16,14;6,9,11,15,19;9,10,15,12,13;9,17,13,11,15;2,9,11,12,17;2,9,16,18,3;9,12,11,10,19;9,14,18,22,21;2,13,12,9,24;0,3,14,16,22,20;6,8,9,15,10;0,5,23,22,18;9,16,22,23,25,24;16,18,20,23,21;1,25,21,22,20,5;2,25,21,9,17;1,6,7,4,3,2,24,21,23 20
torus_715893_48 26 3,4,5,20,18;4,5,23,25,6;3,25,24,17,13,9,14;0,4,25,2,14,18;0,5,1,6,8,7,25,3;0,4,1,23,20;1,25,7,9,10,19,8,4;4,8,9,6,25;4,6,19,9,7;2,13,11,10,6,7,8,19,15,12,17,24,21,16,14;6,9,11,15,19;9,10,15,12,13;9,17,13,11,15;2,9,11,12,17;2,9,16,18,3;9,12,11,10,19;9,14,18,22,21;2,13,12,9,24;0,3,14,16,22,20;6,8,9,15,10;0,5,23,22,18;9,16,22,23,25,24;16,18,20,23,21;1,25,21,22,20,5;2,25,21,9,17;1,6,7,4,3,2,24,21,23 22
torus_715893_48 26 3,4,5,20,18;4,5,23,25,6;3,25,24,17,13,9,14;0,4,25,2,14,18;0,5,1,6,8,7,25,3;0,4,1,23,20;1,25,7,9,10,19,8,4;4,8,9,6,25;4,6,19,9,7;2,13,11,10,6,7,8,19,15,12,17,24,21,16,14;6,9,11,15,19;9,10,15,12,13;9,17,13,11,15;2,9,11,12,17;2,9,16,18,3;9,12,11,10,19;9,14,18,22,21;2,13,12,9,24;0,3,14,16,22,20;6,8,9,15,10;0,5,23,22,18;9,16,22,23,25,24;16,18,20,23,21;1,25,21,22,20,5;2,25,21,9,17;1,6,7,4,3,2,24,21,23 24
torus_715893_50 22 6,21,7,11,10,20,9,15;4,6,15,5,13;8,19,10,16,17;12,21,13,18,19;1,6,21,14,18,13;1,15,9,21,13;0,21,4,1,15;0,11,12,19,21;2,19,18,14,17;0,15,5,21,20;0,11,16,2,19,20;0,7,12,16,10;3,21,17,16,11,7,19;1,4,18,3,21,5;4,18,8,17,21;0,6,1,5,9;2,10,11,12,17;2,8,14,21,12,16;3,13,4,14,8,19;2,8,18,3,12,7,21,20,10;0,10,19,21,9;0,6,4,14,17,12,3,13,5,9,20,19,7 2
torus_715893_53 23 1,13,14,11,19,6,22;0,13,16,21,22;5,8,20,15,18,19,6;4,8,7,17,11;3,8,5,10,14,11;2,8,4,10,6;0,19,2,5,10,12,11,22;3,8,20,13,16,17;2,5,4,3,7,20;11,12,14,15,18;4,5,6,12,14;0,14,4,3,17,21,22,6,12,9,18,19;6,10,14,9,11;0,14,15,20,7,16,1;0,11,4,10,12,9,15,13;2,18,9,14,13,20;1,21,17,7,13;3,7,16,21,11;2,15,9,11,19;0,6,2,18,11;2,15,13,7,8;1,16,17,11,22;0,6,11,21,1 1
torus_715893_53 23 1,13,14,11,19,6,22;0,13,16,21,22;5,8,20,15,18,19,6;4,8,7,17,11;3,8,5,10,14,11;2,8,4,10,6;0,19,2,5,10,12,11,22;3,8,20,13,16,17;2,5,4,3,7,20;11,12,14,15,18;4,5,6,12,14;0,14,4,3,17,21,22,6,12,9,18,19;6,10,14,9,11;0,14,15,20,7,16,1;0,11,4,10,12,9,15,13;2,18,9,14,13,20;1,21,17,7,13;3,7,16,21,11;2,15,9,11,19;0,6,2,18,11;2,15,13,7,8;1,16,17,11,22;0,6,11,21,1 3
torus_715893_53 23 1,13,14,11,19,6,22;0,13,16,21,22;5,8,20,15,18,19,6;4,8,7,17,11;3,8,5,10,14,11;2,8,4,10,6;0,19,2,5,10,12,11,22;3,8,20,13,16,17;2,5,4,3,7,20;11,12,14,15,18;4,5,6,12,14;0,14,4,3,17,21,22,6,12,9,18,19;6,10,14,9,11;0,14,15,20,7,16,1;0,11,4,10,12,9,15,13;2,18,9,14,13,20;1,21,17,7,13;3,7,16,21,11;2,15,9,11,19;0,6,2,18,11;2,15,13,7,8;1,16,17,11,22;0,6,11,21,1 10
torus_715893_53 23 1,13,14,11,19,6,22;0,13,16,21,22;5,8,20,15,18,19,6;4,8,7,17,11;3,8,5,10,14,11;2,8,4,10,6;0,19,2,5,10,12,11,22;3,8,20,13,16,17;2,5,4,3,7,20;11,12,14,15,18;4,5,6,12,14;0,14,4,3,17,21,22,6,12,9,18,19;6,10,14,9,11;0,14,15,20,7,16,1;0,11,4,10,12,9,15,13;2,18,9,14,13,20;1,21,17,7,13;3,7,16,21,11;2,15,9,11,19;0,6,2,18,11;2,15,13,7,8;1,16,17,11,22;0,6,11,21,1 16
torus_715893_53 23 1,13,14,11,19,6,22;0,13,16,21,22;5,8,20,15,18,19,6;4,8,7,17,11;3,8,5,10,14,11;2,8,4,10,6;0,19,2,5,10,12,11,22;3,8,20,13,16,17;2,5,4,3,7,20;11,12,14,15,18;4,5,6,12,14;0,14,4,3,17,21,22,6,12,9,18,19;6,10,14,9,11;0,14,15,20,7,16,1;0,11,4,10,12,9,15,13;2,18,9,14,13,20;1,21,17,7,13;3,7,16,21,11;2,15,9,11,19;0,6,2,18,11;2,15,13,7,8;1,16,17,11,22;0,6,11,21,1 17
torus_715893_53 23 1,13,14,11,19,6,22;0,13,16,21,22;5,8,20,15,18,19,6;4,8,7,17,11;3,8,5,10,14,11;2,8,4,10,6;0,19,2,5,10,12,11,22;3,8,20,13,16,17;2,5,4,3,7,20;11,12,14,15,18;4,5,6,12,14;0,14,4,3,17,21,22,6,12,9,18,19;6,10,14,9,11;0,14,15,20,7,16,1;0,11,4,10,12,9,15,13;2,18,9,14,13,20;1,21,17,7,13;3,7,16,21,11;2,15,9,11,19;0,6,2,18,11;2,15,13,7,8;1,16,17,11,22;0,6,11,21,1 21
torus_715893_53 23 1,13,14,11,19,6,22;0,13,16,21,22;5,8,20,15,18,19,6;4,8,7,17,11;3,8,5,10,14,11;2,8,4,10,6;0,19,2,5,10,12,11,22;3,8,20,13,16,17;2,5,4,3,7,20;11,12,14,15,18;4,5,6,12,14;0,14,4,3,17,21,22,6,12,9,18,19;6,10,14,9,11;0,14,15,20,7,16,1;0,11,4,10,12,9,15,13;2,18,9,14,13,20;1,21,17,7,13;3,7,16,21,11;2,15,9,11,19;0,6,2,18,11;2,15,13,7,8;1,16,17,11,22;0,6,11,21,1 22
