klein_715893_3 30 9,29,23,21,25;2,8,7,12,5,10,9,6;1,8,3,28,6;2,8,4,26,23,28;3,8,10,9,25,26;1,10,8,13,17,12;1,9,29,28,2;1,8,24,14,12;1,2,3,4,10,5,13,24,7;0,29,6,1,10,4,25;1,5,8,4,9;15,22,16,27,23,21,26;1,5,17,14,7;5,8,24,20,15,16,22,17;7,12,17,19,24;11,22,18,20,13,16,27,26;11,22,13,15,27;5,12,14,19,18,22,13;15,20,19,17,22;14,17,18,20,24;13,15,18,19,24;0,23,11,26,25;11,16,13,17,18,15;0,21,11,27,26,3,28,29;7,8,13,20,19,14;0,9,4,26,21;3,4,25,21,11,15,27,23;11,16,15,26,23;2,3,23,29,6;0,9,6,28,23 18
klein_715893_8 24 1,9,8,12,23;0,9,2,16,23;1,9,6,21,15,22,16;4,21,15,10,14;3,21,6,16,18,20,14;6,10,17,19,12,23;2,9,8,7,10,5,23,16,4,21;6,8,13,14,10;0,9,6,7,13,12;0,1,2,6,8;3,14,7,6,5,17,11,22,15;10,17,18,16,22;0,23,5,19,20,13,8;7,8,12,20,14;3,4,20,13,7,10;2,21,3,10,22;1,2,22,11,18,4,6,23;5,10,11,18,19;4,20,19,17,11,16;5,12,20,18,17;4,14,13,12,19,18;2,15,3,4,6;2,16,11,10,15;0,12,5,6,16,1 1
klein_715893_10 30 2,7,4,29,14,25,18,22;2,23,13,12,17;0,7,17,1,23,22;14,28,27,26,25;0,7,5,9,29;4,7,6,16,10,9;5,7,17,11,16;0,4,5,6,17,2;9,29,14,28,19,10;4,5,10,8,29;5,16,23,13,24,28,15,19,8,9;6,17,18,22,16;1,13,25,18,17;1,23,10,24,20,26,25,12;0,25,3,28,8,29;10,19,21,27,28;5,10,23,22,11,6;1,2,7,6,11,18,12;0,22,11,17,12,25;8,10,15,21,20,24,28;13,26,21,19,24;15,19,20,26,27;0,2,23,16,11,18;1,2,22,16,10,13;10,13,20,19,28;0,14,3,26,13,12,18;3,25,13,20,21,27;3,26,21,15,28;3,14,8,19,24,10,15,27;0,4,9,8,14 27
klein_715893_11 30 4,5,7,29,24,11,25;2,9,8,6,13;1,9,28,18,22,13;5,26,21,27,12;0,5,26,20,25;0,7,12,3,26,4;1,8,11,17,14,13;0,5,12,24,23,13,22,29;1,6,11,25,20,19,10,9;1,2,28,10,8;8,9,28,13,19;0,24,17,6,8,25;3,5,7,24,27;1,6,14,16,19,10,28,18,23,7,22,2;6,13,16,27,17;16,19,20,21,27;13,19,15,27,14;6,11,24,27,14;2,22,23,13,28;8,10,13,16,15,20;4,25,8,19,15,21,26;3,26,20,15,27;2,18,23,29,7,13;7,13,18,22,29,24;0,11,17,27,12,7,23,29;0,4,20,8,11;3,5,4,20,21;3,12,24,17,14,16,15,21;2,9,10,13,18;0,7,22,23,24 15
klein_715893_11 30 4,5,7,29,24,11,25;2,9,8,6,13;1,9,28,18,22,13;5,26,21,27,12;0,5,26,20,25;0,7,12,3,26,4;1,8,11,17,14,13;0,5,12,24,23,13,22,29;1,6,11,25,20,19,10,9;1,2,28,10,8;8,9,28,13,19;0,24,17,6,8,25;3,5,7,24,27;1,6,14,16,19,10,28,18,23,7,22,2;6,13,16,27,17;16,19,20,21,27;13,19,15,27,14;6,11,24,27,14;2,22,23,13,28;8,10,13,16,15,20;4,25,8,19,15,21,26;3,26,20,15,27;2,18,23,29,7,13;7,13,18,22,29,24;0,11,17,27,12,7,23,29;0,4,20,8,11;3,5,4,20,21;3,12,24,17,14,16,15,21;2,9,10,13,18;0,7,22,23,24 21
klein_715893_13 29 6,27,25,16,22,12;2,4,27,24,23;1,4,8,26,23;9,10,20,21,17,13;1,27,6,16,8,2;7,14,16,11,20,15;0,27,4,16,28,12;5,14,19,10,15;2,26,22,16,4;3,10,19,25,13;3,20,11,15,7,19,9;5,16,15,10,20;0,22,18,17,21,28,6;3,17,23,24,25,9;5,16,25,19,7;5,7,10,11,16,20;0,25,14,5,11,15,20,28,6,4,8,22;3,13,23,18,12,21;12,17,23,26,22;7,10,9,25,14;3,10,11,5,15,16,28,21;3,17,12,28,20;0,12,18,26,8,16;1,2,26,18,17,13,24;1,23,13,25,27;0,16,14,19,9,13,24,27;2,8,22,18,23;0,6,4,1,24,25;6,12,21,20,16 1
klein_715893_13 29 6,27,25,16,22,12;2,4,27,24,23;1,4,8,26,23;9,10,20,21,17,13;1,27,6,16,8,2;7,14,16,11,20,15;0,27,4,16,28,12;5,14,19,10,15;2,26,22,16,4;3,10,19,25,13;3,20,11,15,7,19,9;5,16,15,10,20;0,22,18,17,21,28,6;3,17,23,24,25,9;5,16,25,19,7;5,7,10,11,16,20;0,25,14,5,11,15,20,28,6,4,8,22;3,13,23,18,12,21;12,17,23,26,22;7,10,9,25,14;3,10,11,5,15,16,28,21;3,17,12,28,20;0,12,18,26,8,16;1,2,26,18,17,13,24;1,23,13,25,27;0,16,14,19,9,13,24,27;2,8,22,18,23;0,6,4,1,24,25;6,12,21,20,16 2
klein_715893_13 29 6,27,25,16,22,12;2,4,27,24,23;1,4,8,26,23;9,10,20,21,17,13;1,27,6,16,8,2;7,14,16,11,20,15;0,27,4,16,28,12;5,14,19,10,15;2,26,22,16,4;3,10,19,25,13;3,20,11,15,7,19,9;5,16,15,10,20;0,22,18,17,21,28,6;3,17,23,24,25,9;5,16,25,19,7;5,7,10,11,16,20;0,25,14,5,11,15,20,28,6,4,8,22;3,13,23,18,12,21;12,17,23,26,22;7,10,9,25,14;3,10,11,5,15,16,28,21;3,17,12,28,20;0,12,18,26,8,16;1,2,26,18,17,13,24;1,23,13,25,27;0,16,14,19,9,13,24,27;2,8,22,18,23;0,6,4,1,24,25;6,12,21,20,16 7
klein_715893_13 29 6,27,25,16,22,12;2,4,27,24,23;1,4,8,26,23;9,10,20,21,17,13;1,27,6,16,8,2;7,14,16,11,20,15;0,27,4,16,28,12;5,14,19,10,15;2,26,22,16,4;3,10,19,25,13;3,20,11,15,7,19,9;5,16,15,10,20;0,22,18,17,21,28,6;3,17,23,24,25,9;5,16,25,19,7;5,7,10,11,16,20;0,25,14,5,11,15,20,28,6,4,8,22;3,13,23,18,12,21;12,17,23,26,22;7,10,9,25,14;3,10,11,5,15,16,28,21;3,17,12,28,20;0,12,18,26,8,16;1,2,26,18,17,13,24;1,23,13,25,27;0,16,14,19,9,13,24,27;2,8,22,18,23;0,6,4,1,24,25;6,12,21,20,16 8
klein_715893_13 29 6,27,25,16,22,12;2,4,27,24,23;1,4,8,26,23;9,10,20,21,17,13;1,27,6,16,8,2;7,14,16,11,20,15;0,27,4,16,28,12;5,14,19,10,15;2,26,22,16,4;3,10,19,25,13;3,20,11,15,7,19,9;5,16,15,10,20;0,22,18,17,21,28,6;3,17,23,24,25,9;5,16,25,19,7;5,7,10,11,16,20;0,25,14,5,11,15,20,28,6,4,8,22;3,13,23,18,12,21;12,17,23,26,22;7,10,9,25,14;3,10,11,5,15,16,28,21;3,17,12,28,20;0,12,18,26,8,16;1,2,26,18,17,13,24;1,23,13,25,27;0,16,14,19,9,13,24,27;2,8,22,18,23;0,6,4,1,24,25;6,12,21,20,16 9
klein_715893_13 29 6,27,25,16,22,12;2,4,27,24,23;1,4,8,26,23;9,10,20,21,17,13;1,27,6,16,8,2;7,14,16,11,20,15;0,27,4,16,28,12;5,14,19,10,15;2,26,22,16,4;3,10,19,25,13;3,20,11,15,7,19,9;5,16,15,10,20;0,22,18,17,21,28,6;3,17,23,24,25,9;5,16,25,19,7;5,7,10,11,16,20;0,25,14,5,11,15,20,28,6,4,8,22;3,13,23,18,12,21;12,17,23,26,22;7,10,9,25,14;3,10,11,5,15,16,28,21;3,17,12,28,20;0,12,18,26,8,16;1,2,26,18,17,13,24;1,23,13,25,27;0,16,14,19,9,13,24,27;2,8,22,18,23;0,6,4,1,24,25;6,12,21,20,16 14
klein_715893_13 29 6,27,25,16,22,12;2,4,27,24,23;1,4,8,26,23;9,10,20,21,17,13;1,27,6,16,8,2;7,14,16,11,20,15;0,27,4,16,28,12;5,14,19,10,15;2,26,22,16,4;3,10,19,25,13;3,20,11,15,7,19,9;5,16,15,10,20;0,22,18,17,21,28,6;3,17,23,24,25,9;5,16,25,19,7;5,7,10,11,16,20;0,25,14,5,11,15,20,28,6,4,8,22;3,13,23,18,12,21;12,17,23,26,22;7,10,9,25,14;3,10,11,5,15,16,28,21;3,17,12,28,20;0,12,18,26,8,16;1,2,26,18,17,13,24;1,23,13,25,27;0,16,14,19,9,13,24,27;2,8,22,18,23;0,6,4,1,24,25;6,12,21,20,16 18
klein_715893_13 29 6,27,25,16,22,12;2,4,27,24,23;1,4,8,26,23;9,10,20,21,17,13;1,27,6,16,8,2;7,14,16,11,20,15;0,27,4,16,28,12;5,14,19,10,15;2,26,22,16,4;3,10,19,25,13;3,20,11,15,7,19,9;5,16,15,10,20;0,22,18,17,21,28,6;3,17,23,24,25,9;5,16,25,19,7;5,7,10,11,16,20;0,25,14,5,11,15,20,28,6,4,8,22;3,13,23,18,12,21;12,17,23,26,22;7,10,9,25,14;3,10,11,5,15,16,28,21;3,17,12,28,20;0,12,18,26,8,16;1,2,26,18,17,13,24;1,23,13,25,27;0,16,14,19,9,13,24,27;2,8,22,18,23;0,6,4,1,24,25;6,12,21,20,16 19
klein_715893_13 29 6,27,25,16,22,12;2,4,27,24,23;1,4,8,26,23;9,10,20,21,17,13;1,27,6,16,8,2;7,14,16,11,20,15;0,27,4,16,28,12;5,14,19,10,15;2,26,22,16,4;3,10,19,25,13;3,20,11,15,7,19,9;5,16,15,10,20;0,22,18,17,21,28,6;3,17,23,24,25,9;5,16,25,19,7;5,7,10,11,16,20;0,25,14,5,11,15,20,28,6,4,8,22;3,13,23,18,12,21;12,17,23,26,22;7,10,9,25,14;3,10,11,5,15,16,28,21;3,17,12,28,20;0,12,18,26,8,16;1,2,26,18,17,13,24;1,23,13,25,27;0,16,14,19,9,13,24,27;2,8,22,18,23;0,6,4,1,24,25;6,12,21,20,16 21
klein_715893_13 29 6,27,25,16,22,12;2,4,27,24,23;1,4,8,26,23;9,10,20,21,17,13;1,27,6,16,8,2;7,14,16,11,20,15;0,27,4,16,28,12;5,14,19,10,15;2,26,22,16,4;3,10,19,25,13;3,20,11,15,7,19,9;5,16,15,10,20;0,22,18,17,21,28,6;3,17,23,24,25,9;5,16,25,19,7;5,7,10,11,16,20;0,25,14,5,11,15,20,28,6,4,8,22;3,13,23,18,12,21;12,17,23,26,22;7,10,9,25,14;3,10,11,5,15,16,28,21;3,17,12,28,20;0,12,18,26,8,16;1,2,26,18,17,13,24;1,23,13,25,27;0,16,14,19,9,13,24,27;2,8,22,18,23;0,6,4,1,24,25;6,12,21,20,16 24
klein_715893_13 29 6,27,25,16,22,12;2,4,27,24,23;1,4,8,26,23;9,10,20,21,17,13;1,27,6,16,8,2;7,14,16,11,20,15;0,27,4,16,28,12;5,14,19,10,15;2,26,22,16,4;3,10,19,25,13;3,20,11,15,7,19,9;5,16,15,10,20;0,22,18,17,21,28,6;3,17,23,24,25,9;5,16,25,19,7;5,7,10,11,16,20;0,25,14,5,11,15,20,28,6,4,8,22;3,13,23,18,12,21;12,17,23,26,22;7,10,9,25,14;3,10,11,5,15,16,28,21;3,17,12,28,20;0,12,18,26,8,16;1,2,26,18,17,13,24;1,23,13,25,27;0,16,14,19,9,13,24,27;2,8,22,18,23;0,6,4,1,24,25;6,12,21,20,16 26
klein_715893_13 29 6,27,25,16,22,12;2,4,27,24,23;1,4,8,26,23;9,10,20,21,17,13;1,27,6,16,8,2;7,14,16,11,20,15;0,27,4,16,28,12;5,14,19,10,15;2,26,22,16,4;3,10,19,25,13;3,20,11,15,7,19,9;5,16,15,10,20;0,22,18,17,21,28,6;3,17,23,24,25,9;5,16,25,19,7;5,7,10,11,16,20;0,25,14,5,11,15,20,28,6,4,8,22;3,13,23,18,12,21;12,17,23,26,22;7,10,9,25,14;3,10,11,5,15,16,28,21;3,17,12,28,20;0,12,18,26,8,16;1,2,26,18,17,13,24;1,23,13,25,27;0,16,14,19,9,13,24,27;2,8,22,18,23;0,6,4,1,24,25;6,12,21,20,16 28
klein_715893_16 30 2,9,8,15,14,6;2,3,28,24,6;0,9,16,3,1,6;1,2,16,22,17,28;8,26,12,16,9;7,18,10,16,12;0,2,1,24,29,12,19,13,8,14;5,18,20,19,12;0,9,4,26,14,6,13,15;0,2,16,4,8;5,18,11,22,16;10,18,23,17,22;4,16,5,7,19,6,29,26;6,8,15,27,21,20,19;0,6,8,26,27,15;0,8,13,27,14;2,3,22,10,5,12,4,9;3,22,11,23,28;5,7,20,21,25,24,23,11,10;6,12,7,20,13;7,18,21,13,19;13,27,25,18,20;3,16,10,11,17;11,17,28,24,18;1,28,23,18,25,29,6;18,21,27,26,29,24;4,8,14,27,25,29,12;13,15,14,26,25,21;1,24,23,17,3;6,12,26,25,24 15
klein_715893_17 23 5,6,22,9,20;10,19,13,14,17;5,15,18,19,13,8,16,20;4,9,22,17,20,16,21;3,9,20,17,10,21;0,6,15,2,20;0,5,15,11,12,14,17,22;8,13,12,11,18;2,16,21,10,18,7,13;0,22,3,4,20;1,19,18,8,21,4,17;6,12,7,18,15;6,11,7,13,14;1,14,12,7,8,2,19;1,13,12,6,17;2,5,6,11,18;2,8,21,3,20;1,10,4,20,3,22,6,14;2,15,11,7,8,10,19;1,10,18,2,13;0,5,2,16,3,17,4,9;3,4,10,8,16;0,6,17,3,9 5
klein_715893_17 23 5,6,22,9,20;10,19,13,14,17;5,15,18,19,13,8,16,20;4,9,22,17,20,16,21;3,9,20,17,10,21;0,6,15,2,20;0,5,15,11,12,14,17,22;8,13,12,11,18;2,16,21,10,18,7,13;0,22,3,4,20;1,19,18,8,21,4,17;6,12,7,18,15;6,11,7,13,14;1,14,12,7,8,2,19;1,13,12,6,17;2,5,6,11,18;2,8,21,3,20;1,10,4,20,3,22,6,14;2,15,11,7,8,10,19;1,10,18,2,13;0,5,2,16,3,17,4,9;3,4,10,8,16;0,6,17,3,9 14
klein_715893_17 23 5,6,22,9,20;10,19,13,14,17;5,15,18,19,13,8,16,20;4,9,22,17,20,16,21;3,9,20,17,10,21;0,6,15,2,20;0,5,15,11,12,14,17,22;8,13,12,11,18;2,16,21,10,18,7,13;0,22,3,4,20;1,19,18,8,21,4,17;6,12,7,18,15;6,11,7,13,14;1,14,12,7,8,2,19;1,13,12,6,17;2,5,6,11,18;2,8,21,3,20;1,10,4,20,3,22,6,14;2,15,11,7,8,10,19;1,10,18,2,13;0,5,2,16,3,17,4,9;3,4,10,8,16;0,6,17,3,9 19
klein_715893_17 23 5,6,22,9,20;10,19,13,14,17;5,15,18,19,13,8,16,20;4,9,22,17,20,16,21;3,9,20,17,10,21;0,6,15,2,20;0,5,15,11,12,14,17,22;8,13,12,11,18;2,16,21,10,18,7,13;0,22,3,4,20;1,19,18,8,21,4,17;6,12,7,18,15;6,11,7,13,14;1,14,12,7,8,2,19;1,13,12,6,17;2,5,6,11,18;2,8,21,3,20;1,10,4,20,3,22,6,14;2,15,11,7,8,10,19;1,10,18,2,13;0,5,2,16,3,17,4,9;3,4,10,8,16;0,6,17,3,9 22
klein_715893_21 28 6,14,8,20,21;2,8,20,13,27,26;1,8,22,7,11,18,26;4,19,26,18,17,16,9,25,15;3,19,12,23,16,15;13,14,22,23,21,20;0,14,13,23,21;2,11,10,25,9,22;0,20,1,2,22,14;3,16,22,7,25;7,25,24,17,11;2,7,10,17,18;4,19,27,13,23;1,20,5,14,6,23,12,27;0,8,22,5,13,6;3,4,16,24,25;3,9,22,23,4,15,24,17;3,18,11,10,24,16;2,11,17,3,26;3,4,12,27,26;0,8,1,13,5,21;0,6,23,5,20;2,7,9,16,23,5,14,8;4,12,13,6,21,5,22,16;10,17,16,15,25;3,9,7,10,24,15;1,2,18,3,19,27;1,26,19,12,13 6
klein_715893_23 20 4,18,6,17,15,5;2,7,16,11,8,13,10;1,7,15,5,9,14,10;4,9,10,19,18;0,18,3,9,5;0,15,2,9,4;0,17,16,19,18;1,16,12,17,15,2;1,11,12,14,13;2,5,4,3,10,13,14;1,2,14,12,19,3,9,13;1,8,12,17,16;7,17,11,8,14,10,19,16;1,10,9,14,8;2,9,13,8,12,10;0,5,2,7,17;1,7,12,19,6,17,11;0,6,16,11,12,7,15;0,4,3,19,6;3,10,12,16,6,18 3
klein_715893_26 23 3,22,14,12,11;2,8,12,7,5;1,8,10,21,5;0,22,9,4,6,11;3,9,16,17,6;1,7,9,16,21,2;3,4,17,7,9,22,21,20,11;1,5,9,6,17,19,12;1,2,10,13,12;3,22,6,7,5,16,4;2,8,13,15,21;0,3,6,20,18,12;0,14,13,8,1,7,19,18,11;8,12,14,15,10;0,12,13,15,22;10,13,14,22,21;4,9,5,21,20,18,19,17;4,6,7,19,16;11,20,16,19,12;7,17,16,18,12;6,21,16,18,11;2,10,15,22,6,20,16,5;0,3,9,6,21,15,14 2
klein_715893_26 23 3,22,14,12,11;2,8,12,7,5;1,8,10,21,5;0,22,9,4,6,11;3,9,16,17,6;1,7,9,16,21,2;3,4,17,7,9,22,21,20,11;1,5,9,6,17,19,12;1,2,10,13,12;3,22,6,7,5,16,4;2,8,13,15,21;0,3,6,20,18,12;0,14,13,8,1,7,19,18,11;8,12,14,15,10;0,12,13,15,22;10,13,14,22,21;4,9,5,21,20,18,19,17;4,6,7,19,16;11,20,16,19,12;7,17,16,18,12;6,21,16,18,11;2,10,15,22,6,20,16,5;0,3,9,6,21,15,14 13
klein_715893_28 30 4,11,16,18,5;3,27,28,19,4;8,9,26,21,23;1,27,8,9,12,6,4;0,11,6,3,1,19,25,5;0,18,15,25,4;3,12,13,11,4;12,19,17,16,13;2,9,3,27,18,15,23;2,8,3,12,19,14,24,26;14,25,22,20,24,29,19;0,4,6,13,16;3,6,13,7,19,9;6,11,16,7,12;9,24,29,25,10,19;5,18,8,23,22,25;0,11,13,7,17,18;7,19,28,18,16;0,5,15,8,27,28,17,16;1,4,25,29,10,14,9,12,7,17,28;10,22,21,26,24;2,26,20,22,23;10,25,15,23,21,20;2,8,15,22,21;9,14,29,10,20,26;4,5,15,22,10,14,29,19;2,21,20,24,9;1,3,8,18,28;1,19,17,18,27;10,19,25,14,24 0
klein_715893_28 30 4,11,16,18,5;3,27,28,19,4;8,9,26,21,23;1,27,8,9,12,6,4;0,11,6,3,1,19,25,5;0,18,15,25,4;3,12,13,11,4;12,19,17,16,13;2,9,3,27,18,15,23;2,8,3,12,19,14,24,26;14,25,22,20,24,29,19;0,4,6,13,16;3,6,13,7,19,9;6,11,16,7,12;9,24,29,25,10,19;5,18,8,23,22,25;0,11,13,7,17,18;7,19,28,18,16;0,5,15,8,27,28,17,16;1,4,25,29,10,14,9,12,7,17,28;10,22,21,26,24;2,26,20,22,23;10,25,15,23,21,20;2,8,15,22,21;9,14,29,10,20,26;4,5,15,22,10,14,29,19;2,21,20,24,9;1,3,8,18,28;1,19,17,18,27;10,19,25,14,24 1
klein_715893_28 30 4,11,16,18,5;3,27,28,19,4;8,9,26,21,23;1,27,8,9,12,6,4;0,11,6,3,1,19,25,5;0,18,15,25,4;3,12,13,11,4;12,19,17,16,13;2,9,3,27,18,15,23;2,8,3,12,19,14,24,26;14,25,22,20,24,29,19;0,4,6,13,16;3,6,13,7,19,9;6,11,16,7,12;9,24,29,25,10,19;5,18,8,23,22,25;0,11,13,7,17,18;7,19,28,18,16;0,5,15,8,27,28,17,16;1,4,25,29,10,14,9,12,7,17,28;10,22,21,26,24;2,26,20,22,23;10,25,15,23,21,20;2,8,15,22,21;9,14,29,10,20,26;4,5,15,22,10,14,29,19;2,21,20,24,9;1,3,8,18,28;1,19,17,18,27;10,19,25,14,24 2
klein_715893_28 30 4,11,16,18,5;3,27,28,19,4;8,9,26,21,23;1,27,8,9,12,6,4;0,11,6,3,1,19,25,5;0,18,15,25,4;3,12,13,11,4;12,19,17,16,13;2,9,3,27,18,15,23;2,8,3,12,19,14,24,26;14,25,22,20,24,29,19;0,4,6,13,16;3,6,13,7,19,9;6,11,16,7,12;9,24,29,25,10,19;5,18,8,23,22,25;0,11,13,7,17,18;7,19,28,18,16;0,5,15,8,27,28,17,16;1,4,25,29,10,14,9,12,7,17,28;10,22,21,26,24;2,26,20,22,23;10,25,15,23,21,20;2,8,15,22,21;9,14,29,10,20,26;4,5,15,22,10,14,29,19;2,21,20,24,9;1,3,8,18,28;1,19,17,18,27;10,19,25,14,24 5
klein_715893_28 30 4,11,16,18,5;3,27,28,19,4;8,9,26,21,23;1,27,8,9,12,6,4;0,11,6,3,1,19,25,5;0,18,15,25,4;3,12,13,11,4;12,19,17,16,13;2,9,3,27,18,15,23;2,8,3,12,19,14,24,26;14,25,22,20,24,29,19;0,4,6,13,16;3,6,13,7,19,9;6,11,16,7,12;9,24,29,25,10,19;5,18,8,23,22,25;0,11,13,7,17,18;7,19,28,18,16;0,5,15,8,27,28,17,16;1,4,25,29,10,14,9,12,7,17,28;10,22,21,26,24;2,26,20,22,23;10,25,15,23,21,20;2,8,15,22,21;9,14,29,10,20,26;4,5,15,22,10,14,29,19;2,21,20,24,9;1,3,8,18,28;1,19,17,18,27;10,19,25,14,24 6
klein_715893_28 30 4,11,16,18,5;3,27,28,19,4;8,9,26,21,23;1,27,8,9,12,6,4;0,11,6,3,1,19,25,5;0,18,15,25,4;3,12,13,11,4;12,19,17,16,13;2,9,3,27,18,15,23;2,8,3,12,19,14,24,26;14,25,22,20,24,29,19;0,4,6,13,16;3,6,13,7,19,9;6,11,16,7,12;9,24,29,25,10,19;5,18,8,23,22,25;0,11,13,7,17,18;7,19,28,18,16;0,5,15,8,27,28,17,16;1,4,25,29,10,14,9,12,7,17,28;10,22,21,26,24;2,26,20,22,23;10,25,15,23,21,20;2,8,15,22,21;9,14,29,10,20,26;4,5,15,22,10,14,29,19;2,21,20,24,9;1,3,8,18,28;1,19,17,18,27;10,19,25,14,24 7
klein_715893_28 30 4,11,16,18,5;3,27,28,19,4;8,9,26,21,23;1,27,8,9,12,6,4;0,11,6,3,1,19,25,5;0,18,15,25,4;3,12,13,11,4;12,19,17,16,13;2,9,3,27,18,15,23;2,8,3,12,19,14,24,26;14,25,22,20,24,29,19;0,4,6,13,16;3,6,13,7,19,9;6,11,16,7,12;9,24,29,25,10,19;5,18,8,23,22,25;0,11,13,7,17,18;7,19,28,18,16;0,5,15,8,27,28,17,16;1,4,25,29,10,14,9,12,7,17,28;10,22,21,26,24;2,26,20,22,23;10,25,15,23,21,20;2,8,15,22,21;9,14,29,10,20,26;4,5,15,22,10,14,29,19;2,21,20,24,9;1,3,8,18,28;1,19,17,18,27;10,19,25,14,24 11
klein_715893_28 30 4,11,16,18,5;3,27,28,19,4;8,9,26,21,23;1,27,8,9,12,6,4;0,11,6,3,1,19,25,5;0,18,15,25,4;3,12,13,11,4;12,19,17,16,13;2,9,3,27,18,15,23;2,8,3,12,19,14,24,26;14,25,22,20,24,29,19;0,4,6,13,16;3,6,13,7,19,9;6,11,16,7,12;9,24,29,25,10,19;5,18,8,23,22,25;0,11,13,7,17,18;7,19,28,18,16;0,5,15,8,27,28,17,16;1,4,25,29,10,14,9,12,7,17,28;10,22,21,26,24;2,26,20,22,23;10,25,15,23,21,20;2,8,15,22,21;9,14,29,10,20,26;4,5,15,22,10,14,29,19;2,21,20,24,9;1,3,8,18,28;1,19,17,18,27;10,19,25,14,24 13
klein_715893_28 30 4,11,16,18,5;3,27,28,19,4;8,9,26,21,23;1,27,8,9,12,6,4;0,11,6,3,1,19,25,5;0,18,15,25,4;3,12,13,11,4;12,19,17,16,13;2,9,3,27,18,15,23;2,8,3,12,19,14,24,26;14,25,22,20,24,29,19;0,4,6,13,16;3,6,13,7,19,9;6,11,16,7,12;9,24,29,25,10,19;5,18,8,23,22,25;0,11,13,7,17,18;7,19,28,18,16;0,5,15,8,27,28,17,16;1,4,25,29,10,14,9,12,7,17,28;10,22,21,26,24;2,26,20,22,23;10,25,15,23,21,20;2,8,15,22,21;9,14,29,10,20,26;4,5,15,22,10,14,29,19;2,21,20,24,9;1,3,8,18,28;1,19,17,18,27;10,19,25,14,24 17
klein_715893_28 30 4,11,16,18,5;3,27,28,19,4;8,9,26,21,23;1,27,8,9,12,6,4;0,11,6,3,1,19,25,5;0,18,15,25,4;3,12,13,11,4;12,19,17,16,13;2,9,3,27,18,15,23;2,8,3,12,19,14,24,26;14,25,22,20,24,29,19;0,4,6,13,16;3,6,13,7,19,9;6,11,16,7,12;9,24,29,25,10,19;5,18,8,23,22,25;0,11,13,7,17,18;7,19,28,18,16;0,5,15,8,27,28,17,16;1,4,25,29,10,14,9,12,7,17,28;10,22,21,26,24;2,26,20,22,23;10,25,15,23,21,20;2,8,15,22,21;9,14,29,10,20,26;4,5,15,22,10,14,29,19;2,21,20,24,9;1,3,8,18,28;1,19,17,18,27;10,19,25,14,24 20
klein_715893_28 30 4,11,16,18,5;3,27,28,19,4;8,9,26,21,23;1,27,8,9,12,6,4;0,11,6,3,1,19,25,5;0,18,15,25,4;3,12,13,11,4;12,19,17,16,13;2,9,3,27,18,15,23;2,8,3,12,19,14,24,26;14,25,22,20,24,29,19;0,4,6,13,16;3,6,13,7,19,9;6,11,16,7,12;9,24,29,25,10,19;5,18,8,23,22,25;0,11,13,7,17,18;7,19,28,18,16;0,5,15,8,27,28,17,16;1,4,25,29,10,14,9,12,7,17,28;10,22,21,26,24;2,26,20,22,23;10,25,15,23,21,20;2,8,15,22,21;9,14,29,10,20,26;4,5,15,22,10,14,29,19;2,21,20,24,9;1,3,8,18,28;1,19,17,18,27;10,19,25,14,24 21
klein_715893_28 30 4,11,16,18,5;3,27,28,19,4;8,9,26,21,23;1,27,8,9,12,6,4;0,11,6,3,1,19,25,5;0,18,15,25,4;3,12,13,11,4;12,19,17,16,13;2,9,3,27,18,15,23;2,8,3,12,19,14,24,26;14,25,22,20,24,29,19;0,4,6,13,16;3,6,13,7,19,9;6,11,16,7,12;9,24,29,25,10,19;5,18,8,23,22,25;0,11,13,7,17,18;7,19,28,18,16;0,5,15,8,27,28,17,16;1,4,25,29,10,14,9,12,7,17,28;10,22,21,26,24;2,26,20,22,23;10,25,15,23,21,20;2,8,15,22,21;9,14,29,10,20,26;4,5,15,22,10,14,29,19;2,21,20,24,9;1,3,8,18,28;1,19,17,18,27;10,19,25,14,24 23
klein_715893_28 30 4,11,16,18,5;3,27,28,19,4;8,9,26,21,23;1,27,8,9,12,6,4;0,11,6,3,1,19,25,5;0,18,15,25,4;3,12,13,11,4;12,19,17,16,13;2,9,3,27,18,15,23;2,8,3,12,19,14,24,26;14,25,22,20,24,29,19;0,4,6,13,16;3,6,13,7,19,9;6,11,16,7,12;9,24,29,25,10,19;5,18,8,23,22,25;0,11,13,7,17,18;7,19,28,18,16;0,5,15,8,27,28,17,16;1,4,25,29,10,14,9,12,7,17,28;10,22,21,26,24;2,26,20,22,23;10,25,15,23,21,20;2,8,15,22,21;9,14,29,10,20,26;4,5,15,22,10,14,29,19;2,21,20,24,9;1,3,8,18,28;1,19,17,18,27;10,19,25,14,24 26
klein_715893_28 30 4,11,16,18,5;3,27,28,19,4;8,9,26,21,23;1,27,8,9,12,6,4;0,11,6,3,1,19,25,5;0,18,15,25,4;3,12,13,11,4;12,19,17,16,13;2,9,3,27,18,15,23;2,8,3,12,19,14,24,26;14,25,22,20,24,29,19;0,4,6,13,16;3,6,13,7,19,9;6,11,16,7,12;9,24,29,25,10,19;5,18,8,23,22,25;0,11,13,7,17,18;7,19,28,18,16;0,5,15,8,27,28,17,16;1,4,25,29,10,14,9,12,7,17,28;10,22,21,26,24;2,26,20,22,23;10,25,15,23,21,20;2,8,15,22,21;9,14,29,10,20,26;4,5,15,22,10,14,29,19;2,21,20,24,9;1,3,8,18,28;1,19,17,18,27;10,19,25,14,24 27
klein_715893_28 30 4,11,16,18,5;3,27,28,19,4;8,9,26,21,23;1,27,8,9,12,6,4;0,11,6,3,1,19,25,5;0,18,15,25,4;3,12,13,11,4;12,19,17,16,13;2,9,3,27,18,15,23;2,8,3,12,19,14,24,26;14,25,22,20,24,29,19;0,4,6,13,16;3,6,13,7,19,9;6,11,16,7,12;9,24,29,25,10,19;5,18,8,23,22,25;0,11,13,7,17,18;7,19,28,18,16;0,5,15,8,27,28,17,16;1,4,25,29,10,14,9,12,7,17,28;10,22,21,26,24;2,26,20,22,23;10,25,15,23,21,20;2,8,15,22,21;9,14,29,10,20,26;4,5,15,22,10,14,29,19;2,21,20,24,9;1,3,8,18,28;1,19,17,18,27;10,19,25,14,24 28
klein_715893_31 24 1,13,5,18,17;0,13,7,22,17;3,16,8,7,22;2,16,9,20,22;6,20,10,12,19;0,13,22,6,19,18;4,20,9,11,23,22,5,19;1,22,2,8,15,13;2,7,15,21,23,11,16;3,20,6,11,16;4,12,13,14,20;6,9,16,8,23;4,10,13,18,19;0,5,22,17,18,12,10,14,15,7,1;10,13,15,21,20;7,13,14,21,8;2,3,9,11,8;0,1,22,13,18;0,17,13,12,19,5;4,6,5,18,12;3,9,6,4,10,14,21,22;8,15,14,20,22,23;1,7,2,3,20,21,23,6,5,13,17;6,22,21,8,11 2
klein_715893_31 24 1,13,5,18,17;0,13,7,22,17;3,16,8,7,22;2,16,9,20,22;6,20,10,12,19;0,13,22,6,19,18;4,20,9,11,23,22,5,19;1,22,2,8,15,13;2,7,15,21,23,11,16;3,20,6,11,16;4,12,13,14,20;6,9,16,8,23;4,10,13,18,19;0,5,22,17,18,12,10,14,15,7,1;10,13,15,21,20;7,13,14,21,8;2,3,9,11,8;0,1,22,13,18;0,17,13,12,19,5;4,6,5,18,12;3,9,6,4,10,14,21,22;8,15,14,20,22,23;1,7,2,3,20,21,23,6,5,13,17;6,22,21,8,11 3
klein_715893_31 24 1,13,5,18,17;0,13,7,22,17;3,16,8,7,22;2,16,9,20,22;6,20,10,12,19;0,13,22,6,19,18;4,20,9,11,23,22,5,19;1,22,2,8,15,13;2,7,15,21,23,11,16;3,20,6,11,16;4,12,13,14,20;6,9,16,8,23;4,10,13,18,19;0,5,22,17,18,12,10,14,15,7,1;10,13,15,21,20;7,13,14,21,8;2,3,9,11,8;0,1,22,13,18;0,17,13,12,19,5;4,6,5,18,12;3,9,6,4,10,14,21,22;8,15,14,20,22,23;1,7,2,3,20,21,23,6,5,13,17;6,22,21,8,11 9
klein_715893_31 24 1,13,5,18,17;0,13,7,22,17;3,16,8,7,22;2,16,9,20,22;6,20,10,12,19;0,13,22,6,19,18;4,20,9,11,23,22,5,19;1,22,2,8,15,13;2,7,15,21,23,11,16;3,20,6,11,16;4,12,13,14,20;6,9,16,8,23;4,10,13,18,19;0,5,22,17,18,12,10,14,15,7,1;10,13,15,21,20;7,13,14,21,8;2,3,9,11,8;0,1,22,13,18;0,17,13,12,19,5;4,6,5,18,12;3,9,6,4,10,14,21,22;8,15,14,20,22,23;1,7,2,3,20,21,23,6,5,13,17;6,22,21,8,11 10
klein_715893_31 24 1,13,5,18,17;0,13,7,22,17;3,16,8,7,22;2,16,9,20,22;6,20,10,12,19;0,13,22,6,19,18;4,20,9,11,23,22,5,19;1,22,2,8,15,13;2,7,15,21,23,11,16;3,20,6,11,16;4,12,13,14,20;6,9,16,8,23;4,10,13,18,19;0,5,22,17,18,12,10,14,15,7,1;10,13,15,21,20;7,13,14,21,8;2,3,9,11,8;0,1,22,13,18;0,17,13,12,19,5;4,6,5,18,12;3,9,6,4,10,14,21,22;8,15,14,20,22,23;1,7,2,3,20,21,23,6,5,13,17;6,22,21,8,11 11
klein_715893_31 24 1,13,5,18,17;0,13,7,22,17;3,16,8,7,22;2,16,9,20,22;6,20,10,12,19;0,13,22,6,19,18;4,20,9,11,23,22,5,19;1,22,2,8,15,13;2,7,15,21,23,11,16;3,20,6,11,16;4,12,13,14,20;6,9,16,8,23;4,10,13,18,19;0,5,22,17,18,12,10,14,15,7,1;10,13,15,21,20;7,13,14,21,8;2,3,9,11,8;0,1,22,13,18;0,17,13,12,19,5;4,6,5,18,12;3,9,6,4,10,14,21,22;8,15,14,20,22,23;1,7,2,3,20,21,23,6,5,13,17;6,22,21,8,11 16
klein_715893_31 24 1,13,5,18,17;0,13,7,22,17;3,16,8,7,22;2,16,9,20,22;6,20,10,12,19;0,13,22,6,19,18;4,20,9,11,23,22,5,19;1,22,2,8,15,13;2,7,15,21,23,11,16;3,20,6,11,16;4,12,13,14,20;6,9,16,8,23;4,10,13,18,19;0,5,22,17,18,12,10,14,15,7,1;10,13,15,21,20;7,13,14,21,8;2,3,9,11,8;0,1,22,13,18;0,17,13,12,19,5;4,6,5,18,12;3,9,6,4,10,14,21,22;8,15,14,20,22,23;1,7,2,3,20,21,23,6,5,13,17;6,22,21,8,11 19
klein_715893_34 30 1,8,7,23,28;0,8,14,16,28;5,6,26,27,10;4,15,26,19,21;3,15,29,17,5,10,21;2,6,12,22,19,17,4,10;2,26,22,23,12,5;0,23,22,11,13,8;0,1,14,13,7;15,26,25,24,29;2,5,4,21,27;7,13,18,12,23,28,22;5,6,23,11,18,16,28,22;7,8,14,18,11;1,16,18,13,8;3,4,29,9,26;1,14,18,12,28;4,5,19,24,29;11,12,16,14,13;3,21,20,25,24,17,5,22,26;19,21,27,26,25;3,4,10,27,20,19;5,12,28,11,7,23,6,26,19;0,7,22,6,12,11,28;9,29,17,19,25;9,24,19,20,26;2,6,22,19,3,15,9,25,20,27;2,10,21,20,26;0,1,16,12,22,11,23;4,15,9,24,17 0
klein_715893_34 30 1,8,7,23,28;0,8,14,16,28;5,6,26,27,10;4,15,26,19,21;3,15,29,17,5,10,21;2,6,12,22,19,17,4,10;2,26,22,23,12,5;0,23,22,11,13,8;0,1,14,13,7;15,26,25,24,29;2,5,4,21,27;7,13,18,12,23,28,22;5,6,23,11,18,16,28,22;7,8,14,18,11;1,16,18,13,8;3,4,29,9,26;1,14,18,12,28;4,5,19,24,29;11,12,16,14,13;3,21,20,25,24,17,5,22,26;19,21,27,26,25;3,4,10,27,20,19;5,12,28,11,7,23,6,26,19;0,7,22,6,12,11,28;9,29,17,19,25;9,24,19,20,26;2,6,22,19,3,15,9,25,20,27;2,10,21,20,26;0,1,16,12,22,11,23;4,15,9,24,17 1
klein_715893_34 30 1,8,7,23,28;0,8,14,16,28;5,6,26,27,10;4,15,26,19,21;3,15,29,17,5,10,21;2,6,12,22,19,17,4,10;2,26,22,23,12,5;0,23,22,11,13,8;0,1,14,13,7;15,26,25,24,29;2,5,4,21,27;7,13,18,12,23,28,22;5,6,23,11,18,16,28,22;7,8,14,18,11;1,16,18,13,8;3,4,29,9,26;1,14,18,12,28;4,5,19,24,29;11,12,16,14,13;3,21,20,25,24,17,5,22,26;19,21,27,26,25;3,4,10,27,20,19;5,12,28,11,7,23,6,26,19;0,7,22,6,12,11,28;9,29,17,19,25;9,24,19,20,26;2,6,22,19,3,15,9,25,20,27;2,10,21,20,26;0,1,16,12,22,11,23;4,15,9,24,17 2
klein_715893_34 30 1,8,7,23,28;0,8,14,16,28;5,6,26,27,10;4,15,26,19,21;3,15,29,17,5,10,21;2,6,12,22,19,17,4,10;2,26,22,23,12,5;0,23,22,11,13,8;0,1,14,13,7;15,26,25,24,29;2,5,4,21,27;7,13,18,12,23,28,22;5,6,23,11,18,16,28,22;7,8,14,18,11;1,16,18,13,8;3,4,29,9,26;1,14,18,12,28;4,5,19,24,29;11,12,16,14,13;3,21,20,25,24,17,5,22,26;19,21,27,26,25;3,4,10,27,20,19;5,12,28,11,7,23,6,26,19;0,7,22,6,12,11,28;9,29,17,19,25;9,24,19,20,26;2,6,22,19,3,15,9,25,20,27;2,10,21,20,26;0,1,16,12,22,11,23;4,15,9,24,17 3
klein_715893_34 30 1,8,7,23,28;0,8,14,16,28;5,6,26,27,10;4,15,26,19,21;3,15,29,17,5,10,21;2,6,12,22,19,17,4,10;2,26,22,23,12,5;0,23,22,11,13,8;0,1,14,13,7;15,26,25,24,29;2,5,4,21,27;7,13,18,12,23,28,22;5,6,23,11,18,16,28,22;7,8,14,18,11;1,16,18,13,8;3,4,29,9,26;1,14,18,12,28;4,5,19,24,29;11,12,16,14,13;3,21,20,25,24,17,5,22,26;19,21,27,26,25;3,4,10,27,20,19;5,12,28,11,7,23,6,26,19;0,7,22,6,12,11,28;9,29,17,19,25;9,24,19,20,26;2,6,22,19,3,15,9,25,20,27;2,10,21,20,26;0,1,16,12,22,11,23;4,15,9,24,17 8
klein_715893_34 30 1,8,7,23,28;0,8,14,16,28;5,6,26,27,10;4,15,26,19,21;3,15,29,17,5,10,21;2,6,12,22,19,17,4,10;2,26,22,23,12,5;0,23,22,11,13,8;0,1,14,13,7;15,26,25,24,29;2,5,4,21,27;7,13,18,12,23,28,22;5,6,23,11,18,16,28,22;7,8,14,18,11;1,16,18,13,8;3,4,29,9,26;1,14,18,12,28;4,5,19,24,29;11,12,16,14,13;3,21,20,25,24,17,5,22,26;19,21,27,26,25;3,4,10,27,20,19;5,12,28,11,7,23,6,26,19;0,7,22,6,12,11,28;9,29,17,19,25;9,24,19,20,26;2,6,22,19,3,15,9,25,20,27;2,10,21,20,26;0,1,16,12,22,11,23;4,15,9,24,17 9
klein_715893_34 30 1,8,7,23,28;0,8,14,16,28;5,6,26,27,10;4,15,26,19,21;3,15,29,17,5,10,21;2,6,12,22,19,17,4,10;2,26,22,23,12,5;0,23,22,11,13,8;0,1,14,13,7;15,26,25,24,29;2,5,4,21,27;7,13,18,12,23,28,22;5,6,23,11,18,16,28,22;7,8,14,18,11;1,16,18,13,8;3,4,29,9,26;1,14,18,12,28;4,5,19,24,29;11,12,16,14,13;3,21,20,25,24,17,5,22,26;19,21,27,26,25;3,4,10,27,20,19;5,12,28,11,7,23,6,26,19;0,7,22,6,12,11,28;9,29,17,19,25;9,24,19,20,26;2,6,22,19,3,15,9,25,20,27;2,10,21,20,26;0,1,16,12,22,11,23;4,15,9,24,17 10
klein_715893_34 30 1,8,7,23,28;0,8,14,16,28;5,6,26,27,10;4,15,26,19,21;3,15,29,17,5,10,21;2,6,12,22,19,17,4,10;2,26,22,23,12,5;0,23,22,11,13,8;0,1,14,13,7;15,26,25,24,29;2,5,4,21,27;7,13,18,12,23,28,22;5,6,23,11,18,16,28,22;7,8,14,18,11;1,16,18,13,8;3,4,29,9,26;1,14,18,12,28;4,5,19,24,29;11,12,16,14,13;3,21,20,25,24,17,5,22,26;19,21,27,26,25;3,4,10,27,20,19;5,12,28,11,7,23,6,26,19;0,7,22,6,12,11,28;9,29,17,19,25;9,24,19,20,26;2,6,22,19,3,15,9,25,20,27;2,10,21,20,26;0,1,16,12,22,11,23;4,15,9,24,17 13
klein_715893_34 30 1,8,7,23,28;0,8,14,16,28;5,6,26,27,10;4,15,26,19,21;3,15,29,17,5,10,21;2,6,12,22,19,17,4,10;2,26,22,23,12,5;0,23,22,11,13,8;0,1,14,13,7;15,26,25,24,29;2,5,4,21,27;7,13,18,12,23,28,22;5,6,23,11,18,16,28,22;7,8,14,18,11;1,16,18,13,8;3,4,29,9,26;1,14,18,12,28;4,5,19,24,29;11,12,16,14,13;3,21,20,25,24,17,5,22,26;19,21,27,26,25;3,4,10,27,20,19;5,12,28,11,7,23,6,26,19;0,7,22,6,12,11,28;9,29,17,19,25;9,24,19,20,26;2,6,22,19,3,15,9,25,20,27;2,10,21,20,26;0,1,16,12,22,11,23;4,15,9,24,17 14
klein_715893_34 30 1,8,7,23,28;0,8,14,16,28;5,6,26,27,10;4,15,26,19,21;3,15,29,17,5,10,21;2,6,12,22,19,17,4,10;2,26,22,23,12,5;0,23,22,11,13,8;0,1,14,13,7;15,26,25,24,29;2,5,4,21,27;7,13,18,12,23,28,22;5,6,23,11,18,16,28,22;7,8,14,18,11;1,16,18,13,8;3,4,29,9,26;1,14,18,12,28;4,5,19,24,29;11,12,16,14,13;3,21,20,25,24,17,5,22,26;19,21,27,26,25;3,4,10,27,20,19;5,12,28,11,7,23,6,26,19;0,7,22,6,12,11,28;9,29,17,19,25;9,24,19,20,26;2,6,22,19,3,15,9,25,20,27;2,10,21,20,26;0,1,16,12,22,11,23;4,15,9,24,17 15
klein_715893_34 30 1,8,7,23,28;0,8,14,16,28;5,6,26,27,10;4,15,26,19,21;3,15,29,17,5,10,21;2,6,12,22,19,17,4,10;2,26,22,23,12,5;0,23,22,11,13,8;0,1,14,13,7;15,26,25,24,29;2,5,4,21,27;7,13,18,12,23,28,22;5,6,23,11,18,16,28,22;7,8,14,18,11;1,16,18,13,8;3,4,29,9,26;1,14,18,12,28;4,5,19,24,29;11,12,16,14,13;3,21,20,25,24,17,5,22,26;19,21,27,26,25;3,4,10,27,20,19;5,12,28,11,7,23,6,26,19;0,7,22,6,12,11,28;9,29,17,19,25;9,24,19,20,26;2,6,22,19,3,15,9,25,20,27;2,10,21,20,26;0,1,16,12,22,11,23;4,15,9,24,17 16
klein_715893_34 30 1,8,7,23,28;0,8,14,16,28;5,6,26,27,10;4,15,26,19,21;3,15,29,17,5,10,21;2,6,12,22,19,17,4,10;2,26,22,23,12,5;0,23,22,11,13,8;0,1,14,13,7;15,26,25,24,29;2,5,4,21,27;7,13,18,12,23,28,22;5,6,23,11,18,16,28,22;7,8,14,18,11;1,16,18,13,8;3,4,29,9,26;1,14,18,12,28;4,5,19,24,29;11,12,16,14,13;3,21,20,25,24,17,5,22,26;19,21,27,26,25;3,4,10,27,20,19;5,12,28,11,7,23,6,26,19;0,7,22,6,12,11,28;9,29,17,19,25;9,24,19,20,26;2,6,22,19,3,15,9,25,20,27;2,10,21,20,26;0,1,16,12,22,11,23;4,15,9,24,17 17
klein_715893_34 30 1,8,7,23,28;0,8,14,16,28;5,6,26,27,10;4,15,26,19,21;3,15,29,17,5,10,21;2,6,12,22,19,17,4,10;2,26,22,23,12,5;0,23,22,11,13,8;0,1,14,13,7;15,26,25,24,29;2,5,4,21,27;7,13,18,12,23,28,22;5,6,23,11,18,16,28,22;7,8,14,18,11;1,16,18,13,8;3,4,29,9,26;1,14,18,12,28;4,5,19,24,29;11,12,16,14,13;3,21,20,25,24,17,5,22,26;19,21,27,26,25;3,4,10,27,20,19;5,12,28,11,7,23,6,26,19;0,7,22,6,12,11,28;9,29,17,19,25;9,24,19,20,26;2,6,22,19,3,15,9,25,20,27;2,10,21,20,26;0,1,16,12,22,11,23;4,15,9,24,17 18
klein_715893_34 30 1,8,7,23,28;0,8,14,16,28;5,6,26,27,10;4,15,26,19,21;3,15,29,17,5,10,21;2,6,12,22,19,17,4,10;2,26,22,23,12,5;0,23,22,11,13,8;0,1,14,13,7;15,26,25,24,29;2,5,4,21,27;7,13,18,12,23,28,22;5,6,23,11,18,16,28,22;7,8,14,18,11;1,16,18,13,8;3,4,29,9,26;1,14,18,12,28;4,5,19,24,29;11,12,16,14,13;3,21,20,25,24,17,5,22,26;19,21,27,26,25;3,4,10,27,20,19;5,12,28,11,7,23,6,26,19;0,7,22,6,12,11,28;9,29,17,19,25;9,24,19,20,26;2,6,22,19,3,15,9,25,20,27;2,10,21,20,26;0,1,16,12,22,11,23;4,15,9,24,17 20
klein_715893_34 30 1,8,7,23,28;0,8,14,16,28;5,6,26,27,10;4,15,26,19,21;3,15,29,17,5,10,21;2,6,12,22,19,17,4,10;2,26,22,23,12,5;0,23,22,11,13,8;0,1,14,13,7;15,26,25,24,29;2,5,4,21,27;7,13,18,12,23,28,22;5,6,23,11,18,16,28,22;7,8,14,18,11;1,16,18,13,8;3,4,29,9,26;1,14,18,12,28;4,5,19,24,29;11,12,16,14,13;3,21,20,25,24,17,5,22,26;19,21,27,26,25;3,4,10,27,20,19;5,12,28,11,7,23,6,26,19;0,7,22,6,12,11,28;9,29,17,19,25;9,24,19,20,26;2,6,22,19,3,15,9,25,20,27;2,10,21,20,26;0,1,16,12,22,11,23;4,15,9,24,17 24
klein_715893_34 30 1,8,7,23,28;0,8,14,16,28;5,6,26,27,10;4,15,26,19,21;3,15,29,17,5,10,21;2,6,12,22,19,17,4,10;2,26,22,23,12,5;0,23,22,11,13,8;0,1,14,13,7;15,26,25,24,29;2,5,4,21,27;7,13,18,12,23,28,22;5,6,23,11,18,16,28,22;7,8,14,18,11;1,16,18,13,8;3,4,29,9,26;1,14,18,12,28;4,5,19,24,29;11,12,16,14,13;3,21,20,25,24,17,5,22,26;19,21,27,26,25;3,4,10,27,20,19;5,12,28,11,7,23,6,26,19;0,7,22,6,12,11,28;9,29,17,19,25;9,24,19,20,26;2,6,22,19,3,15,9,25,20,27;2,10,21,20,26;0,1,16,12,22,11,23;4,15,9,24,17 25
klein_715893_34 30 1,8,7,23,28;0,8,14,16,28;5,6,26,27,10;4,15,26,19,21;3,15,29,17,5,10,21;2,6,12,22,19,17,4,10;2,26,22,23,12,5;0,23,22,11,13,8;0,1,14,13,7;15,26,25,24,29;2,5,4,21,27;7,13,18,12,23,28,22;5,6,23,11,18,16,28,22;7,8,14,18,11;1,16,18,13,8;3,4,29,9,26;1,14,18,12,28;4,5,19,24,29;11,12,16,14,13;3,21,20,25,24,17,5,22,26;19,21,27,26,25;3,4,10,27,20,19;5,12,28,11,7,23,6,26,19;0,7,22,6,12,11,28;9,29,17,19,25;9,24,19,20,26;2,6,22,19,3,15,9,25,20,27;2,10,21,20,26;0,1,16,12,22,11,23;4,15,9,24,17 27
klein_715893_34 30 1,8,7,23,28;0,8,14,16,28;5,6,26,27,10;4,15,26,19,21;3,15,29,17,5,10,21;2,6,12,22,19,17,4,10;2,26,22,23,12,5;0,23,22,11,13,8;0,1,14,13,7;15,26,25,24,29;2,5,4,21,27;7,13,18,12,23,28,22;5,6,23,11,18,16,28,22;7,8,14,18,11;1,16,18,13,8;3,4,29,9,26;1,14,18,12,28;4,5,19,24,29;11,12,16,14,13;3,21,20,25,24,17,5,22,26;19,21,27,26,25;3,4,10,27,20,19;5,12,28,11,7,23,6,26,19;0,7,22,6,12,11,28;9,29,17,19,25;9,24,19,20,26;2,6,22,19,3,15,9,25,20,27;2,10,21,20,26;0,1,16,12,22,11,23;4,15,9,24,17 29
klein_715893_35 29 6,7,28,14,21;2,10,9,19,18;1,10,11,3,18;2,11,4,25,18;3,11,12,17,25;13,15,22,26,14;0,7,14,13,21;0,28,13,21,14,6;9,27,15,22,24,20,16;1,19,27,8,16,10;1,2,11,16,9;2,3,4,12,16,10;4,11,16,23,22,24,17;5,15,28,7,21,6,14;0,28,15,27,17,24,20,26,5,13,6,7,21;5,13,28,14,27,8,22;8,9,10,11,12,23,20;4,12,24,14,27,19,25;1,2,3,25,19;1,9,27,17,25,18;8,16,23,26,14,24;0,14,7,13,6;5,15,8,24,12,23,26;12,16,20,26,22;8,20,14,17,12,22;3,4,17,19,18;5,14,20,23,22;8,9,19,17,14,15;0,7,13,15,14 0
klein_715893_35 29 6,7,28,14,21;2,10,9,19,18;1,10,11,3,18;2,11,4,25,18;3,11,12,17,25;13,15,22,26,14;0,7,14,13,21;0,28,13,21,14,6;9,27,15,22,24,20,16;1,19,27,8,16,10;1,2,11,16,9;2,3,4,12,16,10;4,11,16,23,22,24,17;5,15,28,7,21,6,14;0,28,15,27,17,24,20,26,5,13,6,7,21;5,13,28,14,27,8,22;8,9,10,11,12,23,20;4,12,24,14,27,19,25;1,2,3,25,19;1,9,27,17,25,18;8,16,23,26,14,24;0,14,7,13,6;5,15,8,24,12,23,26;12,16,20,26,22;8,20,14,17,12,22;3,4,17,19,18;5,14,20,23,22;8,9,19,17,14,15;0,7,13,15,14 1
klein_715893_35 29 6,7,28,14,21;2,10,9,19,18;1,10,11,3,18;2,11,4,25,18;3,11,12,17,25;13,15,22,26,14;0,7,14,13,21;0,28,13,21,14,6;9,27,15,22,24,20,16;1,19,27,8,16,10;1,2,11,16,9;2,3,4,12,16,10;4,11,16,23,22,24,17;5,15,28,7,21,6,14;0,28,15,27,17,24,20,26,5,13,6,7,21;5,13,28,14,27,8,22;8,9,10,11,12,23,20;4,12,24,14,27,19,25;1,2,3,25,19;1,9,27,17,25,18;8,16,23,26,14,24;0,14,7,13,6;5,15,8,24,12,23,26;12,16,20,26,22;8,20,14,17,12,22;3,4,17,19,18;5,14,20,23,22;8,9,19,17,14,15;0,7,13,15,14 2
klein_715893_35 29 6,7,28,14,21;2,10,9,19,18;1,10,11,3,18;2,11,4,25,18;3,11,12,17,25;13,15,22,26,14;0,7,14,13,21;0,28,13,21,14,6;9,27,15,22,24,20,16;1,19,27,8,16,10;1,2,11,16,9;2,3,4,12,16,10;4,11,16,23,22,24,17;5,15,28,7,21,6,14;0,28,15,27,17,24,20,26,5,13,6,7,21;5,13,28,14,27,8,22;8,9,10,11,12,23,20;4,12,24,14,27,19,25;1,2,3,25,19;1,9,27,17,25,18;8,16,23,26,14,24;0,14,7,13,6;5,15,8,24,12,23,26;12,16,20,26,22;8,20,14,17,12,22;3,4,17,19,18;5,14,20,23,22;8,9,19,17,14,15;0,7,13,15,14 3
klein_715893_35 29 6,7,28,14,21;2,10,9,19,18;1,10,11,3,18;2,11,4,25,18;3,11,12,17,25;13,15,22,26,14;0,7,14,13,21;0,28,13,21,14,6;9,27,15,22,24,20,16;1,19,27,8,16,10;1,2,11,16,9;2,3,4,12,16,10;4,11,16,23,22,24,17;5,15,28,7,21,6,14;0,28,15,27,17,24,20,26,5,13,6,7,21;5,13,28,14,27,8,22;8,9,10,11,12,23,20;4,12,24,14,27,19,25;1,2,3,25,19;1,9,27,17,25,18;8,16,23,26,14,24;0,14,7,13,6;5,15,8,24,12,23,26;12,16,20,26,22;8,20,14,17,12,22;3,4,17,19,18;5,14,20,23,22;8,9,19,17,14,15;0,7,13,15,14 4
klein_715893_35 29 6,7,28,14,21;2,10,9,19,18;1,10,11,3,18;2,11,4,25,18;3,11,12,17,25;13,15,22,26,14;0,7,14,13,21;0,28,13,21,14,6;9,27,15,22,24,20,16;1,19,27,8,16,10;1,2,11,16,9;2,3,4,12,16,10;4,11,16,23,22,24,17;5,15,28,7,21,6,14;0,28,15,27,17,24,20,26,5,13,6,7,21;5,13,28,14,27,8,22;8,9,10,11,12,23,20;4,12,24,14,27,19,25;1,2,3,25,19;1,9,27,17,25,18;8,16,23,26,14,24;0,14,7,13,6;5,15,8,24,12,23,26;12,16,20,26,22;8,20,14,17,12,22;3,4,17,19,18;5,14,20,23,22;8,9,19,17,14,15;0,7,13,15,14 5
klein_715893_35 29 6,7,28,14,21;2,10,9,19,18;1,10,11,3,18;2,11,4,25,18;3,11,12,17,25;13,15,22,26,14;0,7,14,13,21;0,28,13,21,14,6;9,27,15,22,24,20,16;1,19,27,8,16,10;1,2,11,16,9;2,3,4,12,16,10;4,11,16,23,22,24,17;5,15,28,7,21,6,14;0,28,15,27,17,24,20,26,5,13,6,7,21;5,13,28,14,27,8,22;8,9,10,11,12,23,20;4,12,24,14,27,19,25;1,2,3,25,19;1,9,27,17,25,18;8,16,23,26,14,24;0,14,7,13,6;5,15,8,24,12,23,26;12,16,20,26,22;8,20,14,17,12,22;3,4,17,19,18;5,14,20,23,22;8,9,19,17,14,15;0,7,13,15,14 10
klein_715893_35 29 6,7,28,14,21;2,10,9,19,18;1,10,11,3,18;2,11,4,25,18;3,11,12,17,25;13,15,22,26,14;0,7,14,13,21;0,28,13,21,14,6;9,27,15,22,24,20,16;1,19,27,8,16,10;1,2,11,16,9;2,3,4,12,16,10;4,11,16,23,22,24,17;5,15,28,7,21,6,14;0,28,15,27,17,24,20,26,5,13,6,7,21;5,13,28,14,27,8,22;8,9,10,11,12,23,20;4,12,24,14,27,19,25;1,2,3,25,19;1,9,27,17,25,18;8,16,23,26,14,24;0,14,7,13,6;5,15,8,24,12,23,26;12,16,20,26,22;8,20,14,17,12,22;3,4,17,19,18;5,14,20,23,22;8,9,19,17,14,15;0,7,13,15,14 18
klein_715893_35 29 6,7,28,14,21;2,10,9,19,18;1,10,11,3,18;2,11,4,25,18;3,11,12,17,25;13,15,22,26,14;0,7,14,13,21;0,28,13,21,14,6;9,27,15,22,24,20,16;1,19,27,8,16,10;1,2,11,16,9;2,3,4,12,16,10;4,11,16,23,22,24,17;5,15,28,7,21,6,14;0,28,15,27,17,24,20,26,5,13,6,7,21;5,13,28,14,27,8,22;8,9,10,11,12,23,20;4,12,24,14,27,19,25;1,2,3,25,19;1,9,27,17,25,18;8,16,23,26,14,24;0,14,7,13,6;5,15,8,24,12,23,26;12,16,20,26,22;8,20,14,17,12,22;3,4,17,19,18;5,14,20,23,22;8,9,19,17,14,15;0,7,13,15,14 23
klein_715893_35 29 6,7,28,14,21;2,10,9,19,18;1,10,11,3,18;2,11,4,25,18;3,11,12,17,25;13,15,22,26,14;0,7,14,13,21;0,28,13,21,14,6;9,27,15,22,24,20,16;1,19,27,8,16,10;1,2,11,16,9;2,3,4,12,16,10;4,11,16,23,22,24,17;5,15,28,7,21,6,14;0,28,15,27,17,24,20,26,5,13,6,7,21;5,13,28,14,27,8,22;8,9,10,11,12,23,20;4,12,24,14,27,19,25;1,2,3,25,19;1,9,27,17,25,18;8,16,23,26,14,24;0,14,7,13,6;5,15,8,24,12,23,26;12,16,20,26,22;8,20,14,17,12,22;3,4,17,19,18;5,14,20,23,22;8,9,19,17,14,15;0,7,13,15,14 25
klein_715893_35 29 6,7,28,14,21;2,10,9,19,18;1,10,11,3,18;2,11,4,25,18;3,11,12,17,25;13,15,22,26,14;0,7,14,13,21;0,28,13,21,14,6;9,27,15,22,24,20,16;1,19,27,8,16,10;1,2,11,16,9;2,3,4,12,16,10;4,11,16,23,22,24,17;5,15,28,7,21,6,14;0,28,15,27,17,24,20,26,5,13,6,7,21;5,13,28,14,27,8,22;8,9,10,11,12,23,20;4,12,24,14,27,19,25;1,2,3,25,19;1,9,27,17,25,18;8,16,23,26,14,24;0,14,7,13,6;5,15,8,24,12,23,26;12,16,20,26,22;8,20,14,17,12,22;3,4,17,19,18;5,14,20,23,22;8,9,19,17,14,15;0,7,13,15,14 26
klein_715893_35 29 6,7,28,14,21;2,10,9,19,18;1,10,11,3,18;2,11,4,25,18;3,11,12,17,25;13,15,22,26,14;0,7,14,13,21;0,28,13,21,14,6;9,27,15,22,24,20,16;1,19,27,8,16,10;1,2,11,16,9;2,3,4,12,16,10;4,11,16,23,22,24,17;5,15,28,7,21,6,14;0,28,15,27,17,24,20,26,5,13,6,7,21;5,13,28,14,27,8,22;8,9,10,11,12,23,20;4,12,24,14,27,19,25;1,2,3,25,19;1,9,27,17,25,18;8,16,23,26,14,24;0,14,7,13,6;5,15,8,24,12,23,26;12,16,20,26,22;8,20,14,17,12,22;3,4,17,19,18;5,14,20,23,22;8,9,19,17,14,15;0,7,13,15,14 28
klein_715893_36 27 1,3,7,9,10,12,6,18,24;0,3,11,25,2,23,24;1,23,22,13,15,25;0,1,11,4,26,7;3,11,14,19,21,15,26;9,10,16,21,19;0,12,13,10,8,18;0,9,20,26,3;6,10,12,17,18;0,7,20,19,5,10;0,9,5,16,13,6,8,12;1,3,4,14,25;0,6,13,22,17,8,10;2,22,12,6,10,16,15;4,11,25,15,19;2,13,16,21,4,26,20,19,14,25;5,10,13,15,21;8,12,22,23,24,18;0,6,8,17,24;4,21,5,9,20,15,14;7,9,19,15,26;4,19,5,16,15;2,13,12,17,23;1,2,22,17,24;0,1,23,17,18;1,2,15,14,11;3,7,20,15,4 18
klein_715893_36 27 1,3,7,9,10,12,6,18,24;0,3,11,25,2,23,24;1,23,22,13,15,25;0,1,11,4,26,7;3,11,14,19,21,15,26;9,10,16,21,19;0,12,13,10,8,18;0,9,20,26,3;6,10,12,17,18;0,7,20,19,5,10;0,9,5,16,13,6,8,12;1,3,4,14,25;0,6,13,22,17,8,10;2,22,12,6,10,16,15;4,11,25,15,19;2,13,16,21,4,26,20,19,14,25;5,10,13,15,21;8,12,22,23,24,18;0,6,8,17,24;4,21,5,9,20,15,14;7,9,19,15,26;4,19,5,16,15;2,13,12,17,23;1,2,22,17,24;0,1,23,17,18;1,2,15,14,11;3,7,20,15,4 20
