klein_c32_w6_t625 30 6,11,24,17,22,28;2,16,13,14,7,27;1,16,12,22,25,27;7,8,26,25,27;5,28,22,12,11;4,28,6,10,9,23,20,11;0,11,12,10,5,28;1,27,3,8,14;3,7,14,21,26;5,10,19,15,23;5,6,12,19,9;0,6,12,4,5,20,24;2,16,18,19,10,6,11,4,22;1,14,29,18,16;1,7,8,21,29,13;9,19,21,29,23;1,2,12,18,13;0,24,29,19,22;12,16,13,29,19;9,10,12,18,29,17,22,21,15;5,11,24,29,23;8,14,29,15,19,22,26;0,28,4,12,2,25,26,21,19,17;5,9,15,29,20;0,17,29,20,11;2,27,3,26,22;3,8,21,22,25;1,7,3,25,2;0,22,4,5,6;13,14,21,15,23,20,24,17,19,18 4
klein_c32_w15_t678 28 6,19,11,22,7;6,7,27,15,26,23;5,12,11,15,14;4,24,13,18,11,22;3,24,20,26,23,22;2,12,17,16,14;0,19,25,23,1,7;0,6,1,27,20,21,22;9,10,16,14,15,27;8,10,13,24,27;8,9,13,18,17,16;0,19,15,2,12,18,3,22;2,11,18,17,5;3,24,9,10,18;2,5,16,8,15;1,27,8,14,2,11,19,21,20,26;5,14,8,10,17;5,12,18,10,16;3,11,12,17,10,13;0,6,25,21,15,11;4,24,27,7,21,15,26;7,22,25,19,15,20;0,11,3,4,23,25,21,7;1,6,25,22,4,26;3,4,20,27,9,13;6,19,21,22,23;1,15,20,4,23;1,7,20,24,9,8,15 25
klein_c32_w15_t975 28 1,6,19,15,11,22,21,7;0,6,23,26,15,27,7;5,12,11,15,14;11,22,24,13,18;20,24,22,23,26;2,12,17,16,14;0,19,25,23,1;0,1,27,20,21;9,10,16,14,15,27;8,10,13,24,27;8,9,13,18,17,16;0,15,2,12,18,3,22;2,11,18,17,5;3,24,9,10,18;2,5,16,8,15;0,11,2,14,8,27,1,26,20,21,19;5,14,8,10,17;5,12,18,10,16;3,11,12,17,10,13;0,6,25,21,15;4,24,27,7,21,15,26;0,7,20,15,19,25,22;0,21,25,23,4,24,3,11;1,6,25,22,4,26;3,22,4,20,27,9,13;6,19,21,22,23;1,15,20,4,23;1,7,20,24,9,8,15 7
klein_c32_w15_t995 28 6,19,11,22,21,7;6,7,27,15,26,23;5,12,11,15,14;11,22,24,13,18;20,24,22,23,26;2,12,17,16,14;0,19,25,23,1,7;0,6,1,27,20,21;9,10,16,14,15,27;8,10,13,24,27;8,9,13,18,17,16;0,19,15,2,12,18,3,22;2,11,18,17,5;3,24,9,10,18;2,5,16,8,15;1,27,8,14,2,11,19,21,20,26;5,14,8,10,17;5,12,18,10,16;3,11,12,17,10,13;0,6,25,21,15,11;4,24,27,7,21,15,26;0,7,20,15,19,25,22;0,21,25,23,4,24,3,11;1,6,25,22,4,26;3,22,4,20,27,9,13;6,19,21,22,23;1,15,20,4,23;1,7,20,24,9,8,15 25
klein_c32_w15_t1002 28 6,19,11,22,21,7;6,7,27,15,26,23;5,12,11,15,14;11,22,24,13,18;20,27,24,22,23,26;2,12,17,16,14;0,19,25,23,1,7;0,6,1,27,20,21;9,10,16,14,15,27;8,10,13,24,27;8,9,13,18,17,16;0,19,15,2,12,18,3,22;2,11,18,17,5;3,24,9,10,18;2,5,16,8,15;1,27,8,14,2,11,19,21,20,26;5,14,8,10,17;5,12,18,10,16;3,11,12,17,10,13;0,6,25,21,15,11;4,27,7,21,15,26;0,7,20,15,19,25,22;0,21,25,23,4,24,3,11;1,6,25,22,4,26;3,22,4,27,9,13;6,19,21,22,23;1,15,20,4,23;1,7,20,4,24,9,8,15 25
klein_c32_w15_t1047 28 6,19,11,22,21,7;6,7,27,15,26,23;5,12,11,15,14;4,22,11,18,13,24;3,22,23,26,20,24;2,12,17,16,14;0,19,25,23,1,7;0,6,1,27,20,21;9,10,16,14,15,27;8,10,13,24,27;8,9,13,18,17,16;0,19,15,2,12,18,3,22;2,11,18,17,5;3,24,9,10,18;2,5,16,8,15;1,27,8,14,2,11,19,21,20,26;5,14,8,10,17;5,12,18,10,16;3,11,12,17,10,13;0,6,25,21,15,11;4,24,27,7,21,15,26;0,7,20,15,19,25,22;0,21,25,23,4,3,11;1,6,25,22,4,26;3,13,9,27,20,4;6,19,21,22,23;1,15,20,4,23;1,7,20,24,9,8,15 25
klein_c32_w15_t1098 28 6,19,11,22,7;6,7,27,15,26,23;5,12,11,15,14;11,22,24,13,18;20,24,22,23,26;2,12,17,16,14;0,19,25,23,1,7;0,6,1,27,20,21,22;9,10,16,14,15,27;8,10,13,24,27;8,9,13,18,17,16;0,19,15,2,12,18,3,22;2,11,18,17,5;3,24,9,10,18;2,5,16,8,15;1,27,8,14,2,11,19,21,20,26;5,14,8,10,17;5,12,18,10,16;3,11,12,17,10,13;0,6,25,21,15,11;4,24,27,7,21,15,26;7,22,25,19,15,20;0,7,21,25,23,4,24,3,11;1,6,25,22,4,26;3,22,4,20,27,9,13;6,19,21,22,23;1,15,20,4,23;1,7,20,24,9,8,15 25
klein_c32_w15_t1182 28 6,19,15,11,22,21,7;6,7,27,15,26,23;5,12,11,15,14;11,22,24,13,18;20,24,22,23,26;2,12,17,16,14;0,19,25,23,1,7;0,6,1,27,20,21;9,10,16,14,15,27;8,10,13,24,27;8,9,13,18,17,16;0,15,2,12,18,3,22;2,11,18,17,5;3,24,9,10,18;2,5,16,8,15;0,11,2,14,8,27,1,26,20,21,19;5,14,8,10,17;5,12,18,10,16;3,11,12,17,10,13;0,6,25,21,15;4,24,27,7,21,15,26;0,7,20,15,19,25,22;0,21,25,23,4,24,3,11;1,6,25,22,4,26;3,22,4,20,27,9,13;6,19,21,22,23;1,15,20,4,23;1,7,20,24,9,8,15 25
klein_c32_w23_t1154 28 6,8,11,17,10,23;8,15,22,12,19;3,16,20,24,26,22,27;2,16,4,25,27;3,16,10,17,25;6,8,7,14,13,21;0,8,5,21,23;5,8,19,13,21,23,12,14;0,6,5,7,19,1,15,11;12,20,16,26,22;0,23,12,24,26,16,4,17;0,8,15,18,17;1,22,9,20,24,10,23,7,14,19;5,21,7,19,14;5,7,12,19,13;1,22,18,11,8;2,3,4,10,26,9,20;0,10,4,25,18,11;11,15,22,27,25,17;1,8,7,13,14,12;2,24,12,9,16;5,13,7,23,6;1,15,18,27,2,26,9,12;0,10,12,7,21,6;2,20,12,10,26;3,4,17,18,27;2,24,10,16,9,22;2,3,25,18,22 6
klein_c32_w33_t590 29 6,13,18,7,15;3,20,9,10,25;5,14,21,20,26,22,19,16,7,15;1,20,21,27,5,6,13,25;5,28,22,26,8,27;2,14,28,4,27,3,6,15;0,13,3,5,15;0,15,2,16,18;4,26,20,23,14,27;1,20,16,11,10;1,9,11,12,25;9,16,18,12,10;10,11,18,13,25;0,6,3,25,12,18;2,5,28,24,23,8,27,21;0,7,2,5,6;2,7,18,11,9,20,17,19;16,19,24,23,20;0,7,16,11,12,13;2,22,28,24,17,16;1,3,21,2,26,8,23,17,16,9;2,20,3,27,14;2,19,28,4,26;8,20,17,24,14;14,23,17,19,28;1,10,12,13,3;2,22,4,8,20;3,5,4,8,14,21;4,5,14,24,19,22 22
klein_c32_w33_t590 29 6,13,18,7,15;3,20,9,10,25;5,14,21,20,26,22,19,16,7,15;1,20,21,27,5,6,13,25;5,28,22,26,8,27;2,14,28,4,27,3,6,15;0,13,3,5,15;0,15,2,16,18;4,26,20,23,14,27;1,20,16,11,10;1,9,11,12,25;9,16,18,12,10;10,11,18,13,25;0,6,3,25,12,18;2,5,28,24,23,8,27,21;0,7,2,5,6;2,7,18,11,9,20,17,19;16,19,24,23,20;0,7,16,11,12,13;2,22,28,24,17,16;1,3,21,2,26,8,23,17,16,9;2,20,3,27,14;2,19,28,4,26;8,20,17,24,14;14,23,17,19,28;1,10,12,13,3;2,22,4,8,20;3,5,4,8,14,21;4,5,14,24,19,22 24
klein_c32_w33_t600 29 6,13,18,7,15;3,20,9,10,25;5,14,21,20,26,22,16,7,15;1,20,21,27,5,6,13,25;5,28,22,26,8,27;2,14,28,4,27,3,6,15;0,13,3,5,15;0,15,2,16,18;4,26,20,23,14,27;1,20,16,11,10;1,9,11,12,25;9,16,18,12,10;10,11,18,13,25;0,6,3,25,12,18;2,5,28,24,23,8,27,21;0,7,2,5,6;2,7,18,11,9,20,17,19,22;16,19,24,23,20;0,7,16,11,12,13;16,17,24,28,22;1,3,21,2,26,8,23,17,16,9;2,20,3,27,14;2,16,19,28,4,26;8,20,17,24,14;14,23,17,19,28;1,10,12,13,3;2,22,4,8,20;3,5,4,8,14,21;4,5,14,24,19,22 19
klein_c32_w33_t600 29 6,13,18,7,15;3,20,9,10,25;5,14,21,20,26,22,16,7,15;1,20,21,27,5,6,13,25;5,28,22,26,8,27;2,14,28,4,27,3,6,15;0,13,3,5,15;0,15,2,16,18;4,26,20,23,14,27;1,20,16,11,10;1,9,11,12,25;9,16,18,12,10;10,11,18,13,25;0,6,3,25,12,18;2,5,28,24,23,8,27,21;0,7,2,5,6;2,7,18,11,9,20,17,19,22;16,19,24,23,20;0,7,16,11,12,13;16,17,24,28,22;1,3,21,2,26,8,23,17,16,9;2,20,3,27,14;2,16,19,28,4,26;8,20,17,24,14;14,23,17,19,28;1,10,12,13,3;2,22,4,8,20;3,5,4,8,14,21;4,5,14,24,19,22 23
klein_c32_w33_t610 29 6,13,18,7,15;3,20,9,10,25;5,14,21,20,26,22,16,7,15;1,20,21,27,5,6,13,25;5,28,22,26,8,27;2,14,24,28,4,27,3,6,15;0,13,3,5,15;0,15,2,16,18;4,26,20,23,14,27;1,20,16,11,10;1,9,11,12,25;9,16,18,12,10;10,11,18,13,25;0,6,3,25,12,18;2,5,24,23,8,27,21;0,7,2,5,6;2,7,18,11,9,20,17,19,22;16,19,24,23,20;0,7,16,11,12,13;16,17,24,28,22;1,3,21,2,26,8,23,17,16,9;2,20,3,27,14;2,16,19,28,4,26;8,20,17,24,14;5,14,23,17,19,28;1,10,12,13,3;2,22,4,8,20;3,5,4,8,14,21;4,5,24,19,22 17
klein_c32_w33_t610 29 6,13,18,7,15;3,20,9,10,25;5,14,21,20,26,22,16,7,15;1,20,21,27,5,6,13,25;5,28,22,26,8,27;2,14,24,28,4,27,3,6,15;0,13,3,5,15;0,15,2,16,18;4,26,20,23,14,27;1,20,16,11,10;1,9,11,12,25;9,16,18,12,10;10,11,18,13,25;0,6,3,25,12,18;2,5,24,23,8,27,21;0,7,2,5,6;2,7,18,11,9,20,17,19,22;16,19,24,23,20;0,7,16,11,12,13;16,17,24,28,22;1,3,21,2,26,8,23,17,16,9;2,20,3,27,14;2,16,19,28,4,26;8,20,17,24,14;5,14,23,17,19,28;1,10,12,13,3;2,22,4,8,20;3,5,4,8,14,21;4,5,24,19,22 19
klein_c32_w33_t610 29 6,13,18,7,15;3,20,9,10,25;5,14,21,20,26,22,16,7,15;1,20,21,27,5,6,13,25;5,28,22,26,8,27;2,14,24,28,4,27,3,6,15;0,13,3,5,15;0,15,2,16,18;4,26,20,23,14,27;1,20,16,11,10;1,9,11,12,25;9,16,18,12,10;10,11,18,13,25;0,6,3,25,12,18;2,5,24,23,8,27,21;0,7,2,5,6;2,7,18,11,9,20,17,19,22;16,19,24,23,20;0,7,16,11,12,13;16,17,24,28,22;1,3,21,2,26,8,23,17,16,9;2,20,3,27,14;2,16,19,28,4,26;8,20,17,24,14;5,14,23,17,19,28;1,10,12,13,3;2,22,4,8,20;3,5,4,8,14,21;4,5,24,19,22 21
klein_c32_w33_t610 29 6,13,18,7,15;3,20,9,10,25;5,14,21,20,26,22,16,7,15;1,20,21,27,5,6,13,25;5,28,22,26,8,27;2,14,24,28,4,27,3,6,15;0,13,3,5,15;0,15,2,16,18;4,26,20,23,14,27;1,20,16,11,10;1,9,11,12,25;9,16,18,12,10;10,11,18,13,25;0,6,3,25,12,18;2,5,24,23,8,27,21;0,7,2,5,6;2,7,18,11,9,20,17,19,22;16,19,24,23,20;0,7,16,11,12,13;16,17,24,28,22;1,3,21,2,26,8,23,17,16,9;2,20,3,27,14;2,16,19,28,4,26;8,20,17,24,14;5,14,23,17,19,28;1,10,12,13,3;2,22,4,8,20;3,5,4,8,14,21;4,5,24,19,22 23
klein_c32_w33_t610 29 6,13,18,7,15;3,20,9,10,25;5,14,21,20,26,22,16,7,15;1,20,21,27,5,6,13,25;5,28,22,26,8,27;2,14,24,28,4,27,3,6,15;0,13,3,5,15;0,15,2,16,18;4,26,20,23,14,27;1,20,16,11,10;1,9,11,12,25;9,16,18,12,10;10,11,18,13,25;0,6,3,25,12,18;2,5,24,23,8,27,21;0,7,2,5,6;2,7,18,11,9,20,17,19,22;16,19,24,23,20;0,7,16,11,12,13;16,17,24,28,22;1,3,21,2,26,8,23,17,16,9;2,20,3,27,14;2,16,19,28,4,26;8,20,17,24,14;5,14,23,17,19,28;1,10,12,13,3;2,22,4,8,20;3,5,4,8,14,21;4,5,24,19,22 28
klein_c32_w33_t621 29 6,13,18,7,15;3,20,9,10,25;5,14,21,20,26,22,16,7,15;1,20,21,27,5,6,13,25;5,22,26,8,27;2,14,28,22,4,27,3,6,15;0,13,3,5,15;0,15,2,16,18;4,26,20,23,14,27;1,20,16,11,10;1,9,11,12,25;9,16,18,12,10;10,11,18,13,25;0,6,3,25,12,18;2,5,28,24,23,8,27,21;0,7,2,5,6;2,7,18,11,9,20,17,19,22;16,19,24,23,20;0,7,16,11,12,13;16,17,24,28,22;1,3,21,2,26,8,23,17,16,9;2,20,3,27,14;2,16,19,28,5,4,26;8,20,17,24,14;14,23,17,19,28;1,10,12,13,3;2,22,4,8,20;3,5,4,8,14,21;5,22,19,24,14 21
klein_c32_w33_t623 29 6,13,18,7,15;3,20,9,10,25;5,14,21,20,26,22,16,7,15;1,20,21,27,5,6,13,25;5,14,28,22,26,8,27;2,14,4,27,3,6,15;0,13,3,5,15;0,15,2,16,18;4,26,20,23,14,27;1,20,16,11,10;1,9,11,12,25;9,16,18,12,10;10,11,18,13,25;0,6,3,25,12,18;2,5,4,28,24,23,8,27,21;0,7,2,5,6;2,7,18,11,9,20,17,19,22;16,19,24,23,20;0,7,16,11,12,13;16,17,24,28,22;1,3,21,2,26,8,23,17,16,9;2,20,3,27,14;2,16,19,28,4,26;8,20,17,24,14;14,23,17,19,28;1,10,12,13,3;2,22,4,8,20;3,5,4,8,14,21;4,22,19,24,14 21
klein_c32_w33_t664 29 6,13,18,7,15;3,20,9,10,25;5,14,21,20,26,22,16,7,15;1,20,21,27,5,6,13,25;5,28,26,8,27;2,14,24,28,4,27,3,6,15;0,13,3,5,15;0,15,2,16,18;4,26,20,23,14,27;1,20,16,11,10;1,9,11,12,25;9,16,18,12,10;10,11,18,13,25;0,6,3,25,12,18;2,5,24,23,8,27,21;0,7,2,5,6;2,7,18,11,9,20,17,19,22;16,19,24,23,20;0,7,16,11,12,13;16,17,24,28,22;1,3,21,2,26,8,23,17,16,9;2,20,3,27,14;2,16,19,28,26;8,20,17,24,14;5,14,23,17,19,28;1,10,12,13,3;2,22,28,4,8,20;3,5,4,8,14,21;4,26,22,19,24,5 4
klein_c32_w33_t664 29 6,13,18,7,15;3,20,9,10,25;5,14,21,20,26,22,16,7,15;1,20,21,27,5,6,13,25;5,28,26,8,27;2,14,24,28,4,27,3,6,15;0,13,3,5,15;0,15,2,16,18;4,26,20,23,14,27;1,20,16,11,10;1,9,11,12,25;9,16,18,12,10;10,11,18,13,25;0,6,3,25,12,18;2,5,24,23,8,27,21;0,7,2,5,6;2,7,18,11,9,20,17,19,22;16,19,24,23,20;0,7,16,11,12,13;16,17,24,28,22;1,3,21,2,26,8,23,17,16,9;2,20,3,27,14;2,16,19,28,26;8,20,17,24,14;5,14,23,17,19,28;1,10,12,13,3;2,22,28,4,8,20;3,5,4,8,14,21;4,26,22,19,24,5 21
klein_c32_w33_t698 29 6,13,18,7,15;3,20,9,10,25;5,14,21,20,22,16,7,15;1,20,21,27,5,6,13,25;5,28,26,8,27;2,14,28,4,27,3,6,15;0,13,3,5,15;0,15,2,16,18;4,26,20,23,14,27;1,20,16,11,10;1,9,11,12,25;9,16,18,12,10;10,11,18,13,25;0,6,3,25,12,18;2,5,28,24,23,8,27,21;0,7,2,5,6;2,7,18,11,9,20,17,19,22;16,19,24,23,20;0,7,16,11,12,13;16,17,24,28,22;1,3,21,2,22,26,8,23,17,16,9;2,20,3,27,14;2,16,19,28,26,20;8,20,17,24,14;14,23,17,19,28;1,10,12,13,3;4,28,22,20,8;3,5,4,8,14,21;4,26,22,19,24,14,5 4
klein_c32_w33_t718 29 6,13,18,7,15;3,20,9,10,25;5,14,21,20,26,22,16,7,15;1,20,21,27,5,6,13,25;5,28,26,8,27;2,14,28,4,27,3,6,15;0,13,3,5,15;0,15,2,16,18;4,26,20,23,27;1,20,16,11,10;1,9,11,12,25;9,16,18,12,10;10,11,18,13,25;0,6,3,25,12,18;2,5,28,24,23,27,21;0,7,2,5,6;2,7,18,11,9,20,17,19,22;16,19,24,23,20;0,7,16,11,12,13;16,17,24,28,22;1,3,21,2,26,8,23,17,16,9;2,20,3,27,14;2,16,19,28,26;8,20,17,24,14,27;14,23,17,19,28;1,10,12,13,3;2,22,28,4,8,20;3,5,4,8,23,14,21;4,26,22,19,24,14,5 21
klein_c32_w41_t1416 28 3,4,24,18,21,25,9,15;2,7,4,24,23;1,7,13,8,23;0,4,7,13,5,16,11,15;0,3,7,1,24;3,13,8,10,6,16;5,10,12,20,14,26,16;1,4,3,13,2;2,13,5,10,22,23;0,15,26,14,25;5,6,12,22,8;3,15,14,27,16;6,10,22,17,19,20;2,7,3,5,8;6,26,9,25,15,11,27,20;0,3,11,14,25,21,16,26,9;3,5,6,26,15,21,27,11;12,19,18,24,23,22;0,21,27,19,17,24;12,17,18,27,20;6,14,27,19,12;0,18,27,16,15,25;8,10,12,17,23;1,24,17,22,8,2;0,4,1,23,17,18;0,9,14,15,21;6,14,9,15,16;11,16,21,18,19,20,14 11
klein_c32_w73_t1051 27 7,15,20,14,9;2,12,5,18,25,19;1,12,4,8,23,19;7,8,13,25,18;2,8,7,9,22,12;1,12,17,15,7,19,23,18;16,24,17,20,21;0,15,5,19,26,18,3,8,4,9;2,4,7,3,13,23;0,7,4,22,14;11,16,21,14,22;10,16,24,12,22;1,2,4,22,11,24,17,5;3,8,23,26,25;0,20,21,10,22,9;0,7,5,17,20;6,24,11,10,21;5,15,20,6,24,12;1,5,23,26,7,3,25;1,2,23,5,7,26,25;0,14,21,6,17,15;6,20,14,10,16;4,12,11,10,14,9;2,8,13,26,18,5,19;6,16,11,12,17;1,19,26,13,3,18;7,18,23,13,25,19 3
klein_c32_w73_t1171 27 7,15,20,14,9;2,12,5,23,18,25,19;1,12,4,23,19;7,8,13,25,18;2,23,8,7,9,22,12;1,12,17,15,7,19,23;16,24,17,20,21;0,15,5,19,26,18,3,8,4,9;3,7,4,23,13;0,7,4,22,14;11,16,21,14,22;10,16,24,12,22;1,2,4,22,11,24,17,5;3,8,23,26,25;0,20,21,10,22,9;0,7,5,17,20;6,24,11,10,21;5,15,20,6,24,12;1,23,26,7,3,25;1,2,23,5,7,26,25;0,14,21,6,17,15;6,20,14,10,16;4,12,11,10,14,9;1,5,19,2,4,8,13,26,18;6,16,11,12,17;1,19,26,13,3,18;7,18,23,13,25,19 13
klein_c32_w73_t1183 27 7,15,20,14,9;2,12,5,18,25,19;1,12,4,23,19;7,8,13,25,18;2,23,8,7,9,22,12;1,12,17,15,7,19,23,18;16,24,17,20,21;0,15,5,19,26,18,3,8,4,9;3,7,4,23,13;0,7,4,22,14;11,16,21,14,22;10,16,24,12,22;1,2,4,22,11,24,17,5;3,8,23,18,26,25;0,20,21,10,22,9;0,7,5,17,20;6,24,11,10,21;5,15,20,6,24,12;1,5,23,13,26,7,3,25;1,2,23,5,7,26,25;0,14,21,6,17,15;6,20,14,10,16;4,12,11,10,14,9;2,4,8,13,18,5,19;6,16,11,12,17;1,19,26,13,3,18;7,18,13,25,19 8
klein_c32_w73_t1183 27 7,15,20,14,9;2,12,5,18,25,19;1,12,4,23,19;7,8,13,25,18;2,23,8,7,9,22,12;1,12,17,15,7,19,23,18;16,24,17,20,21;0,15,5,19,26,18,3,8,4,9;3,7,4,23,13;0,7,4,22,14;11,16,21,14,22;10,16,24,12,22;1,2,4,22,11,24,17,5;3,8,23,18,26,25;0,20,21,10,22,9;0,7,5,17,20;6,24,11,10,21;5,15,20,6,24,12;1,5,23,13,26,7,3,25;1,2,23,5,7,26,25;0,14,21,6,17,15;6,20,14,10,16;4,12,11,10,14,9;2,4,8,13,18,5,19;6,16,11,12,17;1,19,26,13,3,18;7,18,13,25,19 26
klein_c32_w73_t1196 27 7,15,20,14,9;2,12,5,18,25,19;1,12,4,23,19;7,8,13,25,18;2,23,8,7,9,22,12;1,12,17,15,7,19,23,13,18;16,24,17,20,21;0,15,5,19,26,18,3,8,4,9;3,7,4,23,13;0,7,4,22,14;11,16,21,14,22;10,16,24,12,22;1,2,4,22,11,24,17,5;3,8,23,5,18,26,25;0,20,21,10,22,9;0,7,5,17,20;6,24,11,10,21;5,15,20,6,24,12;1,5,13,26,7,3,25;1,2,23,5,7,26,25;0,14,21,6,17,15;6,20,14,10,16;4,12,11,10,14,9;2,4,8,13,5,19;6,16,11,12,17;1,19,26,13,3,18;7,18,13,25,19 8
klein_c32_w73_t1196 27 7,15,20,14,9;2,12,5,18,25,19;1,12,4,23,19;7,8,13,25,18;2,23,8,7,9,22,12;1,12,17,15,7,19,23,13,18;16,24,17,20,21;0,15,5,19,26,18,3,8,4,9;3,7,4,23,13;0,7,4,22,14;11,16,21,14,22;10,16,24,12,22;1,2,4,22,11,24,17,5;3,8,23,5,18,26,25;0,20,21,10,22,9;0,7,5,17,20;6,24,11,10,21;5,15,20,6,24,12;1,5,13,26,7,3,25;1,2,23,5,7,26,25;0,14,21,6,17,15;6,20,14,10,16;4,12,11,10,14,9;2,4,8,13,5,19;6,16,11,12,17;1,19,26,13,3,18;7,18,13,25,19 26
klein_c32_w73_t1198 27 7,15,20,14,9;2,12,5,18,25,26,19;1,12,4,23,19;7,8,13,25,18;2,23,8,7,9,22,12;1,12,17,15,7,19,23,18;16,24,17,20,21;0,15,5,19,26,18,3,8,4,9;3,7,4,23,13;0,7,4,22,14;11,16,21,14,22;10,16,24,12,22;1,2,4,22,11,24,17,5;3,8,23,18,26,25;0,20,21,10,22,9;0,7,5,17,20;6,24,11,10,21;5,15,20,6,24,12;1,5,23,13,26,7,3,25;1,2,23,5,7,26;0,14,21,6,17,15;6,20,14,10,16;4,12,11,10,14,9;2,4,8,13,18,5,19;6,16,11,12,17;1,18,3,13,26;1,19,7,18,13,25 8
klein_c32_w73_t1211 27 7,15,20,14,9;2,12,18,25,19;1,12,4,23,19;7,8,13,25,18;2,23,8,7,9,22,12;7,15,17,12,18,23,19;16,24,17,20,21;0,15,5,19,26,18,3,8,4,9;3,7,4,23,13;0,7,4,22,14;11,16,21,14,22;10,16,24,12,22;1,2,4,22,11,24,17,5,18;3,8,23,18,26,25;0,20,21,10,22,9;0,7,5,17,20;6,24,11,10,21;5,15,20,6,24,12;1,12,5,23,13,26,7,3,25;1,2,23,5,7,26,25;0,14,21,6,17,15;6,20,14,10,16;4,12,11,10,14,9;2,4,8,13,18,5,19;6,16,11,12,17;1,19,26,13,3,18;7,18,13,25,19 1
klein_c32_w73_t1211 27 7,15,20,14,9;2,12,18,25,19;1,12,4,23,19;7,8,13,25,18;2,23,8,7,9,22,12;7,15,17,12,18,23,19;16,24,17,20,21;0,15,5,19,26,18,3,8,4,9;3,7,4,23,13;0,7,4,22,14;11,16,21,14,22;10,16,24,12,22;1,2,4,22,11,24,17,5,18;3,8,23,18,26,25;0,20,21,10,22,9;0,7,5,17,20;6,24,11,10,21;5,15,20,6,24,12;1,12,5,23,13,26,7,3,25;1,2,23,5,7,26,25;0,14,21,6,17,15;6,20,14,10,16;4,12,11,10,14,9;2,4,8,13,18,5,19;6,16,11,12,17;1,19,26,13,3,18;7,18,13,25,19 26
klein_c32_w73_t1232 27 7,15,20,14,9;2,12,5,23,18,25,19;1,12,4,23,19;7,8,13,25,18;2,23,8,7,9,22,12;1,12,17,15,7,19,23;16,24,17,20,21;0,15,5,19,26,18,3,8,4,9;3,7,4,23,13;0,7,4,22,14;11,16,21,14,22;10,16,24,12,22;1,2,4,22,11,24,17,5;3,8,23,18,26,25;0,20,21,10,22,9;0,7,5,17,20;6,24,11,10,21;5,15,20,6,24,12;1,23,13,26,7,3,25;1,2,23,5,7,26,25;0,14,21,6,17,15;6,20,14,10,16;4,12,11,10,14,9;1,5,19,2,4,8,13,18;6,16,11,12,17;1,19,26,13,3,18;7,18,13,25,19 8
klein_c32_w73_t1254 27 7,15,20,14,9;2,12,5,18,25,19;1,12,4,23,19;7,8,13,25,18;2,23,8,7,9,22,12;1,12,17,15,7,23,18;16,24,17,20,21;0,15,5,23,19,26,18,3,8,4,9;3,7,4,23,13;0,7,4,22,14;11,16,21,14,22;10,16,24,12,22;1,2,4,22,11,24,17,5;3,8,23,18,26,25;0,20,21,10,22,9;0,7,5,17,20;6,24,11,10,21;5,15,20,6,24,12;1,5,23,13,26,7,3,25;1,2,23,7,26,25;0,14,21,6,17,15;6,20,14,10,16;4,12,11,10,14,9;2,4,8,13,18,5,7,19;6,16,11,12,17;1,19,26,13,3,18;7,18,13,25,19 3
klein_c32_w73_t1254 27 7,15,20,14,9;2,12,5,18,25,19;1,12,4,23,19;7,8,13,25,18;2,23,8,7,9,22,12;1,12,17,15,7,23,18;16,24,17,20,21;0,15,5,23,19,26,18,3,8,4,9;3,7,4,23,13;0,7,4,22,14;11,16,21,14,22;10,16,24,12,22;1,2,4,22,11,24,17,5;3,8,23,18,26,25;0,20,21,10,22,9;0,7,5,17,20;6,24,11,10,21;5,15,20,6,24,12;1,5,23,13,26,7,3,25;1,2,23,7,26,25;0,14,21,6,17,15;6,20,14,10,16;4,12,11,10,14,9;2,4,8,13,18,5,7,19;6,16,11,12,17;1,19,26,13,3,18;7,18,13,25,19 8
klein_c32_w73_t1275 27 7,15,20,14,9;2,12,5,18,25;1,12,4,23,19,25;7,8,13,25,18;2,23,8,7,9,22,12;1,12,17,15,7,19,23,18;16,24,17,20,21;0,15,5,19,26,18,3,8,4,9;3,7,4,23,13;0,7,4,22,14;11,16,21,14,22;10,16,24,12,22;1,2,4,22,11,24,17,5;3,8,23,18,26,25;0,20,21,10,22,9;0,7,5,17,20;6,24,11,10,21;5,15,20,6,24,12;1,5,23,13,26,7,3,25;2,23,5,7,26,25;0,14,21,6,17,15;6,20,14,10,16;4,12,11,10,14,9;2,4,8,13,18,5,19;6,16,11,12,17;1,2,19,26,13,3,18;7,18,13,25,19 26
klein_c32_w73_t1296 27 7,15,20,14,9;2,12,5,18,3,25,19;1,12,4,23,19;1,18,7,8,13,25;2,23,8,7,9,22,12;1,12,17,15,7,19,23,18;16,24,17,20,21;0,15,5,19,26,18,3,8,4,9;3,7,4,23,13;0,7,4,22,14;11,16,21,14,22;10,16,24,12,22;1,2,4,22,11,24,17,5;3,8,23,18,26,25;0,20,21,10,22,9;0,7,5,17,20;6,24,11,10,21;5,15,20,6,24,12;1,5,23,13,26,7,3;1,2,23,5,7,26,25;0,14,21,6,17,15;6,20,14,10,16;4,12,11,10,14,9;2,4,8,13,18,5,19;6,16,11,12,17;1,19,26,13,3;7,18,13,25,19 8
klein_c32_w73_t1296 27 7,15,20,14,9;2,12,5,18,3,25,19;1,12,4,23,19;1,18,7,8,13,25;2,23,8,7,9,22,12;1,12,17,15,7,19,23,18;16,24,17,20,21;0,15,5,19,26,18,3,8,4,9;3,7,4,23,13;0,7,4,22,14;11,16,21,14,22;10,16,24,12,22;1,2,4,22,11,24,17,5;3,8,23,18,26,25;0,20,21,10,22,9;0,7,5,17,20;6,24,11,10,21;5,15,20,6,24,12;1,5,23,13,26,7,3;1,2,23,5,7,26,25;0,14,21,6,17,15;6,20,14,10,16;4,12,11,10,14,9;2,4,8,13,18,5,19;6,16,11,12,17;1,19,26,13,3;7,18,13,25,19 26
klein_c32_w73_t1563 27 7,15,20,14,9;2,12,5,25,19;1,12,4,23,19;7,8,13,25,18;2,23,8,7,9,22,12;1,12,17,15,7,19,23,18,25;16,24,17,20,21;0,15,5,19,26,18,3,8,4,9;3,7,4,23,13;0,7,4,22,14;11,16,21,14,22;10,16,24,12,22;1,2,4,22,11,24,17,5;3,8,23,18,26,25;0,20,21,10,22,9;0,7,5,17,20;6,24,11,10,21;5,15,20,6,24,12;3,7,26,13,23,5,25;1,2,23,5,7,26,25;0,14,21,6,17,15;6,20,14,10,16;4,12,11,10,14,9;2,4,8,13,18,5,19;6,16,11,12,17;1,5,18,3,13,26,19;7,18,13,25,19 26
klein_c32_w73_t1631 27 7,15,20,14,9;2,12,5,18,25,19;1,12,4,23,19;7,8,13,25,18;2,23,8,7,9,22,12;1,12,17,15,7,26,19,23,18;16,24,17,20,21;0,15,5,26,18,3,8,4,9;3,7,4,23,13;0,7,4,22,14;11,16,21,14,22;10,16,24,12,22;1,2,4,22,11,24,17,5;3,8,23,18,26,25;0,20,21,10,22,9;0,7,5,17,20;6,24,11,10,21;5,15,20,6,24,12;1,5,23,13,26,7,3,25;1,2,23,5,26,25;0,14,21,6,17,15;6,20,14,10,16;4,12,11,10,14,9;2,4,8,13,18,5,19;6,16,11,12,17;1,19,26,13,3,18;5,7,18,13,25,19 3
klein_c32_w73_t1631 27 7,15,20,14,9;2,12,5,18,25,19;1,12,4,23,19;7,8,13,25,18;2,23,8,7,9,22,12;1,12,17,15,7,26,19,23,18;16,24,17,20,21;0,15,5,26,18,3,8,4,9;3,7,4,23,13;0,7,4,22,14;11,16,21,14,22;10,16,24,12,22;1,2,4,22,11,24,17,5;3,8,23,18,26,25;0,20,21,10,22,9;0,7,5,17,20;6,24,11,10,21;5,15,20,6,24,12;1,5,23,13,26,7,3,25;1,2,23,5,26,25;0,14,21,6,17,15;6,20,14,10,16;4,12,11,10,14,9;2,4,8,13,18,5,19;6,16,11,12,17;1,19,26,13,3,18;5,7,18,13,25,19 8
klein_c42_w35_t1088 32 4,26,29,25,30;5,14,24,23,27;6,8,9,10,17,16;4,7,21,31,26;0,26,3,7,8,9,30;1,14,15,25,27;2,8,13,18,12,22,16;3,4,8,28,21;2,9,4,7,28,13,6;2,10,24,19,30,4,8;2,9,24,13,11,17;10,13,28,21,31,23,12,17;6,22,23,11,17,18;6,8,28,11,10,24,20,18;1,5,15,19,24;5,14,19,30,25;2,17,20,22,6;2,10,11,12,18,20,16;6,12,17,20,13;9,24,14,15,30;13,18,17,16,22,24;3,31,11,28,7;6,12,23,24,20,16;1,24,22,12,11,31,27;1,23,22,20,13,10,9,19,14;0,29,27,5,15,30;0,4,3,31,29;1,5,25,29,31,23;7,8,13,11,21;0,25,27,31,26;0,25,15,19,9,4;3,21,11,23,27,29,26 18
klein_c42_w35_t1094 32 4,26,29,25,30;5,14,24,23,27;6,8,9,10,17,16;4,7,21,31,26;0,26,3,7,8,9,30;1,14,15,25,27;2,8,28,13,18,12,16;3,4,8,28,21;2,9,4,7,28,6;2,10,24,19,30,4,8;2,9,24,13,11,17;10,13,28,21,31,23,12,17;6,16,22,23,11,17,18;6,28,11,10,24,20,18;1,5,15,19,24;5,14,19,30,25;2,17,20,22,12,6;2,10,11,12,18,20,16;6,12,17,20,13;9,24,14,15,30;13,18,17,16,22,24;3,31,11,28,7;12,23,24,20,16;1,24,22,12,11,31,27;1,23,22,20,13,10,9,19,14;0,29,27,5,15,30;0,4,3,31,29;1,5,25,29,31,23;6,8,7,21,11,13;0,25,27,31,26;0,25,15,19,9,4;3,21,11,23,27,29,26 18
klein_c32_w73_t1051 27 7,15,20,14,9;2,12,5,18,25,19;1,12,4,8,23,19;7,8,13,25,18;2,8,7,9,22,12;1,12,17,15,7,19,23,18;16,24,17,20,21;0,15,5,19,26,18,3,8,4,9;2,4,7,3,13,23;0,7,4,22,14;11,16,21,14,22;10,16,24,12,22;1,2,4,22,11,24,17,5;3,8,23,26,25;0,20,21,10,22,9;0,7,5,17,20;6,24,11,10,21;5,15,20,6,24,12;1,5,23,26,7,3,25;1,2,23,5,7,26,25;0,14,21,6,17,15;6,20,14,10,16;4,12,11,10,14,9;2,8,13,26,18,5,19;6,16,11,12,17;1,19,26,13,3,18;7,18,23,13,25,19 16
klein_c32_w73_t1198 27 7,15,20,14,9;2,12,5,18,25,26,19;1,12,4,23,19;7,8,13,25,18;2,23,8,7,9,22,12;1,12,17,15,7,19,23,18;16,24,17,20,21;0,15,5,19,26,18,3,8,4,9;3,7,4,23,13;0,7,4,22,14;11,16,21,14,22;10,16,24,12,22;1,2,4,22,11,24,17,5;3,8,23,18,26,25;0,20,21,10,22,9;0,7,5,17,20;6,24,11,10,21;5,15,20,6,24,12;1,5,23,13,26,7,3,25;1,2,23,5,7,26;0,14,21,6,17,15;6,20,14,10,16;4,12,11,10,14,9;2,4,8,13,18,5,19;6,16,11,12,17;1,18,3,13,26;1,19,7,18,13,25 16
klein_c32_w73_t1296 27 7,15,20,14,9;2,12,5,18,3,25,19;1,12,4,23,19;1,18,7,8,13,25;2,23,8,7,9,22,12;1,12,17,15,7,19,23,18;16,24,17,20,21;0,15,5,19,26,18,3,8,4,9;3,7,4,23,13;0,7,4,22,14;11,16,21,14,22;10,16,24,12,22;1,2,4,22,11,24,17,5;3,8,23,18,26,25;0,20,21,10,22,9;0,7,5,17,20;6,24,11,10,21;5,15,20,6,24,12;1,5,23,13,26,7,3;1,2,23,5,7,26,25;0,14,21,6,17,15;6,20,14,10,16;4,12,11,10,14,9;2,4,8,13,18,5,19;6,16,11,12,17;1,19,26,13,3;7,18,13,25,19 16
klein_c32_w15_t686 28 6,19,11,22,7;6,7,15,26,23;5,12,11,15,14;4,24,13,18,11,22;3,24,20,26,23,22;2,12,17,16,14;0,19,25,23,1,7;0,6,1,15,27,20,21,22;9,10,16,14,15,27;8,10,13,24,27;8,9,13,18,17,16;0,19,15,2,12,18,3,22;2,11,18,17,5;3,24,9,10,18;2,5,16,8,15;1,7,27,8,14,2,11,19,21,20,26;5,14,8,10,17;5,12,18,10,16;3,11,12,17,10,13;0,6,25,21,15,11;4,24,27,7,21,15,26;7,22,25,19,15,20;0,11,3,4,23,25,21,7;1,6,25,22,4,26;3,4,20,27,9,13;6,19,21,22,23;1,15,20,4,23;7,15,8,9,24,20 5
klein_c32_w33_t600 29 6,13,18,7,15;3,20,9,10,25;5,14,21,20,26,22,16,7,15;1,20,21,27,5,6,13,25;5,28,22,26,8,27;2,14,28,4,27,3,6,15;0,13,3,5,15;0,15,2,16,18;4,26,20,23,14,27;1,20,16,11,10;1,9,11,12,25;9,16,18,12,10;10,11,18,13,25;0,6,3,25,12,18;2,5,28,24,23,8,27,21;0,7,2,5,6;2,7,18,11,9,20,17,19,22;16,19,24,23,20;0,7,16,11,12,13;16,17,24,28,22;1,3,21,2,26,8,23,17,16,9;2,20,3,27,14;2,16,19,28,4,26;8,20,17,24,14;14,23,17,19,28;1,10,12,13,3;2,22,4,8,20;3,5,4,8,14,21;4,5,14,24,19,22 10
klein_c32_w33_t610 29 6,13,18,7,15;3,20,9,10,25;5,14,21,20,26,22,16,7,15;1,20,21,27,5,6,13,25;5,28,22,26,8,27;2,14,24,28,4,27,3,6,15;0,13,3,5,15;0,15,2,16,18;4,26,20,23,14,27;1,20,16,11,10;1,9,11,12,25;9,16,18,12,10;10,11,18,13,25;0,6,3,25,12,18;2,5,24,23,8,27,21;0,7,2,5,6;2,7,18,11,9,20,17,19,22;16,19,24,23,20;0,7,16,11,12,13;16,17,24,28,22;1,3,21,2,26,8,23,17,16,9;2,20,3,27,14;2,16,19,28,4,26;8,20,17,24,14;5,14,23,17,19,28;1,10,12,13,3;2,22,4,8,20;3,5,4,8,14,21;4,5,24,19,22 10
klein_c32_w33_t621 29 6,13,18,7,15;3,20,9,10,25;5,14,21,20,26,22,16,7,15;1,20,21,27,5,6,13,25;5,22,26,8,27;2,14,28,22,4,27,3,6,15;0,13,3,5,15;0,15,2,16,18;4,26,20,23,14,27;1,20,16,11,10;1,9,11,12,25;9,16,18,12,10;10,11,18,13,25;0,6,3,25,12,18;2,5,28,24,23,8,27,21;0,7,2,5,6;2,7,18,11,9,20,17,19,22;16,19,24,23,20;0,7,16,11,12,13;16,17,24,28,22;1,3,21,2,26,8,23,17,16,9;2,20,3,27,14;2,16,19,28,5,4,26;8,20,17,24,14;14,23,17,19,28;1,10,12,13,3;2,22,4,8,20;3,5,4,8,14,21;5,22,19,24,14 10
klein_c32_w33_t648 29 6,13,18,7,15;3,20,9,10,25;5,14,21,20,26,22,16,7,15;1,20,21,27,5,6,13,25;5,28,26,20,8,27;2,14,28,4,27,3,6,15;0,13,3,5,15;0,15,2,16,18;4,20,23,14,27;1,20,16,11,10;1,9,11,12,25;9,16,18,12,10;10,11,18,13,25;0,6,3,25,12,18;2,5,28,24,23,8,27,21;0,7,2,5,6;2,7,18,11,9,20,17,19,22;16,19,24,23,20;0,7,16,11,12,13;16,17,24,28,22;1,3,21,2,26,4,8,23,17,16,9;2,20,3,27,14;2,16,19,28,26;8,20,17,24,14;14,23,17,19,28;1,10,12,13,3;2,22,28,4,20;3,5,4,8,14,21;4,26,22,19,24,14,5 10
klein_c32_w33_t648 29 6,13,18,7,15;3,20,9,10,25;5,14,21,20,26,22,16,7,15;1,20,21,27,5,6,13,25;5,28,26,20,8,27;2,14,28,4,27,3,6,15;0,13,3,5,15;0,15,2,16,18;4,20,23,14,27;1,20,16,11,10;1,9,11,12,25;9,16,18,12,10;10,11,18,13,25;0,6,3,25,12,18;2,5,28,24,23,8,27,21;0,7,2,5,6;2,7,18,11,9,20,17,19,22;16,19,24,23,20;0,7,16,11,12,13;16,17,24,28,22;1,3,21,2,26,4,8,23,17,16,9;2,20,3,27,14;2,16,19,28,26;8,20,17,24,14;14,23,17,19,28;1,10,12,13,3;2,22,28,4,20;3,5,4,8,14,21;4,26,22,19,24,14,5 15
klein_c32_w41_t1656 28 3,4,24,18,21,25,9,15,11;2,7,4,24,23;1,7,13,8,23;0,4,7,13,5,16,11;0,3,7,1,24;3,13,8,10,6,16;5,10,12,20,14,26,16;1,4,3,13,2;2,13,5,10,22,23;0,15,26,14,25;5,6,12,22,8;0,3,16,27,14,15;6,10,22,17,19,20;2,7,3,5,8;6,26,9,25,15,11,27,20;0,11,14,25,21,26,9;3,5,6,26,27,11;12,19,18,24,23,22;0,21,27,19,17,24;12,17,18,27,20;6,14,27,19,12;0,18,27,26,15,25;8,10,12,17,23;1,24,17,22,8,2;0,4,1,23,17,18;0,9,14,15,21;6,14,9,15,21,27,16;11,16,26,21,18,19,20,14 7
klein_c32_w73_t1076 27 7,15,20,14,9;2,12,5,25,19;1,12,4,23,19;7,8,13,25,18;2,23,8,7,9,22,12;1,12,17,15,7,19,23,18,25;16,24,17,20,21;0,15,5,19,26,18,3,8,4,9;3,7,4,23,13;0,7,4,22,14;11,16,21,14,22;10,16,24,12,22;1,2,4,22,11,24,17,5;3,8,23,26,25;0,20,21,10,22,9;0,7,5,17,20;6,24,11,10,21;5,15,20,6,24,12;3,7,26,23,5,25;1,2,23,5,7,26,25;0,14,21,6,17,15;6,20,14,10,16;4,12,11,10,14,9;2,4,8,13,26,18,5,19;6,16,11,12,17;1,5,18,3,13,26,19;7,18,23,13,25,19 16
klein_c32_w73_t1178 27 7,15,20,14,9;2,12,5,18,25;1,12,4,23,19,25;7,8,13,25,18;2,23,8,7,9,22,12;1,12,17,15,7,19,23,18;16,24,17,20,21;0,15,5,19,26,18,3,8,4,9;3,7,4,23,13;0,7,4,22,14;11,16,21,14,22;10,16,24,12,22;1,2,4,22,11,24,17,5;3,8,23,26,25;0,20,21,10,22,9;0,7,5,17,20;6,24,11,10,21;5,15,20,6,24,12;1,5,23,26,7,3,25;2,23,5,7,26,25;0,14,21,6,17,15;6,20,14,10,16;4,12,11,10,14,9;2,4,8,13,26,18,5,19;6,16,11,12,17;1,2,19,26,13,3,18;7,18,23,13,25,19 16
klein_c32_w73_t1183 27 7,15,20,14,9;2,12,5,18,25,19;1,12,4,23,19;7,8,13,25,18;2,23,8,7,9,22,12;1,12,17,15,7,19,23,18;16,24,17,20,21;0,15,5,19,26,18,3,8,4,9;3,7,4,23,13;0,7,4,22,14;11,16,21,14,22;10,16,24,12,22;1,2,4,22,11,24,17,5;3,8,23,18,26,25;0,20,21,10,22,9;0,7,5,17,20;6,24,11,10,21;5,15,20,6,24,12;1,5,23,13,26,7,3,25;1,2,23,5,7,26,25;0,14,21,6,17,15;6,20,14,10,16;4,12,11,10,14,9;2,4,8,13,18,5,19;6,16,11,12,17;1,19,26,13,3,18;7,18,13,25,19 16
klein_c32_w73_t1196 27 7,15,20,14,9;2,12,5,18,25,19;1,12,4,23,19;7,8,13,25,18;2,23,8,7,9,22,12;1,12,17,15,7,19,23,13,18;16,24,17,20,21;0,15,5,19,26,18,3,8,4,9;3,7,4,23,13;0,7,4,22,14;11,16,21,14,22;10,16,24,12,22;1,2,4,22,11,24,17,5;3,8,23,5,18,26,25;0,20,21,10,22,9;0,7,5,17,20;6,24,11,10,21;5,15,20,6,24,12;1,5,13,26,7,3,25;1,2,23,5,7,26,25;0,14,21,6,17,15;6,20,14,10,16;4,12,11,10,14,9;2,4,8,13,5,19;6,16,11,12,17;1,19,26,13,3,18;7,18,13,25,19 16
klein_c32_w73_t1211 27 7,15,20,14,9;2,12,18,25,19;1,12,4,23,19;7,8,13,25,18;2,23,8,7,9,22,12;7,15,17,12,18,23,19;16,24,17,20,21;0,15,5,19,26,18,3,8,4,9;3,7,4,23,13;0,7,4,22,14;11,16,21,14,22;10,16,24,12,22;1,2,4,22,11,24,17,5,18;3,8,23,18,26,25;0,20,21,10,22,9;0,7,5,17,20;6,24,11,10,21;5,15,20,6,24,12;1,12,5,23,13,26,7,3,25;1,2,23,5,7,26,25;0,14,21,6,17,15;6,20,14,10,16;4,12,11,10,14,9;2,4,8,13,18,5,19;6,16,11,12,17;1,19,26,13,3,18;7,18,13,25,19 16
