rp2_c33_w2_t1416 27 1,20,14,25,18;0,20,23,13,18;7,24,11,22,15,9,25,14;4,12,16,22,11;3,12,13,24,11;15,17,21,26,19,22;8,17,15,9,21,26;2,24,23,20,14;6,17,25,10,26;2,15,6,21,25;8,25,16,19,26;2,24,4,3,22;3,4,13,18,16;1,23,24,4,12,18;0,25,2,7,20;2,9,6,17,5,22;3,22,19,10,25,18,12;5,21,25,8,6,15;0,1,13,12,16,25;5,26,10,16,22;0,1,23,7,14;5,17,25,9,6,26;2,11,3,16,19,5,15;1,13,24,7,20;2,11,4,13,23,7;0,14,2,9,21,17,8,10,16,18;5,19,10,8,6,21 9
rp2_c33_w2_t1491 27 1,20,14,25,18;0,20,23,13,18;7,24,11,22,25,14;4,12,16,22,11;3,12,13,24,11;15,17,21,26,19,22;8,17,15,9,21,26;2,24,23,20,14;6,17,25,10,26;6,15,22,25,17,21;8,25,16,19,26;2,24,4,3,22;3,4,13,18,16;1,23,24,4,12,18;0,25,2,7,20;5,17,6,9,22;3,22,19,10,25,18,12;5,21,9,25,8,6,15;0,1,13,12,16,25;5,26,10,16,22;0,1,23,7,14;5,17,9,6,26;2,11,3,16,19,5,15,9,25;1,13,24,7,20;2,11,4,13,23,7;0,14,2,22,9,17,8,10,16,18;5,19,10,8,6,21 19
rp2_c33_w2_t1494 27 1,20,14,25,18;0,20,23,13,18;7,24,11,22,25,14;4,12,16,22,11;3,12,13,24,11;15,19,26,21,17;8,17,15,9,21,26;2,24,23,20,14;6,17,25,10,26;6,15,22,25,17,21;8,25,16,19,26;2,24,4,3,22;3,4,13,18,16;1,23,24,4,12,18;0,25,2,7,20;5,19,22,9,6,17;3,22,19,10,25,18,12;5,21,9,25,8,6,15;0,1,13,12,16,25;5,26,10,16,22,15;0,1,23,7,14;5,17,9,6,26;2,11,3,16,19,15,9,25;1,13,24,7,20;2,11,4,13,23,7;0,14,2,22,9,17,8,10,16,18;5,19,10,8,6,21 8
rp2_c33_w2_t1500 27 1,20,14,25,18;0,20,23,13,18;7,24,11,22,25,14;4,12,16,22,11;3,12,13,24,11;15,19,26,21,17;8,17,15,9,21,26;2,24,23,20,14;6,17,25,10,26;6,15,25,17,21;8,25,16,19,26;2,24,4,3,22;3,4,13,18,16;1,23,24,4,12,18;0,25,2,7,20;5,19,16,22,25,9,6,17;3,22,15,19,10,25,18,12;5,21,9,25,8,6,15;0,1,13,12,16,25;5,26,10,16,15;0,1,23,7,14;5,17,9,6,26;2,11,3,16,15,25;1,13,24,7,20;2,11,4,13,23,7;0,14,2,22,15,9,17,8,10,16,18;5,19,10,8,6,21 5
rp2_c33_w2_t1500 27 1,20,14,25,18;0,20,23,13,18;7,24,11,22,25,14;4,12,16,22,11;3,12,13,24,11;15,19,26,21,17;8,17,15,9,21,26;2,24,23,20,14;6,17,25,10,26;6,15,25,17,21;8,25,16,19,26;2,24,4,3,22;3,4,13,18,16;1,23,24,4,12,18;0,25,2,7,20;5,19,16,22,25,9,6,17;3,22,15,19,10,25,18,12;5,21,9,25,8,6,15;0,1,13,12,16,25;5,26,10,16,15;0,1,23,7,14;5,17,9,6,26;2,11,3,16,15,25;1,13,24,7,20;2,11,4,13,23,7;0,14,2,22,15,9,17,8,10,16,18;5,19,10,8,6,21 8
rp2_c33_w2_t1500 27 1,20,14,25,18;0,20,23,13,18;7,24,11,22,25,14;4,12,16,22,11;3,12,13,24,11;15,19,26,21,17;8,17,15,9,21,26;2,24,23,20,14;6,17,25,10,26;6,15,25,17,21;8,25,16,19,26;2,24,4,3,22;3,4,13,18,16;1,23,24,4,12,18;0,25,2,7,20;5,19,16,22,25,9,6,17;3,22,15,19,10,25,18,12;5,21,9,25,8,6,15;0,1,13,12,16,25;5,26,10,16,15;0,1,23,7,14;5,17,9,6,26;2,11,3,16,15,25;1,13,24,7,20;2,11,4,13,23,7;0,14,2,22,15,9,17,8,10,16,18;5,19,10,8,6,21 21
rp2_c33_w2_t1503 27 1,20,14,25,18;0,20,23,13,18;7,24,11,22,25,14;4,12,16,22,11;3,12,13,24,11;15,19,26,21,17;8,17,15,9,21,26;2,24,23,20,14;6,17,25,10,26;6,15,25,17,21;8,25,16,19,26;2,24,4,3,22;3,4,13,18,16;1,23,24,4,12,18;0,25,2,7,20;5,19,22,25,9,6,17;3,22,19,10,25,18,12;5,21,9,25,8,6,15;0,1,13,12,16,25;5,26,10,16,22,15;0,1,23,7,14;5,17,9,6,26;2,11,3,16,19,15,25;1,13,24,7,20;2,11,4,13,23,7;0,14,2,22,15,9,17,8,10,16,18;5,19,10,8,6,21 5
rp2_c33_w2_t1503 27 1,20,14,25,18;0,20,23,13,18;7,24,11,22,25,14;4,12,16,22,11;3,12,13,24,11;15,19,26,21,17;8,17,15,9,21,26;2,24,23,20,14;6,17,25,10,26;6,15,25,17,21;8,25,16,19,26;2,24,4,3,22;3,4,13,18,16;1,23,24,4,12,18;0,25,2,7,20;5,19,22,25,9,6,17;3,22,19,10,25,18,12;5,21,9,25,8,6,15;0,1,13,12,16,25;5,26,10,16,22,15;0,1,23,7,14;5,17,9,6,26;2,11,3,16,19,15,25;1,13,24,7,20;2,11,4,13,23,7;0,14,2,22,15,9,17,8,10,16,18;5,19,10,8,6,21 8
rp2_c33_w2_t1515 27 1,20,14,25,18;0,20,23,13,18;7,24,11,22,25,14;4,12,16,22,11;3,12,13,24,11;15,19,26,21,17;8,17,15,9,21,26;2,24,23,20,14;6,17,9,25,10,26;6,15,25,8,17,21;8,25,16,19,26;2,24,4,3,22;3,4,13,18,16;1,23,24,4,12,18;0,25,2,7,20;5,19,22,25,9,6,17;3,22,19,10,25,18,12;5,21,9,8,6,15;0,1,13,12,16,25;5,26,10,16,22,15;0,1,23,7,14;5,17,9,6,26;2,11,3,16,19,15,25;1,13,24,7,20;2,11,4,13,23,7;0,14,2,22,15,9,8,10,16,18;5,19,10,8,6,21 5
rp2_c33_w2_t1515 27 1,20,14,25,18;0,20,23,13,18;7,24,11,22,25,14;4,12,16,22,11;3,12,13,24,11;15,19,26,21,17;8,17,15,9,21,26;2,24,23,20,14;6,17,9,25,10,26;6,15,25,8,17,21;8,25,16,19,26;2,24,4,3,22;3,4,13,18,16;1,23,24,4,12,18;0,25,2,7,20;5,19,22,25,9,6,17;3,22,19,10,25,18,12;5,21,9,8,6,15;0,1,13,12,16,25;5,26,10,16,22,15;0,1,23,7,14;5,17,9,6,26;2,11,3,16,19,15,25;1,13,24,7,20;2,11,4,13,23,7;0,14,2,22,15,9,8,10,16,18;5,19,10,8,6,21 10
rp2_c33_w2_t1515 27 1,20,14,25,18;0,20,23,13,18;7,24,11,22,25,14;4,12,16,22,11;3,12,13,24,11;15,19,26,21,17;8,17,15,9,21,26;2,24,23,20,14;6,17,9,25,10,26;6,15,25,8,17,21;8,25,16,19,26;2,24,4,3,22;3,4,13,18,16;1,23,24,4,12,18;0,25,2,7,20;5,19,22,25,9,6,17;3,22,19,10,25,18,12;5,21,9,8,6,15;0,1,13,12,16,25;5,26,10,16,22,15;0,1,23,7,14;5,17,9,6,26;2,11,3,16,19,15,25;1,13,24,7,20;2,11,4,13,23,7;0,14,2,22,15,9,8,10,16,18;5,19,10,8,6,21 21
rp2_c33_w2_t1520 27 1,20,14,25,18;0,20,23,13,18;7,24,11,22,25,14;4,12,16,22,11;3,12,13,24,11;15,19,26,21,17;8,17,15,25,9,21,26;2,24,23,20,14;6,17,9,25,10,26;6,25,8,17,21;8,25,16,19,26;2,24,4,3,22;3,4,13,18,16;1,23,24,4,12,18;0,25,2,7,20;5,19,22,25,6,17;3,22,19,10,25,18,12;5,21,9,8,6,15;0,1,13,12,16,25;5,26,10,16,22,15;0,1,23,7,14;5,17,9,6,26;2,11,3,16,19,15,25;1,13,24,7,20;2,11,4,13,23,7;0,14,2,22,15,6,9,8,10,16,18;5,19,10,8,6,21 5
rp2_c33_w2_t1520 27 1,20,14,25,18;0,20,23,13,18;7,24,11,22,25,14;4,12,16,22,11;3,12,13,24,11;15,19,26,21,17;8,17,15,25,9,21,26;2,24,23,20,14;6,17,9,25,10,26;6,25,8,17,21;8,25,16,19,26;2,24,4,3,22;3,4,13,18,16;1,23,24,4,12,18;0,25,2,7,20;5,19,22,25,6,17;3,22,19,10,25,18,12;5,21,9,8,6,15;0,1,13,12,16,25;5,26,10,16,22,15;0,1,23,7,14;5,17,9,6,26;2,11,3,16,19,15,25;1,13,24,7,20;2,11,4,13,23,7;0,14,2,22,15,6,9,8,10,16,18;5,19,10,8,6,21 10
rp2_c33_w2_t1520 27 1,20,14,25,18;0,20,23,13,18;7,24,11,22,25,14;4,12,16,22,11;3,12,13,24,11;15,19,26,21,17;8,17,15,25,9,21,26;2,24,23,20,14;6,17,9,25,10,26;6,25,8,17,21;8,25,16,19,26;2,24,4,3,22;3,4,13,18,16;1,23,24,4,12,18;0,25,2,7,20;5,19,22,25,6,17;3,22,19,10,25,18,12;5,21,9,8,6,15;0,1,13,12,16,25;5,26,10,16,22,15;0,1,23,7,14;5,17,9,6,26;2,11,3,16,19,15,25;1,13,24,7,20;2,11,4,13,23,7;0,14,2,22,15,6,9,8,10,16,18;5,19,10,8,6,21 21
rp2_c33_w2_t1533 27 1,20,14,25,18;0,20,23,13,18;7,24,11,22,25,14;4,12,16,22,11;3,12,13,24,11;10,19,15,17,21,26;8,17,15,25,9,21,26;2,24,23,20,14;6,17,9,25,10,26;6,25,8,17,21;5,19,16,25,8,26;2,24,4,3,22;3,4,13,18,16;1,23,24,4,12,18;0,25,2,7,20;5,19,22,25,6,17;3,22,19,10,25,18,12;5,21,9,8,6,15;0,1,13,12,16,25;5,10,16,22,15;0,1,23,7,14;5,17,9,6,26;2,11,3,16,19,15,25;1,13,24,7,20;2,11,4,13,23,7;0,14,2,22,15,6,9,8,10,16,18;5,10,8,6,21 19
rp2_c33_w2_t1533 27 1,20,14,25,18;0,20,23,13,18;7,24,11,22,25,14;4,12,16,22,11;3,12,13,24,11;10,19,15,17,21,26;8,17,15,25,9,21,26;2,24,23,20,14;6,17,9,25,10,26;6,25,8,17,21;5,19,16,25,8,26;2,24,4,3,22;3,4,13,18,16;1,23,24,4,12,18;0,25,2,7,20;5,19,22,25,6,17;3,22,19,10,25,18,12;5,21,9,8,6,15;0,1,13,12,16,25;5,10,16,22,15;0,1,23,7,14;5,17,9,6,26;2,11,3,16,19,15,25;1,13,24,7,20;2,11,4,13,23,7;0,14,2,22,15,6,9,8,10,16,18;5,10,8,6,21 26
rp2_c33_w2_t1536 27 1,20,14,25,18;0,20,23,13,18;7,24,11,22,25,14;4,12,16,22,11;3,12,13,24,11;6,15,19,10,26,21,17;5,15,25,9,21,26,8,17;2,24,23,20,14;6,17,9,25,10,26;6,25,8,17,21;5,19,16,25,8,26;2,24,4,3,22;3,4,13,18,16;1,23,24,4,12,18;0,25,2,7,20;5,19,22,25,6;3,22,19,10,25,18,12;5,21,9,8,6;0,1,13,12,16,25;5,10,16,22,15;0,1,23,7,14;5,17,9,6,26;2,11,3,16,19,15,25;1,13,24,7,20;2,11,4,13,23,7;0,14,2,22,15,6,9,8,10,16,18;5,10,8,6,21 15
rp2_c33_w2_t1536 27 1,20,14,25,18;0,20,23,13,18;7,24,11,22,25,14;4,12,16,22,11;3,12,13,24,11;6,15,19,10,26,21,17;5,15,25,9,21,26,8,17;2,24,23,20,14;6,17,9,25,10,26;6,25,8,17,21;5,19,16,25,8,26;2,24,4,3,22;3,4,13,18,16;1,23,24,4,12,18;0,25,2,7,20;5,19,22,25,6;3,22,19,10,25,18,12;5,21,9,8,6;0,1,13,12,16,25;5,10,16,22,15;0,1,23,7,14;5,17,9,6,26;2,11,3,16,19,15,25;1,13,24,7,20;2,11,4,13,23,7;0,14,2,22,15,6,9,8,10,16,18;5,10,8,6,21 19
rp2_c33_w2_t1536 27 1,20,14,25,18;0,20,23,13,18;7,24,11,22,25,14;4,12,16,22,11;3,12,13,24,11;6,15,19,10,26,21,17;5,15,25,9,21,26,8,17;2,24,23,20,14;6,17,9,25,10,26;6,25,8,17,21;5,19,16,25,8,26;2,24,4,3,22;3,4,13,18,16;1,23,24,4,12,18;0,25,2,7,20;5,19,22,25,6;3,22,19,10,25,18,12;5,21,9,8,6;0,1,13,12,16,25;5,10,16,22,15;0,1,23,7,14;5,17,9,6,26;2,11,3,16,19,15,25;1,13,24,7,20;2,11,4,13,23,7;0,14,2,22,15,6,9,8,10,16,18;5,10,8,6,21 26
rp2_c33_w2_t1542 27 1,20,14,25,18;0,20,23,13,18;7,24,11,22,25,14;4,12,16,22,11;3,12,13,24,11;6,15,19,10,26,21,17;5,15,25,9,21,26,8,17;2,24,23,20,14;6,17,9,25,16,10,26;6,25,8,17,21;5,19,16,8,26;2,24,4,3,22;3,4,13,18,16;1,23,24,4,12,18;0,25,2,7,20;5,19,22,25,6;3,22,19,10,8,25,18,12;5,21,9,8,6;0,1,13,12,16,25;5,10,16,22,15;0,1,23,7,14;5,17,9,6,26;2,11,3,16,19,15,25;1,13,24,7,20;2,11,4,13,23,7;0,14,2,22,15,6,9,8,16,18;5,10,8,6,21 10
rp2_c33_w2_t1542 27 1,20,14,25,18;0,20,23,13,18;7,24,11,22,25,14;4,12,16,22,11;3,12,13,24,11;6,15,19,10,26,21,17;5,15,25,9,21,26,8,17;2,24,23,20,14;6,17,9,25,16,10,26;6,25,8,17,21;5,19,16,8,26;2,24,4,3,22;3,4,13,18,16;1,23,24,4,12,18;0,25,2,7,20;5,19,22,25,6;3,22,19,10,8,25,18,12;5,21,9,8,6;0,1,13,12,16,25;5,10,16,22,15;0,1,23,7,14;5,17,9,6,26;2,11,3,16,19,15,25;1,13,24,7,20;2,11,4,13,23,7;0,14,2,22,15,6,9,8,16,18;5,10,8,6,21 15
rp2_c33_w2_t1542 27 1,20,14,25,18;0,20,23,13,18;7,24,11,22,25,14;4,12,16,22,11;3,12,13,24,11;6,15,19,10,26,21,17;5,15,25,9,21,26,8,17;2,24,23,20,14;6,17,9,25,16,10,26;6,25,8,17,21;5,19,16,8,26;2,24,4,3,22;3,4,13,18,16;1,23,24,4,12,18;0,25,2,7,20;5,19,22,25,6;3,22,19,10,8,25,18,12;5,21,9,8,6;0,1,13,12,16,25;5,10,16,22,15;0,1,23,7,14;5,17,9,6,26;2,11,3,16,19,15,25;1,13,24,7,20;2,11,4,13,23,7;0,14,2,22,15,6,9,8,16,18;5,10,8,6,21 19
rp2_c33_w2_t1542 27 1,20,14,25,18;0,20,23,13,18;7,24,11,22,25,14;4,12,16,22,11;3,12,13,24,11;6,15,19,10,26,21,17;5,15,25,9,21,26,8,17;2,24,23,20,14;6,17,9,25,16,10,26;6,25,8,17,21;5,19,16,8,26;2,24,4,3,22;3,4,13,18,16;1,23,24,4,12,18;0,25,2,7,20;5,19,22,25,6;3,22,19,10,8,25,18,12;5,21,9,8,6;0,1,13,12,16,25;5,10,16,22,15;0,1,23,7,14;5,17,9,6,26;2,11,3,16,19,15,25;1,13,24,7,20;2,11,4,13,23,7;0,14,2,22,15,6,9,8,16,18;5,10,8,6,21 26
rp2_c33_w2_t1544 27 1,20,14,25,18;0,20,23,13,18;7,24,11,22,25,14;4,12,16,22,11;3,12,13,24,11;10,19,15,17,21,26;8,17,15,25,9,21,26;2,24,23,20,14;6,17,9,25,16,10,26;6,25,8,17,21;5,19,16,8,26;2,24,4,3,22;3,4,13,18,16;1,23,24,4,12,18;0,25,2,7,20;5,19,22,25,6,17;3,22,19,10,8,25,18,12;5,21,9,8,6,15;0,1,13,12,16,25;5,10,16,22,15;0,1,23,7,14;5,17,9,6,26;2,11,3,16,19,15,25;1,13,24,7,20;2,11,4,13,23,7;0,14,2,22,15,6,9,8,16,18;5,10,8,6,21 19
rp2_c33_w2_t1544 27 1,20,14,25,18;0,20,23,13,18;7,24,11,22,25,14;4,12,16,22,11;3,12,13,24,11;10,19,15,17,21,26;8,17,15,25,9,21,26;2,24,23,20,14;6,17,9,25,16,10,26;6,25,8,17,21;5,19,16,8,26;2,24,4,3,22;3,4,13,18,16;1,23,24,4,12,18;0,25,2,7,20;5,19,22,25,6,17;3,22,19,10,8,25,18,12;5,21,9,8,6,15;0,1,13,12,16,25;5,10,16,22,15;0,1,23,7,14;5,17,9,6,26;2,11,3,16,19,15,25;1,13,24,7,20;2,11,4,13,23,7;0,14,2,22,15,6,9,8,16,18;5,10,8,6,21 26
rp2_c33_w2_t1551 27 1,20,14,25,18;0,20,23,13,18;7,24,11,22,25,14;4,12,16,22,11;3,12,13,24,11;10,19,15,21,26;8,17,15,25,9,21,26;2,24,23,20,14;6,17,9,25,16,10,26;6,25,8,17,21;5,19,16,8,26;2,24,4,3,22;3,4,13,18,16;1,23,24,4,12,18;0,25,2,7,20;5,19,22,25,6,17,21;3,22,19,10,8,25,18,12;6,8,9,21,15;0,1,13,12,16,25;5,10,16,22,15;0,1,23,7,14;5,15,17,9,6,26;2,11,3,16,19,15,25;1,13,24,7,20;2,11,4,13,23,7;0,14,2,22,15,6,9,8,16,18;5,10,8,6,21 9
rp2_c33_w2_t1551 27 1,20,14,25,18;0,20,23,13,18;7,24,11,22,25,14;4,12,16,22,11;3,12,13,24,11;10,19,15,21,26;8,17,15,25,9,21,26;2,24,23,20,14;6,17,9,25,16,10,26;6,25,8,17,21;5,19,16,8,26;2,24,4,3,22;3,4,13,18,16;1,23,24,4,12,18;0,25,2,7,20;5,19,22,25,6,17,21;3,22,19,10,8,25,18,12;6,8,9,21,15;0,1,13,12,16,25;5,10,16,22,15;0,1,23,7,14;5,15,17,9,6,26;2,11,3,16,19,15,25;1,13,24,7,20;2,11,4,13,23,7;0,14,2,22,15,6,9,8,16,18;5,10,8,6,21 19
rp2_c33_w2_t1551 27 1,20,14,25,18;0,20,23,13,18;7,24,11,22,25,14;4,12,16,22,11;3,12,13,24,11;10,19,15,21,26;8,17,15,25,9,21,26;2,24,23,20,14;6,17,9,25,16,10,26;6,25,8,17,21;5,19,16,8,26;2,24,4,3,22;3,4,13,18,16;1,23,24,4,12,18;0,25,2,7,20;5,19,22,25,6,17,21;3,22,19,10,8,25,18,12;6,8,9,21,15;0,1,13,12,16,25;5,10,16,22,15;0,1,23,7,14;5,15,17,9,6,26;2,11,3,16,19,15,25;1,13,24,7,20;2,11,4,13,23,7;0,14,2,22,15,6,9,8,16,18;5,10,8,6,21 26
rp2_c33_w2_t1555 27 1,20,14,25,18;0,20,23,13,18;7,24,11,22,25,14;4,12,16,22,11;3,12,13,24,11;10,19,15,21,26;8,17,15,22,25,9,21,26;2,24,23,20,14;6,17,9,25,16,10,26;6,25,8,17,21;5,19,16,8,26;2,24,4,3,22;3,4,13,18,16;1,23,24,4,12,18;0,25,2,7,20;5,19,22,6,17,21;3,22,19,10,8,25,18,12;6,8,9,21,15;0,1,13,12,16,25;5,10,16,22,15;0,1,23,7,14;5,15,17,9,6,26;2,11,3,16,19,15,6,25;1,13,24,7,20;2,11,4,13,23,7;0,14,2,22,6,9,8,16,18;5,10,8,6,21 26
rp2_c33_w2_t1557 27 1,20,14,25,18;0,20,23,13,18;7,24,11,22,25,14;4,12,16,22,11;3,12,13,24,11;10,19,15,21,26;8,17,15,19,22,25,9,21,26;2,24,23,20,14;6,17,9,25,16,10,26;6,25,8,17,21;5,19,16,8,26;2,24,4,3,22;3,4,13,18,16;1,23,24,4,12,18;0,25,2,7,20;5,19,6,17,21;3,22,19,10,8,25,18,12;6,8,9,21,15;0,1,13,12,16,25;5,10,16,22,6,15;0,1,23,7,14;5,15,17,9,6,26;2,11,3,16,19,6,25;1,13,24,7,20;2,11,4,13,23,7;0,14,2,22,6,9,8,16,18;5,10,8,6,21 15
rp2_c33_w2_t1557 27 1,20,14,25,18;0,20,23,13,18;7,24,11,22,25,14;4,12,16,22,11;3,12,13,24,11;10,19,15,21,26;8,17,15,19,22,25,9,21,26;2,24,23,20,14;6,17,9,25,16,10,26;6,25,8,17,21;5,19,16,8,26;2,24,4,3,22;3,4,13,18,16;1,23,24,4,12,18;0,25,2,7,20;5,19,6,17,21;3,22,19,10,8,25,18,12;6,8,9,21,15;0,1,13,12,16,25;5,10,16,22,6,15;0,1,23,7,14;5,15,17,9,6,26;2,11,3,16,19,6,25;1,13,24,7,20;2,11,4,13,23,7;0,14,2,22,6,9,8,16,18;5,10,8,6,21 26
rp2_c33_w2_t1559 27 1,20,14,25,18;0,20,23,13,18;7,24,11,22,25,14;4,12,16,22,11;3,12,13,24,11;10,19,15,21,26;8,17,15,19,22,25,9,21,26;2,24,23,20,14;6,17,9,25,16,10,26;6,25,8,17,21;5,19,22,16,8,26;2,24,4,3,22;3,4,13,18,16;1,23,24,4,12,18;0,25,2,7,20;5,19,6,17,21;3,22,10,8,25,18,12;6,8,9,21,15;0,1,13,12,16,25;5,10,22,6,15;0,1,23,7,14;5,15,17,9,6,26;2,11,3,16,10,19,6,25;1,13,24,7,20;2,11,4,13,23,7;0,14,2,22,6,9,8,16,18;5,10,8,6,21 26
rp2_c33_w2_t1563 27 1,20,14,25,18;0,20,23,13,18;7,24,11,22,25,14;4,12,16,22,11;3,12,13,24,11;10,19,15,21,26;8,17,15,19,22,25,9,21,26;2,24,23,20,14;6,17,9,25,16,22,10,26;6,25,8,17,21;5,19,22,8,26;2,24,4,3,22;3,4,13,18,16;1,23,24,4,12,18;0,25,2,7,20;5,19,6,17,21;3,22,8,25,18,12;6,8,9,21,15;0,1,13,12,16,25;5,10,22,6,15;0,1,23,7,14;5,15,17,9,6,26;2,11,3,16,8,10,19,6,25;1,13,24,7,20;2,11,4,13,23,7;0,14,2,22,6,9,8,16,18;5,10,8,6,21 9
rp2_c33_w2_t1563 27 1,20,14,25,18;0,20,23,13,18;7,24,11,22,25,14;4,12,16,22,11;3,12,13,24,11;10,19,15,21,26;8,17,15,19,22,25,9,21,26;2,24,23,20,14;6,17,9,25,16,22,10,26;6,25,8,17,21;5,19,22,8,26;2,24,4,3,22;3,4,13,18,16;1,23,24,4,12,18;0,25,2,7,20;5,19,6,17,21;3,22,8,25,18,12;6,8,9,21,15;0,1,13,12,16,25;5,10,22,6,15;0,1,23,7,14;5,15,17,9,6,26;2,11,3,16,8,10,19,6,25;1,13,24,7,20;2,11,4,13,23,7;0,14,2,22,6,9,8,16,18;5,10,8,6,21 17
rp2_c33_w2_t1563 27 1,20,14,25,18;0,20,23,13,18;7,24,11,22,25,14;4,12,16,22,11;3,12,13,24,11;10,19,15,21,26;8,17,15,19,22,25,9,21,26;2,24,23,20,14;6,17,9,25,16,22,10,26;6,25,8,17,21;5,19,22,8,26;2,24,4,3,22;3,4,13,18,16;1,23,24,4,12,18;0,25,2,7,20;5,19,6,17,21;3,22,8,25,18,12;6,8,9,21,15;0,1,13,12,16,25;5,10,22,6,15;0,1,23,7,14;5,15,17,9,6,26;2,11,3,16,8,10,19,6,25;1,13,24,7,20;2,11,4,13,23,7;0,14,2,22,6,9,8,16,18;5,10,8,6,21 19
rp2_c33_w2_t1563 27 1,20,14,25,18;0,20,23,13,18;7,24,11,22,25,14;4,12,16,22,11;3,12,13,24,11;10,19,15,21,26;8,17,15,19,22,25,9,21,26;2,24,23,20,14;6,17,9,25,16,22,10,26;6,25,8,17,21;5,19,22,8,26;2,24,4,3,22;3,4,13,18,16;1,23,24,4,12,18;0,25,2,7,20;5,19,6,17,21;3,22,8,25,18,12;6,8,9,21,15;0,1,13,12,16,25;5,10,22,6,15;0,1,23,7,14;5,15,17,9,6,26;2,11,3,16,8,10,19,6,25;1,13,24,7,20;2,11,4,13,23,7;0,14,2,22,6,9,8,16,18;5,10,8,6,21 26
rp2_c33_w2_t1575 27 1,20,14,25,18;0,20,23,13,18;7,24,11,22,25,14;4,12,16,22,11;3,12,13,24,11;10,19,15,21,26;9,25,22,19,15,17,26,21;2,24,23,20,14;9,17,26,10,22,16,25;6,25,8,17,21;5,19,22,8,26;2,24,4,3,22;3,4,13,18,16;1,23,24,4,12,18;0,25,2,7,20;5,19,6,17,21;3,22,8,25,18,12;6,26,8,9,21,15;0,1,13,12,16,25;5,10,22,6,15;0,1,23,7,14;5,15,17,9,6,26;2,11,3,16,8,10,19,6,25;1,13,24,7,20;2,11,4,13,23,7;0,14,2,22,6,9,8,16,18;5,10,8,17,6,21 5
rp2_c33_w2_t1575 27 1,20,14,25,18;0,20,23,13,18;7,24,11,22,25,14;4,12,16,22,11;3,12,13,24,11;10,19,15,21,26;9,25,22,19,15,17,26,21;2,24,23,20,14;9,17,26,10,22,16,25;6,25,8,17,21;5,19,22,8,26;2,24,4,3,22;3,4,13,18,16;1,23,24,4,12,18;0,25,2,7,20;5,19,6,17,21;3,22,8,25,18,12;6,26,8,9,21,15;0,1,13,12,16,25;5,10,22,6,15;0,1,23,7,14;5,15,17,9,6,26;2,11,3,16,8,10,19,6,25;1,13,24,7,20;2,11,4,13,23,7;0,14,2,22,6,9,8,16,18;5,10,8,17,6,21 9
rp2_c33_w2_t1583 27 1,20,14,25,18;0,20,23,13,18;7,24,11,22,25,14;4,12,16,22,11;3,12,13,24,11;10,19,15,21,26;9,25,22,19,15,17,26;2,24,23,20,14;9,21,17,26,10,22,16,25;6,25,8,21,26;5,19,22,8,26;2,24,4,3,22;3,4,13,18,16;1,23,24,4,12,18;0,25,2,7,20;5,19,6,17,21;3,22,8,25,18,12;6,26,8,21,15;0,1,13,12,16,25;5,10,22,6,15;0,1,23,7,14;5,15,17,8,9,26;2,11,3,16,8,10,19,6,25;1,13,24,7,20;2,11,4,13,23,7;0,14,2,22,6,9,8,16,18;5,10,8,17,6,9,21 5
rp2_c33_w2_t1591 27 1,20,14,25,18;0,20,23,13,18;7,24,11,22,25,14;4,12,16,22,11;3,12,13,24,11;10,19,15,21,26;9,25,22,19,15,17,26;2,24,23,20,14;9,16,22,10,26,17,21;6,25,16,8,21,26;5,19,22,8,26;2,24,4,3,22;3,4,13,18,16;1,23,24,4,12,18;0,25,2,7,20;5,19,6,17,21;3,22,8,9,25,18,12;6,26,8,21,15;0,1,13,12,16,25;5,10,22,6,15;0,1,23,7,14;5,15,17,8,9,26;2,11,3,16,8,10,19,6,25;1,13,24,7,20;2,11,4,13,23,7;0,14,2,22,6,9,16,18;5,10,8,17,6,9,21 5
rp2_c33_w2_t1592 27 1,20,14,25,18;0,20,23,13,18;7,24,11,22,25,14;4,12,16,22,11;3,12,13,24,11;10,19,15,21,26;9,25,22,19,15,17,26;2,24,23,20,14;9,16,22,10,17,21;6,25,16,8,21,26;5,19,22,8,17,26;2,24,4,3,22;3,4,13,18,16;1,23,24,4,12,18;0,25,2,7,20;5,19,6,17,21;3,22,8,9,25,18,12;6,26,10,8,21,15;0,1,13,12,16,25;5,10,22,6,15;0,1,23,7,14;5,15,17,8,9,26;2,11,3,16,8,10,19,6,25;1,13,24,7,20;2,11,4,13,23,7;0,14,2,22,6,9,16,18;5,10,17,6,9,21 5
rp2_c33_w2_t1596 27 1,20,14,25,18;0,20,23,13,18;7,24,11,22,25,14;4,12,16,22,11;3,12,13,24,11;10,19,15,21,26;15,19,22,25,26,17;2,24,23,20,14;9,16,22,10,17,21;8,16,25,26,21;5,19,22,8,17,26;2,24,4,3,22;3,4,13,18,16;1,23,24,4,12,18;0,25,2,7,20;5,19,6,17,21;3,22,8,9,25,18,12;6,26,10,8,21,15;0,1,13,12,16,25;5,10,22,6,15;0,1,23,7,14;5,15,17,8,9,26;2,11,3,16,8,10,19,6,25;1,13,24,7,20;2,11,4,13,23,7;0,14,2,22,6,26,9,16,18;5,10,17,6,25,9,21 5
rp2_c33_w2_t1630 27 1,20,14,25,18;0,20,23,13,18;7,24,11,22,25,14;4,12,16,22,11;3,12,13,24,11;9,21,15,19,10,26;15,19,22,25,26,17;2,24,23,20,14;9,16,22,10,21;5,21,8,16,25,26;5,19,22,8,21,17,26;2,24,4,3,22;3,4,13,18,16;1,23,24,4,12,18;0,25,2,7,20;5,19,6,17,21;3,22,8,9,25,18,12;6,26,10,21,15;0,1,13,12,16,25;5,10,22,6,15;0,1,23,7,14;5,15,17,10,8,9;2,11,3,16,8,10,19,6,25;1,13,24,7,20;2,11,4,13,23,7;0,14,2,22,6,26,9,16,18;5,10,17,6,25,9 8
rp2_c33_w2_t1630 27 1,20,14,25,18;0,20,23,13,18;7,24,11,22,25,14;4,12,16,22,11;3,12,13,24,11;9,21,15,19,10,26;15,19,22,25,26,17;2,24,23,20,14;9,16,22,10,21;5,21,8,16,25,26;5,19,22,8,21,17,26;2,24,4,3,22;3,4,13,18,16;1,23,24,4,12,18;0,25,2,7,20;5,19,6,17,21;3,22,8,9,25,18,12;6,26,10,21,15;0,1,13,12,16,25;5,10,22,6,15;0,1,23,7,14;5,15,17,10,8,9;2,11,3,16,8,10,19,6,25;1,13,24,7,20;2,11,4,13,23,7;0,14,2,22,6,26,9,16,18;5,10,17,6,25,9 17
rp2_c33_w2_t1638 27 1,20,14,25,18;0,20,23,13,18;7,24,11,22,25,14;4,12,16,22,11;3,12,13,24,11;9,21,15,19,26;15,19,22,25,26,17;2,24,23,20,14;9,16,22,10,21;5,21,8,16,25,26;8,22,19,26,17,21;2,24,4,3,22;3,4,13,18,16;1,23,24,4,12,18;0,25,2,7,20;5,19,6,17,21;3,22,8,9,25,18,12;6,26,10,21,15;0,1,13,12,16,25;5,26,10,22,6,15;0,1,23,7,14;5,15,17,10,8,9;2,11,3,16,8,10,19,6,25;1,13,24,7,20;2,11,4,13,23,7;0,14,2,22,6,26,9,16,18;5,19,10,17,6,25,9 17
rp2_c33_w2_t1646 27 1,20,14,25,18;0,20,23,13,18;7,24,11,22,25,14;4,12,16,22,11;3,12,13,24,11;9,21,15,19,26;15,22,25,26,17;2,24,23,20,14;9,16,22,10,21;5,21,8,16,25,26;8,22,19,26,17,21;2,24,4,3,22;3,4,13,18,16;1,23,24,4,12,18;0,25,2,7,20;5,19,22,6,17,21;3,22,8,9,25,18,12;6,26,10,21,15;0,1,13,12,16,25;5,26,10,22,15;0,1,23,7,14;5,15,17,10,8,9;2,11,3,16,8,10,19,15,6,25;1,13,24,7,20;2,11,4,13,23,7;0,14,2,22,6,26,9,16,18;5,19,10,17,6,25,9 17
rp2_c33_w2_t1648 27 1,20,14,25,18;0,20,23,13,18;7,24,11,22,25,14;4,12,16,22,11;3,12,13,24,11;9,21,15,19,26;15,22,25,26,17;2,24,23,20,14;9,16,22,19,10,21;5,21,8,16,25,26;8,19,26,17,21;2,24,4,3,22;3,4,13,18,16;1,23,24,4,12,18;0,25,2,7,20;5,19,22,6,17,21;3,22,8,9,25,18,12;6,26,10,21,15;0,1,13,12,16,25;5,26,10,8,22,15;0,1,23,7,14;5,15,17,10,8,9;2,11,3,16,8,19,15,6,25;1,13,24,7,20;2,11,4,13,23,7;0,14,2,22,6,26,9,16,18;5,19,10,17,6,25,9 5
rp2_c33_w2_t1648 27 1,20,14,25,18;0,20,23,13,18;7,24,11,22,25,14;4,12,16,22,11;3,12,13,24,11;9,21,15,19,26;15,22,25,26,17;2,24,23,20,14;9,16,22,19,10,21;5,21,8,16,25,26;8,19,26,17,21;2,24,4,3,22;3,4,13,18,16;1,23,24,4,12,18;0,25,2,7,20;5,19,22,6,17,21;3,22,8,9,25,18,12;6,26,10,21,15;0,1,13,12,16,25;5,26,10,8,22,15;0,1,23,7,14;5,15,17,10,8,9;2,11,3,16,8,19,15,6,25;1,13,24,7,20;2,11,4,13,23,7;0,14,2,22,6,26,9,16,18;5,19,10,17,6,25,9 6
rp2_c33_w2_t1652 27 1,20,14,25,18;0,20,23,13,18;7,24,11,22,25,14;4,12,16,22,11;3,12,13,24,11;9,21,15,19,26;15,22,25,26,17;2,24,23,20,14;9,16,22,15,19,10,21;5,21,8,16,25,26;8,19,26,17,21;2,24,4,3,22;3,4,13,18,16;1,23,24,4,12,18;0,25,2,7,20;5,19,8,22,6,17,21;3,22,8,9,25,18,12;6,26,10,21,15;0,1,13,12,16,25;5,26,10,8,15;0,1,23,7,14;5,15,17,10,8,9;2,11,3,16,8,15,6,25;1,13,24,7,20;2,11,4,13,23,7;0,14,2,22,6,26,9,16,18;5,19,10,17,6,25,9 17
rp2_c33_w2_t1664 27 1,20,14,25,18;0,20,23,13,18;7,24,11,22,25,14;4,12,16,22,11;3,12,13,24,11;9,21,15,19,26;15,22,25,26,17;2,24,23,20,14;9,22,15,19,10,21;5,21,8,22,16,25,26;8,19,26,17,21;2,24,4,3,22;3,4,13,18,16;1,23,24,4,12,18;0,25,2,7,20;5,19,8,22,6,17,21;3,22,9,25,18,12;6,26,10,21,15;0,1,13,12,16,25;5,26,10,8,15;0,1,23,7,14;5,15,17,10,8,9;2,11,3,16,9,8,15,6,25;1,13,24,7,20;2,11,4,13,23,7;0,14,2,22,6,26,9,16,18;5,19,10,17,6,25,9 5
rp2_c33_w2_t1664 27 1,20,14,25,18;0,20,23,13,18;7,24,11,22,25,14;4,12,16,22,11;3,12,13,24,11;9,21,15,19,26;15,22,25,26,17;2,24,23,20,14;9,22,15,19,10,21;5,21,8,22,16,25,26;8,19,26,17,21;2,24,4,3,22;3,4,13,18,16;1,23,24,4,12,18;0,25,2,7,20;5,19,8,22,6,17,21;3,22,9,25,18,12;6,26,10,21,15;0,1,13,12,16,25;5,26,10,8,15;0,1,23,7,14;5,15,17,10,8,9;2,11,3,16,9,8,15,6,25;1,13,24,7,20;2,11,4,13,23,7;0,14,2,22,6,26,9,16,18;5,19,10,17,6,25,9 10
rp2_c33_w2_t1664 27 1,20,14,25,18;0,20,23,13,18;7,24,11,22,25,14;4,12,16,22,11;3,12,13,24,11;9,21,15,19,26;15,22,25,26,17;2,24,23,20,14;9,22,15,19,10,21;5,21,8,22,16,25,26;8,19,26,17,21;2,24,4,3,22;3,4,13,18,16;1,23,24,4,12,18;0,25,2,7,20;5,19,8,22,6,17,21;3,22,9,25,18,12;6,26,10,21,15;0,1,13,12,16,25;5,26,10,8,15;0,1,23,7,14;5,15,17,10,8,9;2,11,3,16,9,8,15,6,25;1,13,24,7,20;2,11,4,13,23,7;0,14,2,22,6,26,9,16,18;5,19,10,17,6,25,9 17
rp2_c33_w2_t1673 27 1,20,14,25,18;0,20,23,13,18;7,24,11,22,25,14;4,12,16,22,11;3,12,13,24,11;9,21,15,19,26;15,22,25,26,17;2,24,23,20,14;10,19,15,22,21;5,21,22,16,26;8,19,26,17,21;2,24,4,3,22;3,4,13,18,16;1,23,24,4,12,18;0,25,2,7,20;5,19,8,22,6,17,21;3,22,9,26,25,18,12;6,26,10,21,15;0,1,13,12,16,25;5,26,10,8,15;0,1,23,7,14;5,15,17,10,8,22,9;2,11,3,16,9,21,8,15,6,25;1,13,24,7,20;2,11,4,13,23,7;0,14,2,22,6,26,16,18;5,19,10,17,6,25,16,9 5
rp2_c33_w2_t1673 27 1,20,14,25,18;0,20,23,13,18;7,24,11,22,25,14;4,12,16,22,11;3,12,13,24,11;9,21,15,19,26;15,22,25,26,17;2,24,23,20,14;10,19,15,22,21;5,21,22,16,26;8,19,26,17,21;2,24,4,3,22;3,4,13,18,16;1,23,24,4,12,18;0,25,2,7,20;5,19,8,22,6,17,21;3,22,9,26,25,18,12;6,26,10,21,15;0,1,13,12,16,25;5,26,10,8,15;0,1,23,7,14;5,15,17,10,8,22,9;2,11,3,16,9,21,8,15,6,25;1,13,24,7,20;2,11,4,13,23,7;0,14,2,22,6,26,16,18;5,19,10,17,6,25,16,9 6
rp2_c33_w2_t1673 27 1,20,14,25,18;0,20,23,13,18;7,24,11,22,25,14;4,12,16,22,11;3,12,13,24,11;9,21,15,19,26;15,22,25,26,17;2,24,23,20,14;10,19,15,22,21;5,21,22,16,26;8,19,26,17,21;2,24,4,3,22;3,4,13,18,16;1,23,24,4,12,18;0,25,2,7,20;5,19,8,22,6,17,21;3,22,9,26,25,18,12;6,26,10,21,15;0,1,13,12,16,25;5,26,10,8,15;0,1,23,7,14;5,15,17,10,8,22,9;2,11,3,16,9,21,8,15,6,25;1,13,24,7,20;2,11,4,13,23,7;0,14,2,22,6,26,16,18;5,19,10,17,6,25,16,9 8
rp2_c33_w2_t1673 27 1,20,14,25,18;0,20,23,13,18;7,24,11,22,25,14;4,12,16,22,11;3,12,13,24,11;9,21,15,19,26;15,22,25,26,17;2,24,23,20,14;10,19,15,22,21;5,21,22,16,26;8,19,26,17,21;2,24,4,3,22;3,4,13,18,16;1,23,24,4,12,18;0,25,2,7,20;5,19,8,22,6,17,21;3,22,9,26,25,18,12;6,26,10,21,15;0,1,13,12,16,25;5,26,10,8,15;0,1,23,7,14;5,15,17,10,8,22,9;2,11,3,16,9,21,8,15,6,25;1,13,24,7,20;2,11,4,13,23,7;0,14,2,22,6,26,16,18;5,19,10,17,6,25,16,9 9
rp2_c33_w2_t1673 27 1,20,14,25,18;0,20,23,13,18;7,24,11,22,25,14;4,12,16,22,11;3,12,13,24,11;9,21,15,19,26;15,22,25,26,17;2,24,23,20,14;10,19,15,22,21;5,21,22,16,26;8,19,26,17,21;2,24,4,3,22;3,4,13,18,16;1,23,24,4,12,18;0,25,2,7,20;5,19,8,22,6,17,21;3,22,9,26,25,18,12;6,26,10,21,15;0,1,13,12,16,25;5,26,10,8,15;0,1,23,7,14;5,15,17,10,8,22,9;2,11,3,16,9,21,8,15,6,25;1,13,24,7,20;2,11,4,13,23,7;0,14,2,22,6,26,16,18;5,19,10,17,6,25,16,9 10
rp2_c33_w2_t1673 27 1,20,14,25,18;0,20,23,13,18;7,24,11,22,25,14;4,12,16,22,11;3,12,13,24,11;9,21,15,19,26;15,22,25,26,17;2,24,23,20,14;10,19,15,22,21;5,21,22,16,26;8,19,26,17,21;2,24,4,3,22;3,4,13,18,16;1,23,24,4,12,18;0,25,2,7,20;5,19,8,22,6,17,21;3,22,9,26,25,18,12;6,26,10,21,15;0,1,13,12,16,25;5,26,10,8,15;0,1,23,7,14;5,15,17,10,8,22,9;2,11,3,16,9,21,8,15,6,25;1,13,24,7,20;2,11,4,13,23,7;0,14,2,22,6,26,16,18;5,19,10,17,6,25,16,9 17
rp2_c33_w2_t1673 27 1,20,14,25,18;0,20,23,13,18;7,24,11,22,25,14;4,12,16,22,11;3,12,13,24,11;9,21,15,19,26;15,22,25,26,17;2,24,23,20,14;10,19,15,22,21;5,21,22,16,26;8,19,26,17,21;2,24,4,3,22;3,4,13,18,16;1,23,24,4,12,18;0,25,2,7,20;5,19,8,22,6,17,21;3,22,9,26,25,18,12;6,26,10,21,15;0,1,13,12,16,25;5,26,10,8,15;0,1,23,7,14;5,15,17,10,8,22,9;2,11,3,16,9,21,8,15,6,25;1,13,24,7,20;2,11,4,13,23,7;0,14,2,22,6,26,16,18;5,19,10,17,6,25,16,9 19
rp2_c33_w2_t1722 27 1,20,14,25,18;0,20,23,13,18;7,24,11,22,25,14;4,12,16,22,11;3,12,13,24,11;9,21,17,15,19,26;15,22,25,26,17;2,24,23,20,14;10,19,15,22,21;5,21,22,16,26;8,19,26,17,21;2,24,4,3,22;3,4,13,18,16;1,23,24,4,12,18;0,25,2,7,20;5,19,8,22,6,17;3,22,9,26,25,18,12;5,15,6,26,10,21;0,1,13,12,16,25;5,26,10,8,15;0,1,23,7,14;5,17,10,8,22,9;2,11,3,16,9,21,8,15,6,25;1,13,24,7,20;2,11,4,13,23,7;0,14,2,22,6,26,16,18;5,19,10,17,6,25,16,9 6
