genus2_c7401_w10_best 30 1,16,17,9,19,26;0,16,3,5,12,14,28,26;4,6,8,16,24;1,5,8,10,7,16;2,6,20,27,24;1,12,22,8,3;2,4,20,23,29,22,8;3,10,27,20,16;2,6,22,5,3,10,23,20,16;0,17,14,28,18,19;3,8,23,29,26,27,7;12,21,26,19,25,22;1,5,22,11,21,13,14;12,14,17,16,24,27,21;1,12,13,17,9,28;18,28,29,22,25;0,1,3,7,20,8,2,24,13,17;0,9,14,13,16;9,19,25,15,28;0,9,18,25,11,26;4,6,23,8,16,7,27;11,12,13,27,26;5,12,11,25,15,29,6,8;6,29,10,8,20;2,4,27,13,16;11,19,18,15,22;0,19,11,21,27,10,29,28,1;4,24,13,21,26,10,7,20;1,14,9,18,15,29,26;6,22,15,28,26,10,23 15
genus2_c7401_w10_best 30 9,17,16,26,19;3,5,12,14,28,26,16;4,6,8,16,24;1,5,8,10,7,16;2,6,20,27,24;1,12,22,8,3;2,4,20,23,29,22,8;3,10,27,20,16;2,6,22,5,3,10,23,20,16;0,17,14,28,18,19;3,8,23,29,26,27,7;12,21,26,19,25,22;1,5,22,11,21,13,14;12,14,17,16,24,27,21;1,12,13,17,9,28;18,28,29,22,25;0,26,1,3,7,20,8,2,24,13,17;0,9,14,13,16;9,19,25,15,28;0,9,18,25,11,26;4,6,23,8,16,7,27;11,12,13,27,26;5,12,11,25,15,29,6,8;6,29,10,8,20;2,4,27,13,16;11,19,18,15,22;0,19,11,21,27,10,29,28,1,16;4,24,13,21,26,10,7,20;1,14,9,18,15,29,26;6,22,15,28,26,10,23 15
genus2_c7401_w37_best 33 6,21,29,31,26,24;5,12,16,13,19,25,7;8,29,10,11,18;4,25,9,31,10,11;3,25,27,26,15,18,11;1,12,28,15,7;0,21,23,30,24;1,25,22,15,5;2,29,21,23,14,18;3,31,24,30,17,13,19,32,25;2,11,3,31,29;2,10,3,4,18;1,5,28,25,16;1,19,9,17,16;8,18,32,20,30,23;4,26,24,22,7,5,28,32,18;1,13,17,20,25,12;9,13,16,20,30;2,8,14,32,15,4,11;1,13,9,32,20,25;14,30,17,16,25,19,32;0,6,23,8,29;7,15,24,31,27,25;6,21,8,14,30;0,26,15,22,31,9,30,6;1,7,22,27,4,3,9,32,28,12,16,20,19;0,31,27,4,15,24;4,25,22,31,26;5,15,32,25,12;0,21,8,2,10,31;6,24,9,17,20,14,23;0,26,27,22,24,9,3,10,29;9,19,20,14,18,15,28,25 6
genus2_c7401_w10_best 30 9,17,16,26,19;3,5,12,14,26,16;4,6,8,16,24;1,5,8,10,7,16;2,6,20,27,24;1,12,22,6,8,3;2,4,20,23,29,22,5,8;3,10,27,20,16;2,6,5,3,10,23,20,16;0,17,14,28,18,19;3,8,23,29,27,7;12,21,26,19,25,22;1,5,22,11,21,13,14;12,14,17,16,24,27,21;1,12,13,17,9,28,29,26;18,28,29,22,25;0,26,1,3,7,20,8,2,24,13,17;0,9,14,13,16;9,19,25,15,28;0,9,18,25,11,26;4,6,23,8,16,7,27;11,12,13,27,26;5,12,11,25,15,29,6;6,29,10,8,20;2,4,27,13,16;11,19,18,15,22;0,19,11,21,27,29,14,1,16;4,24,13,21,26,29,10,7,20;9,18,15,29,14;6,22,15,28,14,26,27,10,23 15
genus2_c7401_w28_best 33 3,11,12,7,25,5,24;2,4,23,22,17,18,31,5;1,4,10,22,24,5;0,11,6,22,24;1,23,7,10,2;0,24,2,1,31,25;3,11,27,21,22;0,12,28,10,4,23,25;9,26,19,17,22,32;8,26,30,17,18,16,32;2,4,7,28,22;0,3,6,27,12;0,7,28,15,20,27,11;16,32,21,29,30,31;19,29,21,27,20;12,28,17,19,20;9,18,31,13,32;1,18,9,30,28,15,19,8,22;1,17,9,16,31;8,17,15,20,14,29,26;12,15,19,14,27;6,22,32,13,29,14,27;1,17,8,32,21,6,3,24,2,10,28,31,23;1,4,7,25,31,22;0,5,2,22,3;0,5,31,23,7;8,19,29,30,9;6,11,12,20,14,21;7,10,22,31,30,17,15,12;13,30,26,19,14,21;9,17,28,31,13,29,26;1,5,25,23,22,28,30,13,16,18;8,22,21,13,16,9 11
genus2_c7401_w10_best 30 1,16,9,19,26;0,16,5,12,14,28,26;4,6,22,8,16,24;5,8,10,7,16;2,6,20,27,24;1,12,22,8,3,16;2,4,20,23,29,22;3,10,27,20,16;2,16,20,23,10,3,5,22;0,16,17,28,18,19;3,8,23,29,26,27,7;12,21,26,19,25,22;1,5,22,11,21,13,14;12,14,17,16,24,27,21;1,12,13,17,28;18,28,29,22,25;0,9,17,13,24,2,8,20,7,3,5,1;9,16,13,14,28;9,19,25,15,28;0,9,18,25,11,26;4,6,23,8,16,7,27;11,12,13,27,26;2,6,29,15,25,11,12,5,8;6,29,10,8,20;2,4,27,13,16;11,19,18,15,22;0,19,11,21,27,10,29,28,1;4,24,13,21,26,10,7,20;1,14,17,9,18,15,29,26;6,22,15,28,26,10,23 15
genus2_c7401_w37_best 33 6,21,29,31,26,24;5,12,16,13,19,7;8,29,10,11,18;4,25,32,9,31,10,11;3,25,27,26,15,18,11;1,12,28,15,7;0,21,23,30,24;1,19,25,22,15,5;2,29,21,23,14,18;3,31,24,30,17,13,19,32;2,11,3,31,29;2,10,3,4,18;1,5,28,25,16;1,19,9,17,16;8,18,32,20,30,23;4,26,24,22,7,5,28,32,18;1,13,17,20,25,12;9,13,16,20,30;2,8,14,32,15,4,11;1,7,25,20,32,9,13;14,30,17,16,25,19,32;0,6,23,8,29;7,15,24,31,27,25;6,21,8,14,30;0,26,15,22,31,9,30,6;3,4,27,22,7,19,20,16,12,28,32;0,31,27,4,15,24;4,25,22,31,26;5,15,32,25,12;0,21,8,2,10,31;6,24,9,17,20,14,23;0,26,27,22,24,9,3,10,29;3,9,19,20,14,18,15,28,25 6
genus2_c7401_w37_best 33 6,21,29,31,26,24;5,12,16,13,19,7;8,29,10,11,18;4,11,10,31,9,32,25;3,11,18,15,26,27,22,25;1,12,28,15,22,7;0,21,23,30,24;1,19,20,25,22,5;2,29,21,23,14,18;3,32,19,13,17,14,30,24,31;2,11,3,31,29;2,10,3,4,18;1,5,28,25,20,16;1,16,17,9,19;8,18,32,17,9,30,23;4,18,32,28,5,22,24,26;1,13,17,20,12;9,14,32,19,20,16,13;2,8,14,32,15,4,11;1,7,20,17,32,9,13;7,19,17,16,12,25;0,6,23,8,29;4,25,7,5,15,24,27;6,21,8,14,30;0,26,15,22,27,31,9,30,6;3,4,22,7,20,12,28,32;0,31,27,4,15,24;4,22,24,31,26;5,15,32,25,12;0,21,8,2,10,31;6,24,9,14,23;0,26,27,24,9,3,10,29;3,9,19,17,14,18,15,28,25 11
genus2_c7401_w37_best 33 6,21,29,31,26,24;5,12,16,13,19,25,7;8,29,10,11,18;4,25,9,31,10,11;3,25,27,26,15,18,11;1,12,28,15,7;0,21,23,30,24;1,25,22,15,5;2,29,21,23,14,18;3,31,24,30,17,13,19,32,25;2,11,3,31,29;2,10,3,4,18;1,5,28,25,16;1,19,9,17,16;8,18,32,20,30,23;4,26,24,22,7,5,28,32,18;1,13,17,20,25,12;9,13,16,20,30;2,8,14,32,15,4,11;1,13,9,32,20,25;14,30,17,16,25,19,32;0,6,23,8,29;7,15,24,31,27,25;6,21,8,14,30;0,26,15,22,31,9,30,6;1,7,22,27,4,3,9,32,28,12,16,20,19;0,31,27,4,15,24;4,25,22,31,26;5,15,32,25,12;0,21,8,2,10,31;6,24,9,17,20,14,23;0,26,27,22,24,9,3,10,29;9,19,20,14,18,15,28,25 11
genus2_c7401_w37_best 33 6,21,29,31,26,24;5,12,16,13,19,7;8,29,10,11,18;4,25,32,9,31,10,11;3,25,27,26,15,18,11;1,12,28,15,7;0,21,23,30,24;1,19,25,22,15,5;2,29,21,23,14,18;3,31,24,30,17,13,19,32;2,11,3,31,29;2,10,3,4,18;1,5,28,25,16;1,19,9,17,16;8,18,32,20,30,23;4,26,24,22,7,5,28,32,18;1,13,17,20,25,12;9,13,16,20,30;2,8,14,32,15,4,11;1,7,25,20,32,9,13;14,30,17,16,25,19,32;0,6,23,8,29;7,15,24,31,27,25;6,21,8,14,30;0,26,15,22,31,9,30,6;3,4,27,22,7,19,20,16,12,28,32;0,31,27,4,15,24;4,25,22,31,26;5,15,32,25,12;0,21,8,2,10,31;6,24,9,17,20,14,23;0,26,27,22,24,9,3,10,29;3,9,19,20,14,18,15,28,25 11
genus2_c7401_w37_best 33 6,21,29,31,26,24;5,12,16,13,7;8,29,10,11,18;4,11,10,31,24,9,32,25;3,11,18,15,26,27,25;1,12,28,15,22,7;0,21,23,30,24;1,13,19,20,25,22,5;2,29,21,23,18;3,32,13,16,17,14,30,24;2,11,3,31,29;2,10,3,4,18;1,5,28,25,20,16;1,7,19,32,9,16;9,17,19,32,18,23,30;4,18,32,28,5,22,24,26;1,13,9,17,20,12;9,14,19,20,16;2,8,23,14,32,15,4,11;7,20,17,14,32,13;7,19,17,16,12,25;0,6,23,8,29;5,7,25,27,24,15;6,21,8,18,14,30;0,26,15,22,27,31,3,9,30,6;3,4,27,22,7,20,12,28,32;0,31,27,4,15,24;4,25,22,24,31,26;5,15,32,25,12;0,21,8,2,10,31;6,24,9,14,23;0,26,27,24,3,10,29;3,9,13,19,14,18,15,28,25 6
genus2_c7401_w26_best 27 1,6,17,22,13,4,24;0,6,14,16,7,24;5,9,25,24,12;14,16,15,26,21,20;0,13,23,19,24;2,9,15,25,10,23,19,18,12;0,1,14,20,17;1,16,11,18,22,10,25,24;12,21,17,18,24;2,5,15,11,18,26,25;5,23,13,22,7,25;7,16,15,9,18;2,24,8,21,26,18,5;0,4,23,10,22;1,6,20,3,16;3,16,11,9,5,25,26;1,7,11,15,3,14;0,6,20,21,8,18,22;5,12,26,9,11,7,22,17,8,24,19;4,24,18,5,23;3,14,6,17,21;3,26,12,8,17,20;0,13,10,7,18,17;4,13,10,5,19;0,1,7,25,2,12,8,18,19,4;2,24,7,10,5,15,26,9;3,15,25,9,18,12,21 6
genus2_c7401_w30_best 31 1,24,6,5,4,8;0,24,11,26,8;3,9,10,27,23,30;2,9,6,5,15,30;0,5,9,13,8;0,4,9,10,21,28,22,15,3,6;0,5,3,9,13,7,24;6,13,20,27,11,24;0,1,26,23,13,4;2,3,6,13,4,5,10;2,9,5,21,16,27;1,26,27,7,24;14,21,16,25,17;4,8,23,30,25,22,28,20,7,6,9;12,21,20,19,17;3,5,22,18,30;10,21,12,25,27;12,25,18,19,14;15,30,25,17,19,29,22;14,17,18,29,20;7,13,28,21,14,19,29,25,27;5,10,16,12,14,20,28;5,28,13,25,29,18,15;2,27,26,8,13,30;0,1,11,7,6;12,17,18,30,13,22,29,20,27,16;1,11,27,23,8;2,23,26,11,7,20,25,16,10;5,21,20,13,22;18,19,20,25,22;2,3,15,18,25,13,23 1
genus2_c7401_w37_best 33 6,21,29,31,26,24;5,12,16,13,7;8,29,10,11,18;4,11,10,31,24,9,32,25;3,11,18,15,26,27,25;1,12,28,15,22,7;0,21,23,30,24;1,13,19,20,25,22,5;2,29,21,23,18;3,32,13,16,17,14,30,24;2,11,3,31,29;2,10,3,4,18;1,5,28,25,20,16;1,7,19,32,9,16;9,17,19,32,18,23,30;4,18,32,28,5,22,24,26;1,13,9,17,20,12;9,14,19,20,16;2,8,23,14,32,15,4,11;7,20,17,14,32,13;7,19,17,16,12,25;0,6,23,8,29;5,7,25,27,24,15;6,21,8,18,14,30;0,26,15,22,27,31,3,9,30,6;3,4,27,22,7,20,12,28,32;0,31,27,4,15,24;4,25,22,24,31,26;5,15,32,25,12;0,21,8,2,10,31;6,24,9,14,23;0,26,27,24,3,10,29;3,9,13,19,14,18,15,28,25 11
genus2_c7401_w17_best 32 4,16,18,29,17,21,20,22;5,21,15,30,9,8,7,20,27,17;3,6,24,10,18,16,19,23,28;2,6,31,4,16,28;0,16,3,31,25,22;1,21,26,29,17;2,24,14,8,11,31,3;1,8,11,25,22,20;1,7,11,6,14,9;1,8,14,19,30;2,18,27,19,24;6,31,25,7,8;18,26,21,20,27;15,27,28,23,30;6,8,9,19,24;1,30,13,27,17,21;0,18,2,19,27,28,3,4;0,21,15,27,1,5,29;0,16,2,10,27,12,26,29;2,16,27,10,24,14,9,30,23;0,22,7,1,27,12,21;0,20,12,26,5,1,15,17;0,20,7,25,4;2,28,13,30,19;2,6,14,19,10;4,22,7,11,31;5,21,12,18,29;1,20,12,18,10,19,16,28,13,15,17;2,23,13,27,16,3;0,17,5,26,18;1,9,19,23,13,15;3,4,25,11,6 31
genus2_c7401_w37_best 33 6,21,29,31,26,24;5,12,16,13,19,7;8,29,10,11,18;4,11,10,31,9,32,25;3,11,18,15,26,27,22,25;1,12,28,15,22,7;0,21,23,30,24;1,19,20,25,22,5;2,29,21,23,14,18;3,32,19,13,17,14,30,24,31;2,11,3,31,29;2,10,3,4,18;1,5,28,25,20,16;1,16,17,9,19;8,18,32,17,9,30,23;4,18,32,28,5,22,24,26;1,13,17,20,12;9,14,32,19,20,16,13;2,8,14,32,15,4,11;1,7,20,17,32,9,13;7,19,17,16,12,25;0,6,23,8,29;4,25,7,5,15,24,27;6,21,8,14,30;0,26,15,22,27,31,9,30,6;3,4,22,7,20,12,28,32;0,31,27,4,15,24;4,22,24,31,26;5,15,32,25,12;0,21,8,2,10,31;6,24,9,14,23;0,26,27,24,9,3,10,29;3,9,19,17,14,18,15,28,25 6
genus2_c7401_w28_best 33 3,11,12,7,25,5,24;2,4,23,22,17,18,31,5;1,4,10,22,24,5;0,11,6,22,24;1,23,7,10,2;0,24,2,1,31,25;3,11,27,21,22;0,12,15,28,10,4,23,25;9,26,19,17,22,21,32;8,26,30,17,18,16,32;2,4,7,28,22;0,3,6,27,12;0,7,15,20,27,11;16,32,21,29,30,28,31;19,29,21,27,20;7,28,17,19,20,12;9,18,31,13,32;1,18,9,30,28,15,19,8,22;1,17,9,16,31;8,17,15,20,14,29,26;12,15,19,14,27;6,22,8,32,13,29,14,27;1,17,8,21,6,3,24,2,10,28,31,23;1,4,7,25,31,22;0,5,2,22,3;0,5,31,23,7;8,19,29,30,9;6,11,12,20,14,21;7,10,22,31,13,30,17,15;13,30,26,19,14,21;9,17,28,13,29,26;1,5,25,23,22,28,13,16,18;8,21,13,16,9 11
genus2_c7401_w10_best 30 1,16,9,19,26;0,16,5,12,14,28,26;4,6,22,8,16,24;5,8,10,7,16;2,6,20,27,24;1,12,22,8,3,16;2,4,20,23,29,22;3,10,27,20,16;2,16,20,23,10,3,5,22;0,16,17,28,18,19;3,8,23,29,26,27,7;12,21,26,19,25,22;1,5,22,11,21,13,14;12,14,17,16,24,27,21;1,12,13,17,28;18,28,29,22,25;0,9,17,13,24,2,8,20,7,3,5,1;9,16,13,14,28;9,19,25,15,28;0,9,18,25,11,26;4,6,23,8,16,7,27;11,12,13,27,26;2,6,29,15,25,11,12,5,8;6,29,10,8,20;2,4,27,13,16;11,19,18,15,22;0,19,11,21,27,10,29,28,1;4,24,13,21,26,10,7,20;1,14,17,9,18,15,29,26;6,22,15,28,26,10,23 14
genus2_c7401_w10_best 30 1,16,9,19,26;0,16,5,12,14,28,26;4,6,22,8,16,24;5,8,10,7,16;2,6,20,27,24;1,12,22,8,3,16;2,4,20,23,29,22;3,10,27,20,16;2,16,20,23,10,3,5,22;0,16,17,28,18,19;3,8,23,29,26,27,7;12,21,26,19,25,22;1,5,22,11,21,13,14;12,14,17,16,24,27,21;1,12,13,17,28;18,28,29,22,25;0,9,17,13,24,2,8,20,7,3,5,1;9,16,13,14,28;9,19,25,15,28;0,9,18,25,11,26;4,6,23,8,16,7,27;11,12,13,27,26;2,6,29,15,25,11,12,5,8;6,29,10,8,20;2,4,27,13,16;11,19,18,15,22;0,19,11,21,27,10,29,28,1;4,24,13,21,26,10,7,20;1,14,17,9,18,15,29,26;6,22,15,28,26,10,23 25
genus2_c7401_w20_best 27 5,24,8,7,21,14;3,14,26,13,20,12,17;6,9,7,22,16,14,10,20;1,14,23,25,13,11,17;7,8,20,10,23;0,24,15,19,16,14;2,9,11,13,20;0,8,4,23,22,2,9,21;0,24,12,20,4,7;2,7,21,26,25,23,12,17,11,6;2,14,23,4,20;3,17,9,6,13;1,20,8,24,15,18,23,9,17;1,20,6,11,3,25,26;0,5,16,2,10,23,3,1,26,21;5,19,18,12,24;2,14,5,19,22;1,3,11,9,12;12,23,22,19,15;5,15,18,22,16;1,12,8,4,10,2,6,13;0,7,9,26,14;2,7,23,18,19,16;3,14,10,4,7,22,18,12,9,25;0,5,15,12,8;3,13,26,9,23;1,14,21,9,25,13 19
genus2_c7401_w10_best 30 1,16,9,19,26;0,16,5,12,14,28,26;4,6,22,8,16,24;5,8,10,7,16;2,6,20,27,24;1,12,22,8,3,16;2,4,20,23,29,22;3,10,27,20,16;2,16,20,23,10,3,5,22;0,16,17,28,18,19;3,8,23,29,26,27,7;12,21,26,19,25,22;1,5,22,11,21,13,14;12,14,17,16,24,27,21;1,12,13,17,28;18,28,29,22,25;0,9,17,13,24,2,8,20,7,3,5,1;9,16,13,14,28;9,19,25,15,28;0,9,18,25,11,26;4,6,23,8,16,7,27;11,12,13,27,26;2,6,29,15,25,11,12,5,8;6,29,10,8,20;2,4,27,13,16;11,19,18,15,22;0,19,11,21,27,10,29,28,1;4,24,13,21,26,10,7,20;1,14,17,9,18,15,29,26;6,22,15,28,26,10,23 17
genus2_c7401_w10_best 30 1,16,17,9,19,26;0,16,3,5,12,14,28,26;4,6,8,16,24;1,5,8,10,7,16;2,6,20,27,24;1,12,22,8,3;2,4,20,23,29,22,8;3,10,27,20,16;2,6,22,5,3,10,23,20,16;0,17,14,28,18,19;3,8,23,29,26,27,7;12,21,26,19,25,22;1,5,22,11,21,13,14;12,14,17,16,24,27,21;1,12,13,17,9,28;18,28,29,22,25;0,1,3,7,20,8,2,24,13,17;0,9,14,13,16;9,19,25,15,28;0,9,18,25,11,26;4,6,23,8,16,7,27;11,12,13,27,26;5,12,11,25,15,29,6,8;6,29,10,8,20;2,4,27,13,16;11,19,18,15,22;0,19,11,21,27,10,29,28,1;4,24,13,21,26,10,7,20;1,14,9,18,15,29,26;6,22,15,28,26,10,23 25
genus2_c7401_w10_best 30 9,17,16,26,19;3,5,12,14,28,26,16;4,6,8,16,24;1,5,8,10,7,16;2,6,20,27,24;1,12,22,8,3;2,4,20,23,29,22,8;3,10,27,20,16;2,6,22,5,3,10,23,20,16;0,17,14,28,18,19;3,8,23,29,26,27,7;12,21,26,19,25,22;1,5,22,11,21,13,14;12,14,17,16,24,27,21;1,12,13,17,9,28;18,28,29,22,25;0,26,1,3,7,20,8,2,24,13,17;0,9,14,13,16;9,19,25,15,28;0,9,18,25,11,26;4,6,23,8,16,7,27;11,12,13,27,26;5,12,11,25,15,29,6,8;6,29,10,8,20;2,4,27,13,16;11,19,18,15,22;0,19,11,21,27,10,29,28,1,16;4,24,13,21,26,10,7,20;1,14,9,18,15,29,26;6,22,15,28,26,10,23 25
genus2_c7401_w31_best 26 6,7,18,21,22;5,8,7,13,11;3,14,25,8,10;2,14,4,12,24,10;3,14,8,7,21,12;1,8,10,24,15,11;0,7,19,20,17,25,13,23,22;0,18,23,13,1,8,4,21,9,19,6;1,7,4,14,16,17,25,2,10,5;7,19,18,22,21;2,3,24,5,8;1,5,15,20,16,13;3,4,21,18,19,24;1,7,23,6,25,14,16,11;2,3,4,8,16,13,25;5,11,20,19,24;8,14,13,11,20,17;6,20,16,8,25;0,7,23,22,9,19,12,21;6,7,9,18,12,24,15,20;6,17,16,11,15,19;0,18,12,4,7,9,22;0,6,23,18,9,21;6,13,7,18,22;3,12,19,15,5,10;2,8,17,6,13,14 15
genus2_c7401_w17_best 32 4,16,18,29,17,21,20,22;5,21,15,30,9,8,7,20,27,17;3,6,24,10,18,16,19,23,28;2,6,31,4,16,28;0,16,3,31,25,22;1,21,26,29,17;2,24,14,8,11,31,3;1,8,11,25,22,20;1,7,11,6,14,9;1,8,14,19,30;2,18,27,19,24;6,31,25,7,8;18,26,21,20,27;15,27,28,23,30;6,8,9,19,24;1,30,13,27,17,21;0,18,2,19,27,28,3,4;0,21,15,27,1,5,29;0,16,2,10,27,12,26,29;2,16,27,10,24,14,9,30,23;0,22,7,1,27,12,21;0,20,12,26,5,1,15,17;0,20,7,25,4;2,28,13,30,19;2,6,14,19,10;4,22,7,11,31;5,21,12,18,29;1,20,12,18,10,19,16,28,13,15,17;2,23,13,27,16,3;0,17,5,26,18;1,9,19,23,13,15;3,4,25,11,6 22
genus2_c7401_w27_best 31 2,25,3,30,28;10,13,18,29,15,14;0,25,6,19,26,24,27,28;0,25,23,26,24,11,9,8,30;5,16,18,13,11,9;4,16,20,21,22,8,9;2,19,10,23,25;15,17,20,19,26,29;3,30,22,5,9;3,11,4,5,8;1,13,23,6,19,27,28,21,14;3,9,4,13,23,29,24;16,18,29,24,27,19,20;1,10,23,11,4,18;1,10,21,17,15;1,14,17,7,29;4,5,20,12,18;7,15,14,21,20;1,29,12,16,4,13;2,26,7,20,12,27,10,6;5,16,12,19,7,17,21;5,20,17,14,10,28,22;5,21,28,30,8;3,25,6,10,13,11,29,26;2,26,3,11,29,12,27;0,2,6,23,3;2,19,7,29,23,3,24;2,28,10,19,12,24;0,2,27,10,21,22,30;1,18,12,24,11,23,26,7,15;0,3,8,22,28 15
genus2_c7401_w17_best 32 4,16,18,29,17,21,20,22;5,21,15,30,9,8,7,20,27,17;3,6,24,10,18,16,19,23,28;2,6,31,4,16,28;0,16,3,31,25,22;1,21,26,29,17;2,24,14,8,11,31,3;1,8,11,25,22,20;1,7,11,6,14,9;1,8,14,19,30;2,18,27,19,24;6,31,25,7,8;18,26,21,20,27;15,27,28,23,30;6,8,9,19,24;1,30,13,27,17,21;0,18,2,19,27,28,3,4;0,21,15,27,1,5,29;0,16,2,10,27,12,26,29;2,16,27,10,24,14,9,30,23;0,22,7,1,27,12,21;0,20,12,26,5,1,15,17;0,20,7,25,4;2,28,13,30,19;2,6,14,19,10;4,22,7,11,31;5,21,12,18,29;1,20,12,18,10,19,16,28,13,15,17;2,23,13,27,16,3;0,17,5,26,18;1,9,19,23,13,15;3,4,25,11,6 11
genus2_c7401_w28_best 33 3,11,12,7,25,5,24;2,4,23,22,17,18,31,5;1,4,10,22,24,5;0,11,6,22,24;1,23,7,10,2;0,24,2,1,31,25;3,11,27,21,22;0,12,28,10,4,23,25;9,26,19,17,22,32;8,26,30,17,18,16,32;2,4,7,28,22;0,3,6,27,12;0,7,28,15,20,27,11;16,32,21,29,30,31;19,29,21,27,20;12,28,17,19,20;9,18,31,13,32;1,18,9,30,28,15,19,8,22;1,17,9,16,31;8,17,15,20,14,29,26;12,15,19,14,27;6,22,32,13,29,14,27;1,17,8,32,21,6,3,24,2,10,28,31,23;1,4,7,25,31,22;0,5,2,22,3;0,5,31,23,7;8,19,29,30,9;6,11,12,20,14,21;7,10,22,31,30,17,15,12;13,30,26,19,14,21;9,17,28,31,13,29,26;1,5,25,23,22,28,30,13,16,18;8,22,21,13,16,9 16
genus2_c7401_w37_best 33 6,21,29,31,26,24;5,12,16,13,7;8,29,10,11,18;4,11,10,31,24,9,32,25;3,11,18,15,26,27,25;1,12,28,15,22,7;0,21,23,30,24;1,13,19,20,25,22,5;2,29,21,23,18;3,32,13,16,17,14,30,24;2,11,3,31,29;2,10,3,4,18;1,5,28,25,20,16;1,7,19,32,9,16;9,17,19,32,18,23,30;4,18,32,28,5,22,24,26;1,13,9,17,20,12;9,14,19,20,16;2,8,23,14,32,15,4,11;7,20,17,14,32,13;7,19,17,16,12,25;0,6,23,8,29;5,7,25,27,24,15;6,21,8,18,14,30;0,26,15,22,27,31,3,9,30,6;3,4,27,22,7,20,12,28,32;0,31,27,4,15,24;4,25,22,24,31,26;5,15,32,25,12;0,21,8,2,10,31;6,24,9,14,23;0,26,27,24,3,10,29;3,9,13,19,14,18,15,28,25 10
genus2_c7401_w37_best 33 6,21,29,31,26,24;5,12,16,13,7;8,29,10,11,18;4,11,10,31,9,32,25;3,11,18,15,26,27,22,7,25;1,12,28,15,22,7;0,21,23,30,24;1,13,19,20,25,4,22,5;2,29,21,23,14,18;3,32,19,13,17,14,30,24,31;2,11,3,31,29;2,10,3,4,18;1,5,28,25,20,16;1,7,19,9,17,16;8,18,32,17,9,30,23;4,18,32,28,5,22,24,26;1,13,17,20,12;9,14,32,19,20,16,13;2,8,14,32,15,4,11;7,20,17,32,9,13;7,19,17,16,12,25;0,6,23,8,29;4,7,5,15,24,27;6,21,8,14,30;0,26,15,22,27,31,9,30,6;3,4,7,20,12,28,32;0,31,27,4,15,24;4,22,24,31,26;5,15,32,25,12;0,21,8,2,10,31;6,24,9,14,23;0,26,27,24,9,3,10,29;3,9,19,17,14,18,15,28,25 6
genus2_c7401_w37_best 33 6,21,29,31,26,24;5,12,16,13,7;8,29,10,11,18;4,11,10,31,24,9,32,25;3,11,18,15,26,27,25;1,12,28,15,22,7;0,21,23,30,24;1,13,19,20,25,22,5;2,29,21,23,18;3,32,13,16,17,14,30,24;2,11,3,31,29;2,10,3,4,18;1,5,28,25,20,16;1,7,19,32,9,16;9,17,19,32,18,23,30;4,18,32,28,5,22,24,26;1,13,9,17,20,12;9,14,19,20,16;2,8,23,14,32,15,4,11;7,20,17,14,32,13;7,19,17,16,12,25;0,6,23,8,29;5,7,25,27,24,15;6,21,8,18,14,30;0,26,15,22,27,31,3,9,30,6;3,4,27,22,7,20,12,28,32;0,31,27,4,15,24;4,25,22,24,31,26;5,15,32,25,12;0,21,8,2,10,31;6,24,9,14,23;0,26,27,24,3,10,29;3,9,13,19,14,18,15,28,25 30
genus2_c7401_w30_best 31 1,24,6,5,4,8;0,24,11,26,8;3,9,10,27,23,30;2,9,6,5,15,30;0,5,9,13,8;0,4,9,10,21,28,22,15,3,6;0,5,3,9,13,7,24;6,13,20,27,11,24;0,1,26,23,13,4;2,3,6,13,4,5,10;2,9,5,21,16,27;1,26,27,7,24;14,21,16,25,17;4,8,23,30,25,22,28,20,7,6,9;12,21,20,19,17;3,5,22,18,30;10,21,12,25,27;12,25,18,19,14;15,30,25,17,19,29,22;14,17,18,29,20;7,13,28,21,14,19,29,25,27;5,10,16,12,14,20,28;5,28,13,25,29,18,15;2,27,26,8,13,30;0,1,11,7,6;12,17,18,30,13,22,29,20,27,16;1,11,27,23,8;2,23,26,11,7,20,25,16,10;5,21,20,13,22;18,19,20,25,22;2,3,15,18,25,13,23 11
genus2_c7401_w10_best 30 1,16,17,9,19,26;0,16,3,5,12,14,28,26;4,6,8,16,24;1,5,8,10,7,16;2,6,20,27,24;1,12,22,8,3;2,4,20,23,29,22,8;3,10,27,20,16;2,6,22,5,3,10,23,20,16;0,17,14,28,18,19;3,8,23,29,26,27,7;12,21,26,19,25,22;1,5,22,11,21,13,14;12,14,17,16,24,27,21;1,12,13,17,9,28;18,28,29,22,25;0,1,3,7,20,8,2,24,13,17;0,9,14,13,16;9,19,25,15,28;0,9,18,25,11,26;4,6,23,8,16,7,27;11,12,13,27,26;5,12,11,25,15,29,6,8;6,29,10,8,20;2,4,27,13,16;11,19,18,15,22;0,19,11,21,27,10,29,28,1;4,24,13,21,26,10,7,20;1,14,9,18,15,29,26;6,22,15,28,26,10,23 18
genus2_c7401_w10_best 30 9,17,16,26,19;3,5,12,14,28,26,16;4,6,8,16,24;1,5,8,10,7,16;2,6,20,27,24;1,12,22,8,3;2,4,20,23,29,22,8;3,10,27,20,16;2,6,22,5,3,10,23,20,16;0,17,14,28,18,19;3,8,23,29,26,27,7;12,21,26,19,25,22;1,5,22,11,21,13,14;12,14,17,16,24,27,21;1,12,13,17,9,28;18,28,29,22,25;0,26,1,3,7,20,8,2,24,13,17;0,9,14,13,16;9,19,25,15,28;0,9,18,25,11,26;4,6,23,8,16,7,27;11,12,13,27,26;5,12,11,25,15,29,6,8;6,29,10,8,20;2,4,27,13,16;11,19,18,15,22;0,19,11,21,27,10,29,28,1,16;4,24,13,21,26,10,7,20;1,14,9,18,15,29,26;6,22,15,28,26,10,23 0
genus2_c7401_w37_best 33 6,21,29,31,26,24;5,12,16,13,7;8,29,10,11,18;4,11,10,31,24,9,32,25;3,11,18,15,26,27,25;1,12,28,15,22,7;0,21,23,30,24;1,13,19,20,25,22,5;2,29,21,23,18;3,32,13,16,17,14,30,24;2,11,3,31,29;2,10,3,4,18;1,5,28,25,20,16;1,7,19,32,9,16;9,17,19,32,18,23,30;4,18,32,28,5,22,24,26;1,13,9,17,20,12;9,14,19,20,16;2,8,23,14,32,15,4,11;7,20,17,14,32,13;7,19,17,16,12,25;0,6,23,8,29;5,7,25,27,24,15;6,21,8,18,14,30;0,26,15,22,27,31,3,9,30,6;3,4,27,22,7,20,12,28,32;0,31,27,4,15,24;4,25,22,24,31,26;5,15,32,25,12;0,21,8,2,10,31;6,24,9,14,23;0,26,27,24,3,10,29;3,9,13,19,14,18,15,28,25 8
genus2_c7401_w37_best 33 6,21,29,31,26,24;5,12,16,13,19,25,7;8,29,10,11,18;4,25,9,31,10,11;3,25,27,26,15,18,11;1,12,28,15,7;0,21,23,30,24;1,25,22,15,5;2,29,21,23,14,18;3,31,24,30,17,13,19,32,25;2,11,3,31,29;2,10,3,4,18;1,5,28,25,16;1,19,9,17,16;8,18,32,20,30,23;4,26,24,22,7,5,28,32,18;1,13,17,20,25,12;9,13,16,20,30;2,8,14,32,15,4,11;1,13,9,32,20,25;14,30,17,16,25,19,32;0,6,23,8,29;7,15,24,31,27,25;6,21,8,14,30;0,26,15,22,31,9,30,6;1,7,22,27,4,3,9,32,28,12,16,20,19;0,31,27,4,15,24;4,25,22,31,26;5,15,32,25,12;0,21,8,2,10,31;6,24,9,17,20,14,23;0,26,27,22,24,9,3,10,29;9,19,20,14,18,15,28,25 21
genus2_c7401_w37_best 33 6,21,29,31,26,24;5,12,16,13,19,7;8,29,10,11,18;4,25,32,9,31,10,11;3,25,27,26,15,18,11;1,12,28,15,7;0,21,23,30,24;1,19,25,22,15,5;2,29,21,23,14,18;3,31,24,30,17,13,19,32;2,11,3,31,29;2,10,3,4,18;1,5,28,25,16;1,19,9,17,16;8,18,32,20,30,23;4,26,24,22,7,5,28,32,18;1,13,17,20,25,12;9,13,16,20,30;2,8,14,32,15,4,11;1,7,25,20,32,9,13;14,30,17,16,25,19,32;0,6,23,8,29;7,15,24,31,27,25;6,21,8,14,30;0,26,15,22,31,9,30,6;3,4,27,22,7,19,20,16,12,28,32;0,31,27,4,15,24;4,25,22,31,26;5,15,32,25,12;0,21,8,2,10,31;6,24,9,17,20,14,23;0,26,27,22,24,9,3,10,29;3,9,19,20,14,18,15,28,25 21
genus2_c7401_w17_best 32 4,16,18,29,17,21,20,22;5,21,15,30,9,8,7,20,27,17;3,6,24,10,18,16,19,23,28;2,6,31,4,16,28;0,16,3,31,25,22;1,21,26,29,17;2,24,14,8,11,31,3;1,8,11,25,22,20;1,7,11,6,14,9;1,8,14,19,30;2,18,27,19,24;6,31,25,7,8;18,26,21,20,27;15,27,28,23,30;6,8,9,19,24;1,30,13,27,17,21;0,18,2,19,27,28,3,4;0,21,15,27,1,5,29;0,16,2,10,27,12,26,29;2,16,27,10,24,14,9,30,23;0,22,7,1,27,12,21;0,20,12,26,5,1,15,17;0,20,7,25,4;2,28,13,30,19;2,6,14,19,10;4,22,7,11,31;5,21,12,18,29;1,20,12,18,10,19,16,28,13,15,17;2,23,13,27,16,3;0,17,5,26,18;1,9,19,23,13,15;3,4,25,11,6 25
genus2_c7401_w37_best 33 6,21,29,31,26,24;5,12,16,13,7;8,29,10,11,18;4,11,10,31,9,32,25;3,11,18,15,26,27,22,7,25;1,12,28,15,22,7;0,21,23,30,24;1,13,19,20,25,4,22,5;2,29,21,23,14,18;3,32,19,13,17,14,30,24,31;2,11,3,31,29;2,10,3,4,18;1,5,28,25,20,16;1,7,19,9,17,16;8,18,32,17,9,30,23;4,18,32,28,5,22,24,26;1,13,17,20,12;9,14,32,19,20,16,13;2,8,14,32,15,4,11;7,20,17,32,9,13;7,19,17,16,12,25;0,6,23,8,29;4,7,5,15,24,27;6,21,8,14,30;0,26,15,22,27,31,9,30,6;3,4,7,20,12,28,32;0,31,27,4,15,24;4,22,24,31,26;5,15,32,25,12;0,21,8,2,10,31;6,24,9,14,23;0,26,27,24,9,3,10,29;3,9,19,17,14,18,15,28,25 11
genus2_c7401_w37_best 33 6,21,29,31,26,24;5,12,16,13,19,25,7;8,29,10,11,18;4,25,9,31,10,11;3,25,27,26,15,18,11;1,12,28,15,7;0,21,23,30,24;1,25,22,15,5;2,29,21,23,14,18;3,31,24,30,17,13,19,32,25;2,11,3,31,29;2,10,3,4,18;1,5,28,25,16;1,19,9,17,16;8,18,32,20,30,23;4,26,24,22,7,5,28,32,18;1,13,17,20,25,12;9,13,16,20,30;2,8,14,32,15,4,11;1,13,9,32,20,25;14,30,17,16,25,19,32;0,6,23,8,29;7,15,24,31,27,25;6,21,8,14,30;0,26,15,22,31,9,30,6;1,7,22,27,4,3,9,32,28,12,16,20,19;0,31,27,4,15,24;4,25,22,31,26;5,15,32,25,12;0,21,8,2,10,31;6,24,9,17,20,14,23;0,26,27,22,24,9,3,10,29;9,19,20,14,18,15,28,25 10
