n1_7121_17_230_K_L 29 1,2,3,4,5;0,2,5,8,14;0,1,3,22,28;0,2,4,6,7,15,17,19,23,26,27;0,3,5,19,21,25;0,1,4,8,9,12;3,7,10,12,19,21;3,6,10,11,12,20,23;1,5,12,18,26,28;5,13,14,27,28;6,7,11,12,13;7,10,16,24,26;5,6,7,8,10,20;9,10,14,18,24,28;1,9,13,20,22,24;3,17,24,25,27;11,19,21,23,26,27;3,15,25;8,13,26,28;3,4,6,16,23;7,12,14,24,25;4,6,16,22,25,27;2,14,21,24,26;3,7,16,19,27;11,13,14,15,20,22;4,15,17,20,21,27;3,8,11,16,18,22;3,9,15,16,21,23,25,28;2,8,9,13,18,27
n1_7121_17_330_K_L 29 1,2,3,4,5;0,2,5,8,14;0,1,3,22,28;0,2,4,15,16,19,23,26,27;0,3,5,10,19,21,24;0,1,4,8,9,11,12;7,8,10,11,16;6,19,21,26,27;1,5,6,11,18,28;5,12,13,14,27,28;4,6,11,13,23,24;5,6,8,10,15,20,24;5,9,15,26;9,10,14,18,25,28;1,9,13,20,22,24;3,11,12,17,19,24,25;3,6,20,23,27;15,21,24,25;8,13,26,28;3,4,7,15,21,25;11,14,16,24;4,7,17,19,22,24,25;2,14,21,24,26;3,10,16,27;4,10,11,14,15,17,20,21,22;13,15,17,19,21;3,7,12,18,22;3,7,9,16,23,28;2,8,9,13,18,27
n1_7121_17_5_K_L 29 1,2,3,4,5;0,2,5,8,28;0,1,3,22,23;0,2,4,6,15,16,17,19,24,27;0,3,5,11,17,19,25,27;0,1,4,8,9,11;3,7,17,21;6,10,11,20,23,26;1,5,11,18,26,28;5,13,14,19,28;7,11,13,15,24,25;4,5,7,8,10,20,26;16,20,25,26;9,10,14,18,24,28;9,13,20,22,24;3,10,24,25,27;3,12,21,23,27;3,4,6,21,25;8,13,26,28;3,4,9,23,25;7,11,12,14,24;6,16,17,22,23,26;2,14,21,25,26;2,7,16,19,21;3,10,13,14,15,20,27;4,10,12,15,17,19,22;7,8,11,12,18,21,22;3,4,15,16,24,28;1,8,9,13,18,27
n1_7121_17_121_K_L 29 1,2,3,4,5;0,2,5,8,14;0,1,3,6,22;0,2,4,7,15,16,17,19,24;0,3,5,10,11,21,24,25,27;0,1,4,8,9,12;2,7,8,17,19,21;3,6,12,19,23,27;1,5,6,12,18,28;5,13,14,19,28;4,11,13,24,25;4,10,20,24;5,7,8,20,25,26;9,10,14,18,24,28;1,9,13,20,22,24;3,17,24,27;3,17,20,23,26;3,6,15,16,21,25;8,13,26,28;3,6,7,9,23;11,12,14,16,24;4,6,17,22,23,24,26,27;2,14,21,24,26;7,16,19,21;3,4,10,11,13,14,15,20,21,22,27;4,10,12,17;12,16,18,21,22;4,7,15,21,24,28;8,9,13,18,27
n1_7121_17_522_K_L 29 1,2,3,4,5;0,2,5,8,14;0,1,3,22,28;0,2,4,7,15,16,17,19,24,25,26,27;0,3,5,10,12,17,24;0,1,4,8,9,11;7,8,10,11,16,21,27;3,6,11,12,23,27;1,5,6,18,27,28;5,13,14,17,28;4,6,11,13,25;5,6,7,10,20,26;4,7,20,24;9,10,14,18,24,28;1,9,13,20,22,24;3,19,24,25,27;3,6,19,20,21,26;3,4,9,23,25,28;8,13,26,28;3,15,16,21,25;11,12,14,16,24;6,16,19,22,23;2,14,21,25,26;7,17,21;3,4,12,13,14,15,20,27;3,10,15,17,19,22;3,11,16,18,22;3,6,7,8,15,24;2,8,9,13,17,18
n1_7121_17_674_K_L 29 1,2,3,4,5;0,2,5,8,14;0,1,3,22,28;0,2,4,7,15,17,19,25,26,27;0,3,5,10,21,24,25,27;0,1,4,8,9,11,12;7,10,12,19;3,6,17,19,20,26,27;1,5,18,23,27,28;5,11,13,14,17,28;4,6,12,13,24;5,9,15;5,6,10,16,20,26;9,10,14,18,25,28;1,9,13,20,22,25;3,11,17,24;12,21,23,26,27;3,7,9,15,23,24,28;8,13,26,28;3,6,7,21,25;7,12,14,25;4,16,19,22,23,24,25;2,14,21,24,26;8,16,17,21,27;4,10,15,17,21,22;3,4,13,14,19,20,21;3,7,12,16,18,22;3,4,7,8,16,23;2,8,9,13,17,18
n1_7121_17_782_K_L 29 1,2,3,4,5;0,2,5,8,14;0,1,3,22,28;0,2,4,22,23,25,26,27;0,3,5,11,19,21,25;0,1,4,8,9,11,12;7,10,12,17;6,10,12,17,20,23,26,27;1,5,12,18,23,28;5,11,13,14,17,28;6,7,12,13,15,24;4,5,9,15;5,6,7,8,10,20,26;9,10,14,18,24,28;1,9,13,20,22,24;10,11,21,24,25,27;17,21,23;6,7,9,16,21,25;8,13,26,28;4,21,23,24,28;7,12,14,25;4,15,16,17,19,24,25,27;2,3,14,24,26;3,7,8,16,19,27;10,13,14,15,19,21,22;3,4,15,17,20,21;3,7,12,18,22;3,7,15,21,23;2,8,9,13,18,19
n1_7121_17_1069_K_L 29 1,2,3,4,5;0,2,5,8,14;0,1,3,6,22;0,2,4,15,16,17,19,24,27;0,3,5,10,19,21,24;0,1,4,8,9,11,12;2,10,11,16;17,19,21,24;1,5,11,18,26,28;5,12,13,14,19,28;4,6,11,13,24,25;5,6,8,10,16,20,26;5,9,15;9,10,14,18,24,25,28;1,9,13,20,22,24,25;3,12,19,24;3,6,11,19,20,23,26,27;3,7,21,24,28;8,13,26,28;3,4,7,9,15,16,23;11,14,16,24;4,7,17,22,23,24,26;2,14,21,25,26;16,19,21,27;3,4,7,10,13,14,15,17,20,21,27;10,13,14,22;8,11,16,18,21,22;3,16,23,24;8,9,13,17,18
n1_7121_17_1232_K_L 29 1,2,3,4,5;0,2,5,8,28;0,1,3,22,23;0,2,4,6,7,15,16,17,19,24,26;0,3,5,10,24,27;0,1,4,8,9,11,12;3,16,17,27;3,11,17,25;1,5,11,18,26,28;5,11,13,14,17,28;4,12,13,23,24,25;5,7,8,9,23;5,10,16,20,25,26;9,10,14,18,24,28;9,13,20,22,24;3,17,19,21,24,25;3,6,12,17,20,23,26,27;3,6,7,9,15,16,25;8,13,26,28;3,15,21,24,28;12,14,16,24;15,19,22,24,27;2,14,21,24,26;2,10,11,16;3,4,10,13,14,15,19,20,21,22;7,10,12,15,17;3,8,12,16,18,22;4,6,16,21;1,8,9,13,18,19
n1_7121_17_1766_K_L 29 1,2,3,4,5;0,2,5,8,14;0,1,3,22,28;0,2,4,6,17,19,23,25,27;0,3,5,19,21,24,25;0,1,4,8,9,11;3,16,19,27;10,12,25,27;1,5,11,18,26,28;5,13,14,27,28;7,12,13,15,16,24;5,8,15,16,20,24,26;7,10,15,20,25;9,10,14,18,25,28;1,9,13,20,22,25;10,11,12,17,21,25;6,10,11,19,20,23,26;3,15,25,28;8,13,26,28;3,4,6,16;11,12,14,16,24,25;4,15,22,25,26,27;2,14,21,25,26;3,16,27;4,10,11,20,27;3,4,7,12,13,14,15,17,20,21,22;8,11,16,18,21,22;3,6,7,9,21,23,24;2,8,9,13,17,18
n1_7121_17_2156_K_L 29 1,2,3,4,5;0,2,5,8,28;0,1,3,22,23;0,2,4,17,24,26;0,3,5,9,19,25,27;0,1,4,7,8,9,12;16,17,21;5,11,19,21,24;1,5,12,18,23,26;4,5,13,14,27,28;13,15,16,19,23,24;7,15,20,25;5,8,16,20,23,26;9,10,14,18,24,28;9,13,20,22,24;10,11,17,24;6,10,12,20,21,23,27,28;3,6,15,21,24,28;8,13,26,28;4,7,10,20,24;11,12,14,16,19,25;6,7,16,17,22,23,25,27;2,14,21,24,26;2,8,10,12,16,21,27;3,7,10,13,14,15,17,19,22;4,11,20,21,27;3,8,12,18,22;4,9,16,21,23,25;1,9,13,16,17,18
n1_7121_17_2263_K_L 29 1,2,3,4,5;0,2,5,8,28;0,1,3,22,23;0,2,4,6,15,22,24,27;0,3,5,6,21,24,27;0,1,4,8,9,11,12,15;3,4,10,14,20,22;9,10,11,17,24;1,5,18,19,26,28;5,7,12,13,14,15,17,28;6,7,13,19,23;5,7,15,20,25;5,9,16,26;9,10,14,18,25,28;6,9,13,20,22,25;3,5,9,11;12,17,19,20,21,23,26,27;7,9,16,21,23,24;8,13,26,28;8,10,16,20,26;6,11,14,16,19,25;4,16,17,23,26,27;2,3,6,14,26;2,10,16,17,21,27;3,4,7,17;11,13,14,20;8,12,16,18,19,21,22;3,4,16,21,23,28;1,8,9,13,18,27
n1_7121_17_2353_K_L 29 1,2,3,4,5;0,2,5,8,14;0,1,3,22,28;0,2,4,17,24,25,27;0,3,5,9,11,17,27;0,1,4,8,9,11,15;10,11,13,15,19,20;10,11,12,25;1,5,11,18,26,28;4,5,13,14,17,28;6,7,11,13,16,23,25;4,5,6,7,8,10,15,20;7,20,24;6,9,10,14,18,28;1,9,13,20,22,25;5,6,11,21,24,25;10,19,20,21,23,26,27;3,4,9,21,23,24,28;8,13,26,28;6,16,20,25,26;6,11,12,14,16,19;15,16,17,22,23,26;2,14,21,24,26;10,16,17,21;3,12,15,17,22,27;3,7,10,14,15,19;8,16,18,19,21,22;3,4,16,24;2,8,9,13,17,18
n1_7121_17_2477_K_L 29 1,2,3,4,5;0,2,5,8,14;0,1,3,22,28;0,2,4,17,22,25,27;0,3,5,9,17,21,25,27;0,1,4,8,9,15,19;7,10,11,14;6,9,10,11,24;1,5,12,18,23;4,5,7,12,14,15,27,28;6,7,13,19,23,24,25;6,7,16,20,23;8,9,15,16,20,23;10,14,18,24,28;1,6,9,13,20,22,25;5,9,12;11,12,17,19,20,21,23,26,28;3,4,16,21,23,28;8,13,26,28;5,10,16,20,24,26;11,12,14,16,19,25;4,16,17,23,26;2,3,14,25,26;8,10,11,12,16,17,21;7,10,13,19,27;3,4,10,14,20,22;16,18,19,21,22;3,4,9,24;2,9,13,16,17,18
n1_7121_17_230_K_L_L 29 1,2,3,4,5;0,2,5,8,14;0,1,3,22,28;0,2,4,6,7,15,17,19,23,26,27;0,3,5,19,21,25;0,1,4,8,9,12;3,7,10,12,19,21;3,6,10,11,12,20,23;1,5,12,18,26,28;5,13,14,27,28;6,7,11,12,13;7,10,16,24,26;5,6,7,8,10,20;9,10,14,18,24,28;1,9,13,20,22,24;3,17,24,25,27;11,19,21,23,26,27;3,15,25;8,13,26,28;3,4,6,16,23;7,12,14,24,25;4,6,16,22,25,27;2,14,21,24,26;3,7,16,19,27;11,13,14,15,20,22;4,15,17,20,21,27;3,8,11,16,18,22;3,9,15,16,21,23,25,28;2,8,9,13,18,27
n1_7121_17_330_K_L_L 29 1,2,3,4,5;0,2,5,8,14;0,1,3,22,28;0,2,4,15,16,19,23,26,27;0,3,5,10,19,21,24;0,1,4,8,9,11,12;7,8,10,11,16;6,19,21,26,27;1,5,6,11,18,28;5,12,13,14,27,28;4,6,11,13,23,24;5,6,8,10,15,20,24;5,9,15,26;9,10,14,18,25,28;1,9,13,20,22,24;3,11,12,17,19,24,25;3,6,20,23,27;15,21,24,25;8,13,26,28;3,4,7,15,21,25;11,14,16,24;4,7,17,19,22,24,25;2,14,21,24,26;3,10,16,27;4,10,11,14,15,17,20,21,22;13,15,17,19,21;3,7,12,18,22;3,7,9,16,23,28;2,8,9,13,18,27
n1_7121_17_5_K_L_L 29 1,2,3,4,5;0,2,5,8,28;0,1,3,22,23;0,2,4,6,15,16,17,19,24,27;0,3,5,11,17,19,25,27;0,1,4,8,9,11;3,7,17,21;6,10,11,20,23,26;1,5,11,18,26,28;5,13,14,19,28;7,11,13,15,24,25;4,5,7,8,10,20,26;16,20,25,26;9,10,14,18,24,28;9,13,20,22,24;3,10,24,25,27;3,12,21,23,27;3,4,6,21,25;8,13,26,28;3,4,9,23,25;7,11,12,14,24;6,16,17,22,23,26;2,14,21,25,26;2,7,16,19,21;3,10,13,14,15,20,27;4,10,12,15,17,19,22;7,8,11,12,18,21,22;3,4,15,16,24,28;1,8,9,13,18,27
n1_7121_17_121_K_L_L 29 1,2,3,4,5;0,2,5,8,14;0,1,3,6,22;0,2,4,7,15,16,17,19,24;0,3,5,10,11,21,24,25,27;0,1,4,8,9,12;2,7,8,17,19,21;3,6,12,19,23,27;1,5,6,12,18,28;5,13,14,19,28;4,11,13,24,25;4,10,20,24;5,7,8,20,25,26;9,10,14,18,24,28;1,9,13,20,22,24;3,17,24,27;3,17,20,23,26;3,6,15,16,21,25;8,13,26,28;3,6,7,9,23;11,12,14,16,24;4,6,17,22,23,24,26,27;2,14,21,24,26;7,16,19,21;3,4,10,11,13,14,15,20,21,22,27;4,10,12,17;12,16,18,21,22;4,7,15,21,24,28;8,9,13,18,27
n1_7121_17_522_K_L_L 29 1,2,3,4,5;0,2,5,8,14;0,1,3,22,28;0,2,4,7,15,16,17,19,24,25,26,27;0,3,5,10,12,17,24;0,1,4,8,9,11;7,8,10,11,16,21,27;3,6,11,12,23,27;1,5,6,18,27,28;5,13,14,17,28;4,6,11,13,25;5,6,7,10,20,26;4,7,20,24;9,10,14,18,24,28;1,9,13,20,22,24;3,19,24,25,27;3,6,19,20,21,26;3,4,9,23,25,28;8,13,26,28;3,15,16,21,25;11,12,14,16,24;6,16,19,22,23;2,14,21,25,26;7,17,21;3,4,12,13,14,15,20,27;3,10,15,17,19,22;3,11,16,18,22;3,6,7,8,15,24;2,8,9,13,17,18
n1_7121_17_674_K_L_L 29 1,2,3,4,5;0,2,5,8,14;0,1,3,22,28;0,2,4,7,15,17,19,25,26,27;0,3,5,10,21,24,25,27;0,1,4,8,9,11,12;7,10,12,19;3,6,17,19,20,26,27;1,5,18,23,27,28;5,11,13,14,17,28;4,6,12,13,24;5,9,15;5,6,10,16,20,26;9,10,14,18,25,28;1,9,13,20,22,25;3,11,17,24;12,21,23,26,27;3,7,9,15,23,24,28;8,13,26,28;3,6,7,21,25;7,12,14,25;4,16,19,22,23,24,25;2,14,21,24,26;8,16,17,21,27;4,10,15,17,21,22;3,4,13,14,19,20,21;3,7,12,16,18,22;3,4,7,8,16,23;2,8,9,13,17,18
n1_7121_17_915_K_L 29 1,2,3,4,5;0,2,5,8,14;0,1,3,22,28;0,2,4,7,17,22,24,26;0,3,5,12,17,19,21,24,25,27;0,1,4,8,9,11,12;8,10,12,16;3,11,19,26;1,5,6,12,18,28;5,11,13,14,27,28;6,12,13,15,24,25;5,7,9,26;4,5,6,8,10,20,25;9,10,14,18,24,28;1,9,13,20,22,25;10,21,25,27;6,19,20,21,23,26;3,4,21,25;8,13,26,28;4,7,16,21,25;12,14,16,24;4,15,16,17,19,23,24,27;2,3,14,24,26;16,21,27;3,4,10,13,20,21,22,27;4,10,12,14,15,17,19;3,7,11,16,18,22;4,9,15,21,23,24,28;2,8,9,13,18,27
n1_7121_103_1402_K_L 28 1,2,3,4,5;0,2,5,11,14,21;0,1,3,9,23,24,27;0,2,4,12,19,26;0,3,5,6,7,18,25;0,1,4,6,11,17,21;4,5,7,12,18,21;4,6,14,22;9,12,26,27;2,8,10,12,13,25,26;9,15,17,20,25;1,5,16,21,25,27;3,6,8,9,14,19,21,27;9,17,25,26;1,7,12,21,22,23;10,17,20,23,27;11,17,18,20;5,10,13,15,16,20,23;4,6,16,25;3,12,26;10,15,16,17,26;1,5,6,11,12,14;7,14,24,27;2,14,15,17,24,26;2,22,23,26,27;4,9,10,11,13,18,27;3,8,9,13,19,20,23,24;2,8,11,12,15,22,24,25
n1_7121_103_1522_K_L 28 1,2,3,4,5;0,2,5,11,14,21;0,1,3,9,10,23,26;0,2,4,12,19,26;0,3,5,6,7,18,25;0,1,4,6,11,17,21;4,5,7,12,18,21;4,6,14,22;10,20,24;2,12,13,25,26;2,8,13,20,23,24,25;1,5,16,21,25,27;3,6,9,14,19,21,26;9,10,17,25,27;1,7,12,21,22,23;17,20,23,27;11,17,18,23;5,13,15,16,20,23,27;4,6,16,25;3,12,24,26;8,10,15,17,24,26;1,5,6,11,12,14;7,14,24,27;2,10,14,15,16,17;8,10,19,20,22,26,27;4,9,10,11,13,18,27;2,3,9,12,19,20,24;11,13,15,17,22,24,25
n1_7121_103_1620_K_L 28 1,2,3,4,5;0,2,5,11,14,21;0,1,3,9,23,26;0,2,4,10,12,13,19,25;0,3,5,6,7,18,25;0,1,4,6,11,17,21;4,5,7,12,18,21;4,6,14,15,22,26;23,24,27;2,12,26;3,12,15,19,20,23,24;1,5,16,21,25,27;3,6,9,10,14,19,21;3,17,25,26;1,7,12,21,22,23;7,10,20,23,27;11,17,18,20;5,13,16,20,23,27;4,6,16,25;3,10,12,24,26;10,15,16,17,24,26;1,5,6,11,12,14;7,14,24,27;2,8,10,14,15,17;8,10,19,20,22,26;3,4,11,13,18,26,27;2,7,9,13,19,20,24,25;8,11,15,17,22,25
n1_7221_43_1766_K_L 28 1,2,3,4,5;0,2,5,19,20,23,24;0,1,3,6,12,14,20,22,26;0,2,4,6,12,16,22,27;0,3,5,7,9,17;0,1,4,9,23;2,3,7,12,18;4,6,8,9,11;7,11,14,23,26;4,5,7,11,12,20;17,18,20,23,27;7,8,9,13,22;2,3,6,9,14,23,27;11,17,18,21,24;2,8,12,15,25;14,16,19,21,25,26;3,15,19,21,22,25,26,27;4,10,13,18,21,23;6,10,13,17,19,21,27;1,15,16,18,25;1,2,9,10,24;13,15,16,17,18,26;2,3,11,16;1,5,8,10,12,17;1,13,20,27;14,15,16,19;2,8,15,16,21;3,10,12,16,18,24
n1_7511_15_2860_K_L 30 1,2,3,4,5;0,2,5,7,13,22;0,1,3,7,21,25,27,29;0,2,4,24,27;0,3,5,8,19,23,24;0,1,4,10,13,19,23;12,20,27,28;1,2,8,12,13,18;4,7,19,21,24;10,14,15,16,17,18,23,25;5,9,11,21;10,12,21,22,28;6,7,11,20,29;1,5,7,14,23;9,13,15,23;9,14,16,23,24;9,15,17,18,24,25;9,16,18,20,22;7,9,16,17,21;4,5,8,23,26;6,12,17,28,29;2,8,10,11,18,22,25,26,27,28,29;1,11,17,21,27,28,29;4,5,9,13,14,15,19;3,4,8,15,16,27;2,9,16,21;19,21,28,29;2,3,6,21,22,24;6,11,20,21,22,26;2,12,20,21,22,26
