n1_7211_2_933 29 1,2,3,4,5;0,2,5,8,21,23,27;0,1,3,17,21,27;0,2,4,10,13,17,19;0,3,5,7,13,14,19;0,1,4,8,14;11,12,14,19,25;4,10,12,17,18,25,28;1,5,11,13,14,16,23,27;13,14,15,17,18,21,23,26,27;3,7,15,21,23,27,28;6,8,14,16;6,7,16,17,19;3,4,8,9,15,24,25,26,27;4,5,6,8,9,11,19,20;9,10,13,23,27;8,11,12,20,22;2,3,7,9,12,18,19,20,21,24,25;7,9,17,20,21,24,25,27;3,4,6,12,14,17;14,16,17,18,23;1,2,9,10,17,18,26,28;16,24,25,26;1,8,9,10,15,20;13,17,18,22,25,27;6,7,13,17,18,22,24,26;9,13,21,22,25;1,2,8,9,10,13,15,18,24;7,10,21
n1_7211_2_1062 29 1,2,3,4,5;0,2,5,8,23,27;0,1,3,17,21;0,2,4,10,13,17,19;0,3,5,7,13,14,19;0,1,4,7,8,14;11,12,14,19,21;4,5,10,12,17,18,21,25,28;1,5,11,13,14,16,25,27;13,15,17,18,21,26,27;3,7,15,21,23,24,28;6,8,14,16;6,7,16,17,19;3,4,8,9,15,16,25,27,28;4,5,6,8,11,19,20;9,10,13,23,27;8,11,12,13,20,22;2,3,7,9,12,18,19,20,21,24,25;7,9,17,20,21,24;3,4,6,12,14,17;14,16,17,18,21,23;2,6,7,9,10,17,18,20,24,26,28;16,23,24,26,28;1,10,15,20,22,26;10,17,18,21,22,25,27;7,8,13,17,24,26;9,21,22,23,25;1,8,9,13,15,24,28;7,10,13,21,22,27
n1_7211_12_881 29 1,2,3,4,5;0,2,5,10,14,18;0,1,3,12,16,18,25;0,2,4,15,16,19,24,27;0,3,5,6,7,27,28;0,1,4,7,14,23,26;4,7,10,11,20,23,25;4,5,6,14,23,24,27;9,17,18,20,21,26,28;8,11,13,20,21,22,24,25,27;1,6,14,16,20;6,9,12,15,25;2,11,16,18;9,14,23,24;1,5,7,10,13,18,25;3,11,23,24,25,26;2,3,10,12,17,19,20,22,27;8,16,19,23,24,26;1,2,8,12,14;3,16,17,20,22,24,27;6,8,9,10,16,19;8,9,24,27;9,16,19,23,28;5,6,7,13,15,17,22;3,7,9,13,15,17,19,21,28;2,6,9,11,14,15,28;5,8,15,17,27,28;3,4,7,9,16,19,21,26;4,8,22,24,25,26
n1_7211_34_286 28 1,2,3,4,5;0,2,5,15,17;0,1,3,15,18;0,2,4,14,18,22,27;0,3,5,7,14;0,1,4,12,17;10,11,15,17,22;4,8,9,15,17,23,25;7,9,15,16,18,19,22,24;7,8,20,22,24,26;6,11,19,23,25;6,10,16,21,22,27;5,13,14,23,27;12,14,16,24,27;3,4,12,13,16,18;1,2,6,7,8,17,18;8,11,13,14,17,18,23;1,5,6,7,15,16,21,22,25,27;2,3,8,14,15,16;8,10,21,24,25,26,27;9,21,23,24,26;11,17,19,20,22,24,25;3,6,8,9,11,17,21,24;7,10,12,16,20,25,26;8,9,13,19,20,21,22,27;7,10,17,19,21,23;9,19,20,23;3,11,12,13,17,19,24
n1_7211_34_1371 28 1,2,3,4,5;0,2,5,10,16,17,23;0,1,3,9,18;0,2,4,14,18,22,27;0,3,5,12,14,19,22;0,1,4,12,16,23;10,15,17,19;8,9,17,23,24,25;7,9,16,18,22,24;2,7,8,18,19,20,22,23,24,25;1,6,11,20,22,24,25;10,12,19,20,21,26,27;4,5,11,13,14,17,27;12,14,24,27;3,4,12,13,16,18;6,17,22,23,24,26;1,5,8,14,18,23;1,6,7,12,15,20,26;2,3,8,9,14,16;4,6,9,11,25;9,10,11,17,25,26,27;11,22,23,25;3,4,8,9,10,15,21,24;1,5,7,9,15,16,21,25,26;7,8,9,10,13,15,22,27;7,9,10,19,20,21,23;11,15,17,20,23;3,11,12,13,20,24
n1_7211_36_1132 30 1,2,3,4,5;0,2,5,6,8,12,17,18,20,28;0,1,3,13,17,21,24,27;0,2,4,10,21,27;0,3,5,7,10,25,26;0,1,4,11,18,19,26;1,9,22,23,25,27,29;4,14,21,22,26,28;1,11,14,16,21,22,29;6,17,19,22,24,28;3,4,12,15,21,22,23,27;5,8,16,20,22,28;1,10,15,23,27;2,15,16,18,21,26;7,8,18,22,29;10,12,13,26,29;8,11,13,18,19,22,23,25,28;1,2,9,18,19,27;1,5,13,14,16,17,24,26,28;5,9,16,17,20,21,24,26,29;1,11,19,24,29;2,3,7,8,10,13,19,28;6,7,8,9,10,11,14,16;6,10,12,16,24,25;2,9,18,19,20,23;4,6,16,23,27,28,29;4,5,7,13,15,18,19;2,3,6,10,12,17,25,28;1,7,9,11,16,18,21,25,27;6,8,14,15,19,20,25
n1_7211_58_1157 28 1,2,3,4,5;0,2,5,9,15,17;0,1,3,8,15,18,27;0,2,4,7,14,18,22;0,3,5,12,13,14,22;0,1,4,12,16,17;10,11,15,16,20,21,22,26,27;3,14,15,24,25,26;2,15,16,20,22,24;1,18,22,23,24,26;6,11,13,18,22,24;6,10,19,21,22,23;4,5,13,17,27;4,10,12,14,24;3,4,7,13,16,18;1,2,6,7,8,17,20;5,6,8,14,17,18;1,5,12,15,16,20,26;2,3,9,10,14,16;11,21,23,24,25,27;6,8,15,17,21,23,25;6,11,19,20,25;3,4,6,8,9,10,11,23,27;9,11,19,20,22,25,27;7,8,9,10,13,19;7,19,20,21,23,27;6,7,9,17;2,6,12,19,22,23,25
n1_7211_58_1941 28 1,2,3,4,5;0,2,5,6,9,15,23;0,1,3,8,15,18,21,27;0,2,4,7,14,20;0,3,5,12,13,14;0,1,4,12,16,17;1,7,9,11,19,20,21,26,27;3,6,9,14,15,25;2,9,16,18,20,24;1,6,7,8,17,18,19,24;11,12,13,18,22,23,24,25;6,10,21,22,27;4,5,10,13,23;4,10,12,14,24;3,4,7,13,16,18;1,2,7,17,22,26;5,8,14,17,18;5,9,15,16,20,25,26;2,8,9,10,14,16;6,9,21,26;3,6,8,17,21,24,27;2,6,11,19,20,25;10,11,15,23,24,25,26;1,10,12,22,25,27;8,9,10,13,20,22;7,10,17,21,22,23;6,15,17,19,22;2,6,11,20,23
n1_7211_60_1225 28 1,2,3,4,5;0,2,5,18,23,25;0,1,3,6,14,24;0,2,4,7,12,14;0,3,5,7,9,17;0,1,4,9,23;2,10,12,18,20,21,25,26,27;3,4,8,9,11,14,16;7,11,14,16,20,23;4,5,7,11,22,23;6,18,22;7,8,9,13,22;3,6,15;11,17,19,20,22;2,3,7,8,24,25,26,27;12,16,19,20,21,22,24,25,26,27;7,8,15,18,19,20,27;4,13,19,22,23,26;1,6,10,16,19,27;13,15,16,17,18,20,26;6,8,13,15,16,19;6,15,27;9,10,11,13,15,17,23;1,5,8,9,17,22,24;2,14,15,23,26,27;1,6,14,15,27;6,14,15,17,19,24;6,14,15,16,18,21,24,25
n1_7211_76_1805 30 1,2,3,4,5;0,2,5,8,14,18;0,1,3,17,27;0,2,4,10,21,22;0,3,5,7,15,26;0,1,4,12,18,19,23,24,26;14,16,19,21,22,23;4,8,12,14,16,17,23,24,25,29;1,7,11,16,18,20,23,29;17,19,21,22,27,28;3,12,15,22;8,16,20,22,23,26,28;5,7,10,19,22,23;15,16,18,22,26;1,6,7,17,18,28;4,10,13,26,29;6,7,8,11,13,18,23,25;2,7,9,14,22,23,29;1,5,8,13,14,16,25,26;5,6,9,12,21,22,23,27;8,11,23;3,6,9,19;3,6,9,10,11,12,13,17,19,24,25;5,6,7,8,11,12,16,17,19,20,28;5,7,22,29;7,16,18,22,27;4,5,11,13,15,18;2,9,19,25;9,11,14,23;7,8,15,17,24
n1_7211_89_1088 28 1,2,3,4,5;0,2,5,9,17;0,1,3,9,18,21,27;0,2,4,10,14,19;0,3,5,7,13,14;0,1,4,12,17;9,10,11,21,22,25,26;4,8,9,10,15,21,23,25,26;7,15,16,18,19,20,22,24;1,2,6,7,22,24,26;3,6,7,12,20,22,24,25;6,19,20,21,22,27;5,10,13,17,21;4,12,14,16,24,27;3,4,13,16,18;7,8,17,18,24,26;8,13,14,18,23;1,5,12,15,22,26,27;2,8,14,15,16,27;3,8,11,21,23,24;8,10,11,24;2,6,7,11,12,19,23,24,25;6,8,9,10,11,17,24,25;7,16,19,21,25;8,9,10,13,15,19,20,21,22;6,7,10,21,22,23;6,7,9,15,17;2,11,13,17,18
n1_7211_89_1209 28 1,2,3,4,5;0,2,5,9,17;0,1,3,9,18,21,27;0,2,4,10,14,19,21;0,3,5,7,12,13,14;0,1,4,6,12;5,9,10,11,16,22,26;4,9,15,21,23,25,26;15,16,18,19,20,22,24;1,2,6,7,22,24,26;3,6,12,20,22,24;6,19,20,22,27;4,5,10,13,17,21,27;4,12,14,16,24,27;3,4,13,16,18;7,8,17,18,24,26;6,8,13,14,18,23;1,12,15,20,25,27;2,8,14,15,16,27;3,8,11,21,23,24;8,10,11,17,24;2,3,7,12,19,23,24,25;6,8,9,10,11,24,25;7,16,19,21,25,26;8,9,10,13,15,19,20,21,22;7,17,21,22,23,27;6,7,9,15,23;2,11,12,13,17,18,25
n1_7211_98_1161 28 1,2,3,4,5;0,2,5,15,17;0,1,3,8,15,18,21,26;0,2,4,10,14,18,24;0,3,5,12,13,14;0,1,4,12,17,23;15,19,25,26,27;8,11,15,17,23,24,25;2,7,9,15,16,18,20,24;8,18,19,20,23,24;3,11,12,17,22,25;7,10,17,19,21,22;4,5,10,13,17,23,24,27;4,12,14,16,24;3,4,13,16,18,19;1,2,6,7,8,18,20,23,26;8,13,14,18,23;1,5,7,10,11,12,22,27;2,3,8,9,14,15,16,21;6,9,11,14,21,23,25,26;8,9,15,24,27;2,11,18,19,23,24;10,11,17,24,27;5,7,9,12,15,16,19,21;3,7,8,9,12,13,20,21,22,26;6,7,10,19;2,6,15,19,24;6,12,17,20,22
n1_7211_99_350 28 1,2,3,4,5;0,2,5,8,21,23;0,1,3,10,14,18,22;0,2,4,7,12,15,16;0,3,5,7,9,11,17;0,1,4,9,23;12,15,18,21,24,26;3,4,8,9,11,16;1,7,11,14,16,20,23,26;4,5,7,11,22,23;2,17,23,25,27;4,7,8,9,13,22;3,6,13,14,16,17,27;11,12,17,19,20,22;2,8,12,15,18,25,27;3,6,14,16,19,20,24,25,26;3,7,8,12,15,18,19,20,27;4,10,12,13,19,22,23,26;2,6,14,16,21,27;13,15,16,17,20;8,13,15,16,19,21,24;1,6,18,20,23,26,27;2,9,11,13,17,23;1,5,8,9,10,17,21,22;6,15,20,25;10,14,15,24;6,8,15,17,21;10,12,14,16,18,21
n1_7211_99_424 28 1,2,3,4,5;0,2,5,8,21,23;0,1,3,10,14,18,22,25;0,2,4,7,12,15,16,27;0,3,5,7,9,11,17;0,1,4,9,23;15,18,19,21,24,26;3,4,8,9,11,16;1,7,11,14,16,20,23;4,5,7,11,22,23;2,15,17,23,25;4,7,8,9,12,13,22;3,11,13,14,17,27;11,12,17,19,20,22;2,8,12,15,18,25,26,27;3,6,10,14,16,19,20,24,25,26;3,7,8,15,18,19,20,27;4,10,12,13,19,22,23,26;2,6,14,16,21,24;6,13,15,16,17,20;8,13,15,16,19,21;1,6,18,20,23,26,27;2,9,11,13,17,23;1,5,8,9,10,17,21,22;6,15,18,25,27;2,10,14,15,24;6,14,15,17,21;3,12,14,16,21,24
