rp2_c33_w2_t1397 27 1,20,14,25,18;0,20,23,13,18;7,24,11,22,9,25,14;4,12,16,22,11;3,12,13,24,11;15,17,21,26,19,22;8,17,15,9,21,26;2,24,23,20,14;6,17,25,10,26;2,22,15,6,21,25;8,25,16,19,26;2,24,4,3,22;3,4,13,18,16;1,23,24,4,12,18;0,25,2,7,20;5,17,6,9,22;3,22,19,10,25,18,12;5,21,25,8,6,15;0,1,13,12,16,25;5,26,10,16,22;0,1,23,7,14;5,17,25,9,6,26;2,11,3,16,19,5,15,9;1,13,24,7,20;2,11,4,13,23,7;0,14,2,9,21,17,8,10,16,18;5,19,10,8,6,21 3
rp2_c43_w6_t259 30 2,4,5,19,8;3,6,13,23,11,20;0,4,7,16,8;1,6,21,26,20;0,2,7,13,6,5;0,4,6,16,23,11,18,19;1,3,21,17,12,9,16,5,4,13;2,4,13,23,16;0,19,26,29,27,25,9,16,2;6,12,14,25,8,16;14,28,22,27,25;1,23,5,18,20;6,17,24,28,14,9;1,23,7,4,6;9,12,28,10,25;17,24,29,26,21;2,7,23,5,6,9,8;6,21,15,24,12;5,19,26,20,11;0,8,26,18,5;1,3,26,18,11;3,6,17,15,26;10,27,29,24,28;1,11,5,16,7,13;12,17,15,29,22,28;8,9,14,10,27;3,20,18,19,8,29,15,21;8,25,10,22,29;10,14,12,24,22;8,27,22,24,15,26 21
rp2_c33_w2_t1397 27 1,20,14,25,18;0,20,23,13,18;7,24,11,22,9,25,14;4,12,16,22,11;3,12,13,24,11;15,17,21,26,19,22;8,17,15,9,21,26;2,24,23,20,14;6,17,25,10,26;2,22,15,6,21,25;8,25,16,19,26;2,24,4,3,22;3,4,13,18,16;1,23,24,4,12,18;0,25,2,7,20;5,17,6,9,22;3,22,19,10,25,18,12;5,21,25,8,6,15;0,1,13,12,16,25;5,26,10,16,22;0,1,23,7,14;5,17,25,9,6,26;2,11,3,16,19,5,15,9;1,13,24,7,20;2,11,4,13,23,7;0,14,2,9,21,17,8,10,16,18;5,19,10,8,6,21 20
rp2_c33_w2_t1480 27 1,20,14,25,18;0,20,23,13,18;7,24,11,22,25,14;4,12,16,22,11;3,12,13,24,11;15,17,21,26,19,22;8,17,15,9,21,26;2,24,23,20,14;6,17,25,10,26;6,15,22,25,21;8,25,16,19,26;2,24,4,3,22;3,4,13,18,16;1,23,24,4,12,18;0,25,2,7,20;5,17,6,9,22;3,22,19,10,25,18,12;5,21,25,8,6,15;0,1,13,12,16,25;5,26,10,16,22;0,1,23,7,14;5,17,25,9,6,26;2,11,3,16,19,5,15,9,25;1,13,24,7,20;2,11,4,13,23,7;0,14,2,22,9,21,17,8,10,16,18;5,19,10,8,6,21 3
rp2_c33_w2_t1494 27 1,20,14,25,18;0,20,23,13,18;7,24,11,22,25,14;4,12,16,22,11;3,12,13,24,11;15,19,26,21,17;8,17,15,9,21,26;2,24,23,20,14;6,17,25,10,26;6,15,22,25,17,21;8,25,16,19,26;2,24,4,3,22;3,4,13,18,16;1,23,24,4,12,18;0,25,2,7,20;5,19,22,9,6,17;3,22,19,10,25,18,12;5,21,9,25,8,6,15;0,1,13,12,16,25;5,26,10,16,22,15;0,1,23,7,14;5,17,9,6,26;2,11,3,16,19,15,9,25;1,13,24,7,20;2,11,4,13,23,7;0,14,2,22,9,17,8,10,16,18;5,19,10,8,6,21 3
rp2_c33_w2_t1498 27 1,20,14,25,18;0,20,23,13,18;7,24,11,22,25,14;4,12,16,22,11;3,12,13,24,11;15,19,26,21,17;8,17,15,9,21,26;2,24,23,20,14;6,17,25,10,26;6,15,22,25,17,21;8,25,16,19,26;2,24,4,3,22;3,4,13,18,16;1,23,24,4,12,18;0,25,2,7,20;5,19,16,22,9,6,17;3,22,15,19,10,25,18,12;5,21,9,25,8,6,15;0,1,13,12,16,25;5,26,10,16,15;0,1,23,7,14;5,17,9,6,26;2,11,3,16,15,9,25;1,13,24,7,20;2,11,4,13,23,7;0,14,2,22,9,17,8,10,16,18;5,19,10,8,6,21 3
rp2_c33_w2_t1542 27 1,20,14,25,18;0,20,23,13,18;7,24,11,22,25,14;4,12,16,22,11;3,12,13,24,11;6,15,19,10,26,21,17;5,15,25,9,21,26,8,17;2,24,23,20,14;6,17,9,25,16,10,26;6,25,8,17,21;5,19,16,8,26;2,24,4,3,22;3,4,13,18,16;1,23,24,4,12,18;0,25,2,7,20;5,19,22,25,6;3,22,19,10,8,25,18,12;5,21,9,8,6;0,1,13,12,16,25;5,10,16,22,15;0,1,23,7,14;5,17,9,6,26;2,11,3,16,19,15,25;1,13,24,7,20;2,11,4,13,23,7;0,14,2,22,15,6,9,8,16,18;5,10,8,6,21 3
rp2_c33_w2_t1544 27 1,20,14,25,18;0,20,23,13,18;7,24,11,22,25,14;4,12,16,22,11;3,12,13,24,11;10,19,15,17,21,26;8,17,15,25,9,21,26;2,24,23,20,14;6,17,9,25,16,10,26;6,25,8,17,21;5,19,16,8,26;2,24,4,3,22;3,4,13,18,16;1,23,24,4,12,18;0,25,2,7,20;5,19,22,25,6,17;3,22,19,10,8,25,18,12;5,21,9,8,6,15;0,1,13,12,16,25;5,10,16,22,15;0,1,23,7,14;5,17,9,6,26;2,11,3,16,19,15,25;1,13,24,7,20;2,11,4,13,23,7;0,14,2,22,15,6,9,8,16,18;5,10,8,6,21 3
rp2_c33_w2_t1648 27 1,20,14,25,18;0,20,23,13,18;7,24,11,22,25,14;4,12,16,22,11;3,12,13,24,11;9,21,15,19,26;15,22,25,26,17;2,24,23,20,14;9,16,22,19,10,21;5,21,8,16,25,26;8,19,26,17,21;2,24,4,3,22;3,4,13,18,16;1,23,24,4,12,18;0,25,2,7,20;5,19,22,6,17,21;3,22,8,9,25,18,12;6,26,10,21,15;0,1,13,12,16,25;5,26,10,8,22,15;0,1,23,7,14;5,15,17,10,8,9;2,11,3,16,8,19,15,6,25;1,13,24,7,20;2,11,4,13,23,7;0,14,2,22,6,26,9,16,18;5,19,10,17,6,25,9 3
rp2_c33_w2_t1673 27 1,20,14,25,18;0,20,23,13,18;7,24,11,22,25,14;4,12,16,22,11;3,12,13,24,11;9,21,15,19,26;15,22,25,26,17;2,24,23,20,14;10,19,15,22,21;5,21,22,16,26;8,19,26,17,21;2,24,4,3,22;3,4,13,18,16;1,23,24,4,12,18;0,25,2,7,20;5,19,8,22,6,17,21;3,22,9,26,25,18,12;6,26,10,21,15;0,1,13,12,16,25;5,26,10,8,15;0,1,23,7,14;5,15,17,10,8,22,9;2,11,3,16,9,21,8,15,6,25;1,13,24,7,20;2,11,4,13,23,7;0,14,2,22,6,26,16,18;5,19,10,17,6,25,16,9 3
rp2_c43_w6_t259 30 2,4,5,19,8;3,6,13,23,11,20;0,4,7,16,8;1,6,21,26,20;0,2,7,13,6,5;0,4,6,16,23,11,18,19;1,3,21,17,12,9,16,5,4,13;2,4,13,23,16;0,19,26,29,27,25,9,16,2;6,12,14,25,8,16;14,28,22,27,25;1,23,5,18,20;6,17,24,28,14,9;1,23,7,4,6;9,12,28,10,25;17,24,29,26,21;2,7,23,5,6,9,8;6,21,15,24,12;5,19,26,20,11;0,8,26,18,5;1,3,26,18,11;3,6,17,15,26;10,27,29,24,28;1,11,5,16,7,13;12,17,15,29,22,28;8,9,14,10,27;3,20,18,19,8,29,15,21;8,25,10,22,29;10,14,12,24,22;8,27,22,24,15,26 10
rp2_c33_w30_t996 28 2,23,12,15,3;6,25,11,19,21,14;0,23,16,24,3;0,2,24,20,15;6,17,27,7,26,25;9,10,27,12,23,16;1,25,4,17,14;4,27,22,21,26;11,14,17,15,19;5,10,18,20,24,16;5,9,18,13,27;1,25,26,21,14,8,19;0,15,17,27,5,23;10,27,22,19,18;1,6,17,8,11,21;0,12,17,8,19,20,3;2,23,5,9,24;4,6,14,8,15,12,27;9,20,19,13,10;1,11,8,15,20,18,13,22,21;3,24,9,18,19,15;1,14,11,26,7,22,19;7,27,13,19,21;0,2,16,5,12;2,3,20,9,16;1,6,4,26,11;4,7,21,11,25;4,7,22,13,10,5,12,17 13
rp2_c33_w30_t1192 28 2,23,12,15,3;6,25,11,8,19,21,14;0,23,16,24,3;0,2,24,20,15;6,17,27,7,26,25;9,10,27,12,23,16;1,25,4,17,14;4,27,22,21,26;1,11,14,15,19;5,10,18,20,24,16;5,9,18,13,27;1,25,26,21,14,8;0,15,17,27,5,23;10,27,22,19,18;1,6,17,15,8,11,21;0,12,17,14,8,19,20,3;2,23,5,9,24;4,6,14,15,12,27;9,20,19,13,10;1,8,15,20,18,13,22,21;3,24,9,18,19,15;1,14,11,26,7,22,19;7,27,13,19,21;0,2,16,5,12;2,3,20,9,16;1,6,4,26,11;4,7,21,11,25;4,7,22,13,10,5,12,17 13
rp2_c33_w30_t1483 28 2,23,12,15,3;6,25,11,8,15,19,14;0,23,16,24,3;0,2,24,20,15;6,17,27,7,26,25;9,10,27,12,23,16;1,25,4,17,14;4,27,22,21,26;1,11,14,17,15;5,10,18,20,24,16;5,9,18,13,27;1,25,26,21,14,8;0,15,17,27,5,23;10,27,22,19,18;1,6,17,8,11,21,19;0,12,17,8,1,19,20,3;2,23,5,9,24;4,6,14,8,15,12,27;9,20,19,13,10;1,14,21,22,13,18,20,15;3,24,9,18,19,15;7,22,19,14,11,26;7,27,13,19,21;0,2,16,5,12;2,3,20,9,16;1,6,4,26,11;4,7,21,11,25;4,7,22,13,10,5,12,17 13
rp2_c33_w30_t1955 28 2,23,12,15,3;6,25,11,8,19,14;0,23,16,24,3;0,2,24,20,15;6,17,27,7,26,25;9,10,27,12,23,16;1,25,4,17,14;4,27,22,21,26;1,11,14,17,15,19;5,10,18,20,24,16;5,9,18,13,27;1,25,26,21,14,8;0,15,17,27,5,23;10,27,22,19,18;1,6,17,8,11,21,19;0,12,17,8,19,20,3;2,23,5,9,24;4,6,14,8,15,12,27;9,20,19,13,10;1,8,15,20,18,13,22,21,14;3,24,9,18,19,15;7,22,19,14,11,26;7,27,13,19,21;0,2,16,5,12;2,3,20,9,16;1,6,4,26,11;4,7,21,11,25;4,7,22,13,10,5,12,17 13
rp2_c33_w30_t1958 28 2,23,12,15,3;6,25,11,8,19,14;0,23,16,24,3;0,2,24,20,15;6,17,27,7,26,25;9,10,27,12,23,16;1,25,4,17,14;4,27,22,21,26;1,11,14,17,15,19;5,10,18,20,24,16;5,9,18,13,27;1,25,26,21,14,8;0,15,17,27,5,23;10,27,22,19,18;1,6,17,8,11,21,22,19;0,12,17,8,19,20,3;2,23,5,9,24;4,6,14,8,15,12,27;9,20,19,13,10;1,8,15,20,18,13,22,14;3,24,9,18,19,15;7,22,14,11,26;7,27,13,19,14,21;0,2,16,5,12;2,3,20,9,16;1,6,4,26,11;4,7,21,11,25;4,7,22,13,10,5,12,17 13
rp2_c43_w6_t257 30 2,4,5,19,8;3,6,13,23,11,20;0,4,7,16,8;1,6,21,26,20;0,2,7,13,6,5;0,4,6,9,16,23,11,18,19;1,3,21,17,12,9,5,4,13;2,4,13,23,16;0,19,26,29,27,25,9,16,2;5,6,12,14,25,8,16;14,28,22,27,25;1,23,5,18,20;6,17,24,28,14,9;1,23,7,4,6;9,12,28,10,25;17,24,29,26,21;2,7,23,5,9,8;6,21,15,24,12;5,19,26,20,11;0,8,26,18,5;1,3,26,18,11;3,6,17,15,26;10,27,29,24,28;1,11,5,16,7,13;12,17,15,29,22,28;8,9,14,10,27;3,20,18,19,8,29,15,21;8,25,10,22,29;10,14,12,24,22;8,27,22,24,15,26 21
rp2_c33_w36_t1588 24 2,5,15,10,6,18,7,22;5,20,15,10,17,21,16;0,5,20,3,16,22;2,16,5,15,20;8,9,19,17,14;0,2,20,1,16,3,15;0,10,19,9,11,18;0,22,13,23,18;4,9,12,13,22,14;4,8,12,11,6,19;0,6,19,17,1,15;6,9,12,23,18;8,9,11,23,13;7,22,8,12,23;4,17,21,22,8;0,5,3,20,1,10;1,5,3,2,22,21;1,10,19,4,14,21;0,7,23,11,6;4,17,10,6,9;1,5,2,3,15;1,16,22,14,17;0,7,13,8,14,21,16,2;7,13,12,11,18 23
rp2_c33_w36_t1585 24 2,5,15,10,6,18,7,22;5,20,15,10,17,21;0,5,20,3,16,22;2,16,5,15,20;8,9,19,17,14;0,2,20,1,21,16,3,15;0,10,19,9,11,18;0,22,13,23,18;4,9,12,13,22,14;4,8,12,11,6,19;0,6,19,17,1,15;6,9,12,23,18;8,9,11,23,13;7,22,8,12,23;4,17,21,22,8;0,5,3,20,1,10;2,3,5,21,22;1,10,19,4,14,21;0,7,23,11,6;4,17,10,6,9;1,5,2,3,15;1,5,16,22,14,17;0,7,13,8,14,21,16,2;7,13,12,11,18 23
rp2_c43_w37_t352 30 2,10,6,22,13,17;3,15,25,13,22;0,10,4,29,20,28,17;1,15,18,16,22;2,29,9,11,10;6,22,16,8,9,14,24;0,22,5,24,10;15,25,27,20,29,18;5,9,11,19,16;4,11,8,5,14,29;0,2,4,11,19,26,12,24,6;4,9,8,19,10;10,26,23,14,24;0,22,1,25,21,17;5,9,29,18,23,12,24;1,25,7,18,3;3,22,5,8,19,26,23,18;0,2,28,21,13;3,15,7,29,14,23,16;8,16,26,10,11;2,28,27,7,29;13,17,28,27,25;0,6,5,16,3,1,13;12,14,18,16,26;5,6,10,12,14;1,15,7,27,21,13;10,12,23,16,19;7,20,28,21,25;2,20,27,21,17;2,4,9,14,18,7,20 3
rp2_c43_w7_t1648 24 15,21,18,16,19;4,23,8,10,22;4,5,12,18,16,6,22;5,8,23,19,15,17,11;1,23,19,20,5,2,22;2,4,20,10,8,3,11,14,12;2,16,19,20,10,22;9,14,12,21,13;1,10,5,3,23;7,14,11,17,13;1,22,6,20,5,8;3,5,14,9,17;2,5,14,7,21,18;7,9,17,15,21;5,11,9,7,12;0,21,13,17,3,19;0,18,2,6,19;3,11,9,13,15;0,16,2,12,21;0,15,3,23,4,20,6,16;4,5,10,6,19;0,15,13,7,12,18;1,10,6,2,4;1,4,19,3,8 9
rp2_c33_w24_t321 24 2,14,13,9,15,3;5,19,9,12,22,23;0,14,8,17,7,23,21,3;0,2,21,10,15;8,11,18,16,14;1,19,10,21,23;11,17,16,22,23,20,18;2,17,16,20,23;2,14,4,11,17;0,13,12,1,19,15;3,21,5,19,15;4,8,17,6,18;1,9,13,16,22;0,9,12,16,14;0,2,8,4,16,13;0,9,19,10,3;4,14,13,12,22,6,17,7,20,18;2,7,16,6,11,8;4,11,6,20,16;1,5,10,15,9;6,18,16,7,23;2,3,10,5,23;1,12,16,6,23;1,5,21,2,7,20,6,22 10
rp2_c33_w14_t639 33 1,29,18,31,22,23;0,29,15,5,7,23;14,28,16,25,30;7,20,21,11,14,23;6,27,9,26,17;1,15,24,9,26,7;4,27,22,23,14,30,17;1,5,26,20,3,23;10,19,13,12,28;4,26,5,24,18,29,15,27;8,19,20,32,16,28;3,14,12,13,21;8,13,11,14,28;8,12,11,21,19;2,28,12,11,3,23,6,30;1,5,24,27,9,29;2,25,32,10,28;4,26,20,32,25,30,6;0,29,9,24,31;8,10,20,21,13;3,7,26,17,32,10,19,21;3,20,19,13,11;0,23,6,27,31;0,22,6,14,3,7,1;5,9,18,31,27,15;2,30,17,32,16;4,17,20,7,5,9;4,6,22,31,24,15,9;2,14,12,8,10,16;0,1,15,9,18;2,25,17,6,14;0,22,27,24,18;10,16,25,17,20 25
rp2_c33_w14_t876 33 1,29,18,31,22,23;0,29,15,5,7,23;14,28,16,25,30;7,20,21,11,14,23;6,27,15,9,26,17;1,15,24,9,26,7;4,27,22,23,14,30,17;1,5,26,20,3,23;10,19,13,12,28;4,26,5,24,18,29,15;8,19,20,32,16,28;3,14,12,13,21;8,13,11,14,28;8,12,11,21,19;2,28,12,11,3,23,6,30;1,5,24,27,4,9,29;2,25,32,10,28;4,26,20,32,25,30,6;0,29,9,24,31;8,10,20,21,13;3,7,26,17,32,10,19,21;3,20,19,13,11;0,23,6,27,31;0,22,6,14,3,7,1;5,9,18,31,27,15;2,30,17,32,16;4,17,20,7,5,9;4,6,22,31,24,15;2,14,12,8,10,16;0,1,15,9,18;2,25,17,6,14;0,22,27,24,18;10,16,25,17,20 25
rp2_c33_w14_t994 33 1,29,18,31,22,23,7;0,29,15,5,7;14,28,16,25,30;7,20,21,11,14,23;6,27,15,9,26,17;1,15,24,18,9,26,7;4,27,22,23,14,30,17;0,1,5,26,20,3,23;10,19,13,12,28;4,26,5,18,29,15;8,19,20,32,16,28;3,14,12,13,21;8,13,11,14,28;8,12,11,21,19;2,28,12,11,3,23,6,30;1,5,24,27,4,9,29;2,25,32,10,28;4,26,20,32,25,30,6;0,29,9,5,24,31;8,10,20,21,13;3,7,26,17,32,10,19,21;3,20,19,13,11;0,23,6,27,31;0,22,6,14,3,7;5,15,27,31,18;2,30,17,32,16;4,17,20,7,5,9;4,6,22,31,24,15;2,14,12,8,10,16;0,1,15,9,18;2,25,17,6,14;0,22,27,24,18;10,16,25,17,20 25
rp2_c33_w14_t1044 33 1,29,18,31,22,23,3,7;0,29,15,5,7;14,28,16,25,30;0,7,20,21,11,14,23;6,27,15,9,26,17;1,15,24,9,26,7;4,27,22,23,14,30,17;0,1,5,26,20,3;10,19,13,12,28;4,26,5,24,18,29,15;8,19,20,32,16,28;3,14,12,13,21;8,13,11,14,28;8,12,11,21,19;2,28,12,11,3,23,6,30;1,5,24,27,4,9,29;2,25,32,10,28;4,26,20,32,25,30,6;0,29,9,24,31;8,10,20,21,13;3,7,26,17,32,10,19,21;3,20,19,13,11;0,23,6,27,31;0,22,6,14,3;5,9,18,31,27,15;2,30,17,32,16;4,17,20,7,5,9;4,6,22,31,24,15;2,14,12,8,10,16;0,1,15,9,18;2,25,17,6,14;0,22,27,24,18;10,16,25,17,20 25
rp2_c33_w15_t619 25 2,10,20,6,23,21,5,14;10,20,23,15,16;0,10,3,11,14;2,10,16,7,4,24,13,11;3,24,19,12,7;0,21,8,9,14;0,20,17,15,23;3,4,12,21,15,16;5,21,18,22,13,9;5,14,11,13,8;0,2,3,16,1,20;2,3,13,9,14;4,7,21,18,19;3,11,9,8,22,24;0,2,11,9,5;1,23,6,17,21,7,16;1,10,3,7,15;6,15,21,23,20;8,21,12,19,22;4,24,22,18,12;0,6,17,23,1,10;0,5,8,18,12,7,15,17,23;8,18,19,24,13;0,21,17,20,1,15,6;3,4,19,22,13 14
rp2_c43_w13_t1281 28 3,4,13,21,5;6,9,15,12,24,11;6,17,25,14,16,26;0,4,27,18,20,10,5;0,3,27,12,24,13;0,3,10,19,8,21;1,9,26,2,17,8,11;17,18,20,23,22;5,19,22,17,6,11,21;1,15,18,26,6;3,5,19,23,20;1,6,8,21,13,24;1,24,4,27,16,14,15;0,21,11,24,4;2,16,12,15,25;1,9,18,25,14,12;2,14,12,27,18,26;2,6,8,22,7,18,25;3,20,7,17,25,15,9,26,16,27;5,8,22,23,10;3,18,7,23,10;0,13,11,8,5;7,23,19,8,17;7,20,10,19,22;1,12,4,13,11;2,17,18,15,14;2,6,9,18,16;3,4,12,16,18 13
rp2_c33_w2_t1337 27 1,20,14,25,18;0,20,23,13,18;7,24,11,22,15,9,25,14;4,12,16,22,11;3,12,13,24,11;6,21,17,15,22,19,26;5,21,9,15,17,8,26;2,24,23,20,14;6,17,25,10,26;2,15,6,21,25;8,25,16,19,26;2,24,4,3,22;3,4,13,18,16;1,23,24,4,12,18;0,25,2,7,20;2,9,6,17,5,22;3,22,19,10,25,18,12;5,21,25,8,6,15;0,1,13,12,16,25;5,26,10,16,22;0,1,23,7,14;5,17,25,9,6;2,11,3,16,19,5,15;1,13,24,7,20;2,11,4,13,23,7;0,14,2,9,21,17,8,10,16,18;5,19,10,8,6 3
rp2_c43_w7_t1648 24 15,21,18,16,19;4,23,8,10,22;4,5,12,18,16,6,22;5,8,23,19,15,17,11;1,23,19,20,5,2,22;2,4,20,10,8,3,11,14,12;2,16,19,20,10,22;9,14,12,21,13;1,10,5,3,23;7,14,11,17,13;1,22,6,20,5,8;3,5,14,9,17;2,5,14,7,21,18;7,9,17,15,21;5,11,9,7,12;0,21,13,17,3,19;0,18,2,6,19;3,11,9,13,15;0,16,2,12,21;0,15,3,23,4,20,6,16;4,5,10,6,19;0,15,13,7,12,18;1,10,6,2,4;1,4,19,3,8 16
rp2_c33_w30_t1813 28 2,23,12,15,3;6,25,11,8,15,19,14;0,23,16,24,3;0,2,24,20,15;6,17,27,7,26,25;9,10,27,12,23,16;1,25,4,17,14;4,27,22,21,26;1,11,14,17,15;5,10,18,20,24,16;5,9,18,13,27;1,25,26,21,19,14,8;0,15,17,27,5,23;10,27,22,19,18;1,6,17,8,11,19;0,12,17,8,1,19,20,3;2,23,5,9,24;4,6,14,8,15,12,27;9,20,19,13,10;1,14,11,21,22,13,18,20,15;3,24,9,18,19,15;7,22,19,11,26;7,27,13,19,21;0,2,16,5,12;2,3,20,9,16;1,6,4,26,11;4,7,21,11,25;4,7,22,13,10,5,12,17 2
rp2_c43_w6_t418 30 2,4,5,19,8;3,6,13,23,11,20;0,4,7,16,8;1,6,21,26,20;0,2,7,13,6,5;0,4,6,16,7,23,11,18,19;1,3,21,17,12,9,16,5,4,13;2,4,13,23,5,16;0,19,26,29,27,25,9,16,2;6,12,14,25,8,16;14,28,22,27,25;1,23,5,18,20;6,17,24,28,14,9;1,23,7,4,6;9,12,28,10,25;17,24,29,26,21;2,7,5,6,9,8;6,21,15,24,12;5,19,26,20,11;0,8,26,18,5;1,3,26,18,11;3,6,17,15,26;10,27,29,24,28;1,11,5,7,13;12,17,15,29,22,28;8,9,14,10,27;3,20,18,19,8,29,15,21;8,25,10,22,29;10,14,12,24,22;8,27,22,24,15,26 10
rp2_c33_w36_t1578 24 2,5,15,10,6,18,7,22;5,20,15,10,21;0,5,20,3,16,22;2,16,5,15,20;8,9,19,17,14;0,2,20,1,21,16,3,15;0,10,19,9,11,18;0,22,13,23,18;4,9,12,13,22,14;4,8,12,11,6,19;0,6,19,17,21,1,15;6,9,12,23,18;8,9,11,23,13;7,22,8,12,23;4,17,21,22,8;0,5,3,20,1,10;2,3,5,21,22;4,14,21,10,19;0,7,23,11,6;4,17,10,6,9;1,5,2,3,15;1,5,16,22,14,17,10;0,7,13,8,14,21,16,2;7,13,12,11,18 17
rp2_c33_w36_t1875 24 2,5,15,10,6,18,7,22;5,20,15,14,21;0,5,20,3,16,22;2,16,5,15,20;8,9,19,17,14;0,2,20,1,21,16,3,15;0,10,19,9,11,18;0,22,13,23,18;4,9,12,13,22,14;4,8,12,11,6,19;0,6,19,17,15;6,9,12,23,18;8,9,11,23,13;7,22,8,12,23;1,15,17,4,8,22,21;0,5,3,20,1,14,17,10;2,3,5,21,22;4,14,15,10,19;0,7,23,11,6;4,17,10,6,9;1,5,2,3,15;1,5,16,22,14;0,7,13,8,14,21,16,2;7,13,12,11,18 17
rp2_c43_w6_t418 30 2,4,5,19,8;3,6,13,23,11,20;0,4,7,16,8;1,6,21,26,20;0,2,7,13,6,5;0,4,6,16,7,23,11,18,19;1,3,21,17,12,9,16,5,4,13;2,4,13,23,5,16;0,19,26,29,27,25,9,16,2;6,12,14,25,8,16;14,28,22,27,25;1,23,5,18,20;6,17,24,28,14,9;1,23,7,4,6;9,12,28,10,25;17,24,29,26,21;2,7,5,6,9,8;6,21,15,24,12;5,19,26,20,11;0,8,26,18,5;1,3,26,18,11;3,6,17,15,26;10,27,29,24,28;1,11,5,7,13;12,17,15,29,22,28;8,9,14,10,27;3,20,18,19,8,29,15,21;8,25,10,22,29;10,14,12,24,22;8,27,22,24,15,26 21
rp2_c33_w2_t1306 27 1,20,14,25,18;0,20,23,13,18;7,24,11,22,15,9,25,14;4,12,16,22,11;3,12,13,24,11;6,21,17,15,22,19,26;5,21,9,15,8,26;2,24,23,20,14;6,15,17,25,10,26;2,15,6,21,25;8,25,16,19,26;2,24,4,3,22;3,4,13,18,16;1,23,24,4,12,18;0,25,2,7,20;2,9,6,8,17,5,22;3,22,19,10,25,18,12;5,21,25,8,15;0,1,13,12,16,25;5,26,10,16,22;0,1,23,7,14;5,17,25,9,6;2,11,3,16,19,5,15;1,13,24,7,20;2,11,4,13,23,7;0,14,2,9,21,17,8,10,16,18;5,19,10,8,6 20
rp2_c33_w2_t1337 27 1,20,14,25,18;0,20,23,13,18;7,24,11,22,15,9,25,14;4,12,16,22,11;3,12,13,24,11;6,21,17,15,22,19,26;5,21,9,15,17,8,26;2,24,23,20,14;6,17,25,10,26;2,15,6,21,25;8,25,16,19,26;2,24,4,3,22;3,4,13,18,16;1,23,24,4,12,18;0,25,2,7,20;2,9,6,17,5,22;3,22,19,10,25,18,12;5,21,25,8,6,15;0,1,13,12,16,25;5,26,10,16,22;0,1,23,7,14;5,17,25,9,6;2,11,3,16,19,5,15;1,13,24,7,20;2,11,4,13,23,7;0,14,2,9,21,17,8,10,16,18;5,19,10,8,6 20
rp2_c33_w36_t1578 24 2,5,15,10,6,18,7,22;5,20,15,10,21;0,5,20,3,16,22;2,16,5,15,20;8,9,19,17,14;0,2,20,1,21,16,3,15;0,10,19,9,11,18;0,22,13,23,18;4,9,12,13,22,14;4,8,12,11,6,19;0,6,19,17,21,1,15;6,9,12,23,18;8,9,11,23,13;7,22,8,12,23;4,17,21,22,8;0,5,3,20,1,10;2,3,5,21,22;4,14,21,10,19;0,7,23,11,6;4,17,10,6,9;1,5,2,3,15;1,5,16,22,14,17,10;0,7,13,8,14,21,16,2;7,13,12,11,18 23
rp2_c33_w36_t1875 24 2,5,15,10,6,18,7,22;5,20,15,14,21;0,5,20,3,16,22;2,16,5,15,20;8,9,19,17,14;0,2,20,1,21,16,3,15;0,10,19,9,11,18;0,22,13,23,18;4,9,12,13,22,14;4,8,12,11,6,19;0,6,19,17,15;6,9,12,23,18;8,9,11,23,13;7,22,8,12,23;1,15,17,4,8,22,21;0,5,3,20,1,14,17,10;2,3,5,21,22;4,14,15,10,19;0,7,23,11,6;4,17,10,6,9;1,5,2,3,15;1,5,16,22,14;0,7,13,8,14,21,16,2;7,13,12,11,18 23
rp2_c33_w49_t370 32 2,8,21,26,6,15;10,22,12,18,24,25,30;0,8,14,25,23,15;16,20,30,25,29;17,27,24,18,23;11,31,17,28,19,13;0,26,12,18,15;8,14,9,27,17,21;0,2,14,7,21;7,14,25,24,27;1,22,19,13,30;5,31,16,20,13;1,18,6,26,22;5,11,20,30,10,19;2,25,9,7,8;0,2,23,18,6;3,20,11,31,29;4,27,7,21,28,5,31,29,25,23;1,12,6,15,23,4,24;5,13,10,22,28;3,16,11,13,30;0,8,7,17,28,22,26;1,10,19,28,21,26,12;2,15,18,4,17,25;1,25,9,27,4,18;1,24,9,14,2,23,17,29,3,30;0,6,12,22,21;4,17,7,9,24;5,17,21,22,19;3,25,17,31,16;1,25,3,20,13,10;5,17,29,16,11 16
