n1_7111_4_809 29 1,2,3,4,5;0,2,5,8,28;0,1,3,6,22,26;0,2,4,15,17,19,23,25,27;0,3,5,10,11,12,20,24,25;0,1,4,8,9,11,15;2,7,17,21;6,10,11,19,20,27;1,5,12,18,26,27,28;5,11,14,15,18,22,28;4,7,11,12,13,24,26;4,5,7,9,10,24;4,8,10,20,23,26;10,14,18,25,28;9,13,20,22,25;3,5,9,19,21,25;17,20,21,23,26,27;3,6,16,21,23,24;8,9,13,23,26,28;3,7,15,23,28;4,7,12,14,16,23,24,25,26;6,15,16,17,22,25;2,9,14,21,23,24;3,12,16,17,18,19,20,22;4,10,11,17,20,22,27;3,4,13,14,15,20,21,27;2,8,10,12,16,18,20;3,7,8,16,24,25,28;1,8,9,13,18,19,27
n1_7111_4_822 29 1,2,3,4,5;0,2,5,8,28;0,1,3,6,22,26;0,2,4,15,19,25,27;0,3,5,10,11,12,20,24,25;0,1,4,8,9,11,15;2,7,17,21;6,10,11,19,20,27;1,5,12,18,23,26,27,28;5,11,14,15,18,22,28;4,7,11,12,13,24,26;4,5,7,9,10,15,24;4,8,10,20,23,26;10,14,18,25,28;9,13,20,22,25;3,5,9,11,21,25,27;17,20,21,23,26,27;6,16,21,23,24;8,9,13,23,26,28;3,7,21,23,26,28;4,7,12,14,16,23,24,25,26;6,15,16,17,19,22,25;2,9,14,21,23,24;8,12,16,17,18,19,20,22;4,10,11,17,20,22,27;3,4,13,14,15,20,21,27;2,8,10,12,16,18,19,20;3,7,8,15,16,24,25,28;1,8,9,13,18,19,27
n1_7111_8_1227 29 1,2,3,4,5;0,2,5,8,14,28;0,1,3,22,28;0,2,4,16,17,19,22,23,25,26;0,3,5,12,17,24,25;0,1,4,8,9,12;10,11,16,19,21,22,27;10,17,19,23,26,28;1,5,11,18,23,27;5,12,14,15,17,22,27,28;6,7,11,12,13,16;6,8,10,16,20;4,5,9,10,15,20,23,25,26;10,14,18,25,28;1,9,13,20,22,25;9,12,21,24,25,27;3,6,10,11,17,19,20,21,26,28;3,4,7,9,16,23,24;8,13,26,28;3,6,7,16,21,23,28;11,12,14,16,25;6,15,16,19,23,24,27;2,3,6,9,14,24,25,26,28;3,7,8,12,17,19,21,27;4,15,17,21,22;3,4,12,13,14,15,20,22,27;3,7,12,16,18,22;6,8,9,15,21,23,25;1,2,7,9,13,16,18,19,22
n1_7111_8_1671 29 1,2,3,4,5;0,2,5,8,28;0,1,3,6,22,23;0,2,4,15,16,19,22,25;0,3,5,10,12,17,19,25,27;0,1,4,8,9,11,12,13,15;2,11,16,21,22;10,11,23,24,26,27,28;1,5,11,17,18,23;5,11,15,27,28;4,7,11,12,13,16,23,25;5,6,7,8,9,10,15,16,20,24,25;4,5,10,16,23,26;5,10,14,18,25,28;13,20,22,25;3,5,9,11,25;3,6,10,11,12,19,20,21,28;4,8,21,24,28;8,13,26,28;3,4,16,21,23;11,14,16,25;6,16,17,19,23,24,26,27;2,3,6,14,25,26;2,7,8,10,12,19,21,27;7,11,17,21,27;3,4,10,11,13,14,15,20,22,27;7,12,18,21,22;4,7,9,21,23,24,25;1,7,9,13,16,17,18
n1_7111_22_421 29 1,2,3,4,5;0,2,5,8,18,28;0,1,3,22,26,28;0,2,4,7,16,17,19,22,25,26;0,3,5,12,24,25,27;0,1,4,8,9,11,12,13,16;7,10,11,12,16,19;3,6,12,17,19,20,24,25,27;1,5,11,12,18,19,23,26;5,13,14,15,18,19,22,28;6,11,14,16,24,26;5,6,8,10,15,26;4,5,6,7,8,16,20,24,25;5,9,14,18;9,10,13,20,22,25;9,11,25,27;3,5,6,10,12,21,24;3,7,21,23,24;1,8,9,13,23,28;3,6,7,8,9,23;7,12,14,23,24,25;16,17,23,24,27;2,3,9,14,25,26,28;8,17,18,19,20,21,27;4,7,10,12,16,17,20,21,27;3,4,7,12,14,15,20,22;2,3,8,10,11,22;4,7,15,21,23,24;1,2,9,18,22
n1_7111_23_2389 29 1,2,3,4,5;0,2,5,8,28;0,1,3,7,20,22,28;0,2,4,6,7,15,24,25,27;0,3,5,10,11,17,19,24,25;0,1,4,8,11,12;3,12,17,19,25,27;2,3,10,11,12,16,18,19;1,5,12,17,18,23,27,28;13,14,18,22,28;4,7,11,24,26;4,5,7,10,13,15,16,19,20,25,26;5,6,7,8,19,23;9,11,14,20,23;9,13,20,22,24,25;3,11,19,21,24;7,11,21,26,27;4,6,8,21,24;7,8,9,23,28;4,6,7,11,12,15,24;2,11,13,14,23,24,26;15,16,17,22,24,26,27;2,9,14,21,24,26;8,12,13,18,20,27;3,4,10,14,15,17,19,20,21,22,27;3,4,6,11,14;10,11,16,20,21,22;3,6,8,16,21,23,24,28;1,2,8,9,18,27
n1_7111_23_2541 29 1,2,3,4,5;0,2,5,8,28;0,1,3,7,20,22,28;0,2,4,6,7,15,16,22,24,25,27;0,3,5,11,17,19,24,25;0,1,4,8,11,12;3,10,12,17,24,25,27;2,3,11,12,16,18;1,5,12,17,18,23,27,28;13,14,16,18,28;6,12,24;4,5,7,15,19,20,24,25,26;5,6,7,8,10,13,19,23;9,12,14,20,23;9,13,20,22,24;3,11,19,21,24;3,7,9,21,26,27;4,6,8,21,24,25;7,8,9,21,23,26;4,11,12,15,24;2,11,13,14,23,24,26;15,16,17,18,22,24,26,27;2,3,14,21,24,26;8,12,13,18,20,27;3,4,6,10,11,14,15,17,19,20,21,22,27;3,4,6,11,17;11,16,18,20,21,22;3,6,8,16,21,23,24,28;1,2,8,9,27
n1_7111_23_2695 29 1,2,3,4,5;0,2,5,8,28;0,1,3,7,20,22,28;0,2,4,17,22,24,25,27;0,3,5,10,11,24,25;0,1,4,8,11,12;10,12,17,21,24,27;2,10,11,12,16,17,19,21;1,5,11,12,18,23,27,28;13,14,16,18,28;4,6,7,12,24;4,5,7,8,15,19,20,25,26;5,6,7,8,10,13,19,23;9,12,14,20,23;9,13,20,22,24;11,17,19,21,24;7,9,21,26,27;3,6,7,15,21,23,25;8,9,21,23,26;7,11,12,15,24,26;2,11,13,14,23,24,26;6,7,15,16,17,18,27;2,3,14,24,26;8,12,13,17,18,20,27;3,4,6,10,14,15,19,20,22,27;3,4,11,17;11,16,18,19,20,22;3,6,8,16,21,23,24,28;1,2,8,9,27
n1_7111_26_168 29 1,2,3,4,5;0,2,5,8,18,28;0,1,3,22,23,28;0,2,4,6,16,19,22,25,26,27;0,3,5,10,11,17,24;0,1,4,8,11;3,16,17,18,27;10,12,19,21,26;1,5,11,18,23,26,28;11,13,14,18,22,27,28;4,7,11,12,15,16,24;4,5,8,9,10,20,26;7,10,15,23,26;9,14,18,20,28;9,13,20,22,25;10,12,24,25;3,6,10,17,19,21,26,27;4,6,16,21,24;1,6,8,9,13,28;3,7,16,26;11,13,14,23,25;7,16,17,24,25,26,27;2,3,9,14,24,25,26,28;2,8,12,20;4,10,15,17,21,22;3,14,15,20,21,22;3,7,8,11,12,16,19,21,22,27;3,6,9,16,21,26;1,2,8,9,13,18,22
n1_7111_26_170 29 1,2,3,4,5;0,2,5,8,18,28;0,1,3,22,23,28;0,2,4,6,16,19,22,25,26,27;0,3,5,10,11,17,24;0,1,4,8,11;3,16,17,18,27;10,12,19,21,26;1,5,11,18,23,26,28;11,13,14,18,22,27,28;4,7,11,12,15,16,24;4,5,8,9,10,20,26;7,10,15,23,26;9,14,18,20,28;9,13,20,22,25;10,12,24,25;3,6,10,17,19,26,27;4,6,16,21,24;1,6,8,9,13,28;3,7,16,26;11,13,14,23,25;7,17,24,25,26,27;2,3,9,14,24,25,26,28;2,8,12,20;4,10,15,17,21,22;3,14,15,20,21,22;3,7,8,11,12,16,19,21,22,27;3,6,9,16,21,26;1,2,8,9,13,18,22
n1_7111_32_779 29 1,2,3,4,5;0,2,5,8,28;0,1,3,6,20,22,28;0,2,4,6,7,15,16,17,19,22,25,27;0,3,5,10,17,21,24;0,1,4,8,11,12;2,3,10,11,12,16,17,20,27;3,11,19,26,28;1,5,12,13,18,19,23,26;13,14,17,22,27,28;4,6,11,12,15,24,26;5,6,7,10,25;5,6,8,10,16,20,23,26;8,9,14,15,17,18,22,23;9,13,22,24,25;3,10,13,17,19,21,24;3,6,12,19,21,26,27;3,4,6,9,13,15,21,25;8,13,23,26,28;3,7,8,15,16,21,25;2,6,12,23,25,28;4,15,16,17,19,22,24,27;2,3,9,13,14,21,24,25,28;8,12,13,18,20;4,10,14,15,21,22;3,11,14,17,19,20,22;7,8,10,12,16,18;3,6,9,16,21;1,2,7,9,18,20,22
n1_7111_39_913 29 1,2,3,4,5;0,2,5,8,18,28;0,1,3,22,28;0,2,4,6,7,15,16,17,19,22,23,24,26,27;0,3,5,10,17,19,21,25;0,1,4,8,12,14;3,8,16,17,19,27;3,9,10,12,25;1,5,6,11,18,19,26;7,13,14,18,22,28;4,7,12,16,25,26;8,20,21,23,26;5,7,10,15,20,23,24,26;9,14,18,20,24,25;5,9,13,20,22,24,25;3,12,17,25;3,6,10,19,26,27,28;3,4,6,15,23,25,26;1,8,9,13,26,28;3,4,6,8,16;11,12,13,14,24,25;4,11,24,26;2,3,9,14,26,28;3,11,12,17,24,25;3,12,13,14,20,21,23;4,7,10,13,14,15,17,20,23,27;3,8,10,11,12,16,17,18,21,22;3,6,16,25;1,2,9,16,18,22
n1_7111_45_1269 28 1,2,3,4,5;0,2,5,8,14,20,21,23;0,1,3,9,15,16,23,24,27;0,2,4,25,27;0,3,5,6,9,17,25;0,1,4,6,7,17,21;4,5,12,17,18,21,25;5,10,14,22,23,26;1,10,23,24,26;2,4,13,25,26;7,8,11,12,15,17,22,24,25;10,16,18,25;6,10,14,16,18,21;9,17,25,27;1,7,12,16,21,22,23;2,10,19,20,22;2,11,12,14,18,21,25;4,5,6,10,13,20;6,11,12,16,19,25;15,18,20,23,24,27;1,15,17,19,21,24,26;1,5,6,12,14,16,20,22;7,10,14,15,21,24,26;1,2,7,8,14,19,24,27;2,8,10,19,20,22,23,26,27;3,4,6,9,10,11,13,16,18;7,8,9,20,22,24;2,3,13,19,23,24
n1_7111_49_1129 28 1,2,3,4,5;0,2,5,8,11,21,22,23;0,1,3,20,23,24,27;0,2,4,8,12,13,19,25,27;0,3,5,6,7,9,25;0,1,4,6,7,11,17,21;4,5,12,18,21,25;4,5,11,14,16,20,26;1,3,9,10,15,22,23,24,26;4,8,25,26,27;8,11,15,17,19,20,24,25;1,5,7,10,16,18,21,25,27;3,6,14,18,19,21,27;3,17,25,26,27;7,12,16,20,21;8,10,22,23;7,11,14,17,18,23;5,10,13,16,27;6,11,12,16,25;3,10,12,20;2,7,10,14,19,24,26;1,5,6,11,12,14,22;1,8,15,21,24,26;1,2,8,15,16,27;2,8,10,20,22,26,27;3,4,6,9,10,11,13,18,26,27;7,8,9,13,20,22,24,25;2,3,9,11,12,13,17,23,24,25
n1_7111_49_1552 28 1,2,3,4,5;0,2,5,8,21,22;0,1,3,12,20,24,26;0,2,4,8,12,13,25,27;0,3,5,6,7,9;0,1,4,6,7,11,21;4,5,12,18,21;4,5,10,11,16,20,26,27;1,3,10,15,22,23,24,27;4,13,19,25,26,27;7,8,11,12,19,22,24,25;5,7,10,16,17,18,21,25,27;2,3,6,10,14,18,19,21,26;3,9,17,26,27;12,16,20,21,22;8,20,22,23,27;7,11,14,17,18,20,23;11,13,16,18;6,11,12,16,17,25;9,10,12;2,7,14,15,16,26,27;1,5,6,11,12,14,22;1,8,10,14,15,21,24;8,15,16,26,27;2,8,10,22,27;3,9,10,11,18;2,7,9,12,13,20,23;3,7,8,9,11,13,15,20,23,24
