('C(muB)_i=C(muA)_{i+1}', True) 1240
('fix<=>f=1', True) 1240
('g_{i+1}=h_i', True) 1240
('pos+1', True) 1240
[((0, 2), 103), ((0, 3), 21), ((1, 1), 10), ((1, 2), 98), ((1, 3), 16), ((2, 2), 103), ((2, 3), 21), ((3, 1), 1), ((3, 2), 36), ((3, 3), 75), ((3, 4), 12), ((4, 1), 48), ((4, 2), 69), ((4, 3), 5), ((4, 4), 2), ((5, 2), 84), ((5, 3), 40), ((6, 1), 82), ((6, 2), 42), ((7, 2), 84), ((7, 3), 40), ((8, 1), 48), ((8, 2), 69), ((8, 3), 5), ((8, 4), 2), ((9, 1), 1), ((9, 2), 36), ((9, 3), 75), ((9, 4), 12)]
0 [(-1, -1, 9), (-1, 0, 8), (0, 0, 92), (0, 1, 5), (1, 0, 10)]
1 [(-1, 0, 5), (0, -1, 10), (0, 0, 92), (0, 1, 8), (1, 1, 9)]
2 [(-1, -1, 2), (-1, 0, 7), (0, -1, 7), (0, 0, 18), (0, 1, 9), (1, 0, 27), (1, 1, 33), (1, 2, 12), (2, 0, 1), (2, 1, 8)]
3 [(-1, -2, 4), (-1, -1, 29), (-1, 0, 19), (-1, 1, 1), (0, -1, 10), (0, 0, 60), (1, 0, 1)]
4 [(-2, -1, 6), (-2, 1, 1), (-1, 0, 23), (-1, 1, 13), (0, 0, 33), (0, 1, 44), (1, 1, 4)]
5 [(-3, 0, 1), (-2, -1, 21), (-2, 0, 14), (-1, -1, 10), (-1, 0, 46), (-1, 1, 5), (0, -1, 7), (0, 0, 10), (0, 1, 10)]
6 [(-1, 0, 10), (-1, 1, 5), (0, 0, 10), (0, 1, 46), (0, 2, 14), (0, 3, 1), (1, 0, 7), (1, 1, 10), (1, 2, 21)]
7 [(-1, -1, 4), (-1, 0, 44), (-1, 1, 13), (-1, 2, 1), (0, 0, 33), (0, 1, 23), (1, 2, 6)]
8 [(-1, 1, 1), (0, -1, 1), (0, 0, 60), (0, 1, 19), (1, 0, 10), (1, 1, 29), (2, 1, 4)]
9 [(-2, -1, 12), (-1, -2, 8), (-1, -1, 33), (-1, 0, 9), (0, -2, 1), (0, -1, 27), (0, 0, 18), (0, 1, 7), (1, 0, 7), (1, 1, 2)]
