[(('gamma', -3), 118), (('gamma', -1), 502), (('gamma', 1), 502), (('gamma', 3), 118), (('open', -5), 2), (('open', -3), 85), (('open', -1), 376), (('open', 1), 353), (('open', 3), 79), (('open', 5), 2)]
gamma R span [(1, 8), (3, 18), (4, 2), (5, 28), (6, 4), (7, 2)]
0 [(1, 10), (2, 65), (3, 38), (4, 11)]
1 [(2, 28), (3, 70), (4, 20), (5, 6)]
2 [(1, 10), (2, 65), (3, 38), (4, 11)]
3 [(2, 4), (3, 42), (4, 40), (5, 31), (6, 4), (7, 3)]
4 [(0, 20), (1, 22), (2, 31), (3, 22), (4, 23), (5, 4), (6, 2)]
5 [(1, 27), (2, 32), (3, 47), (4, 16), (5, 2)]
6 [(0, 38), (1, 36), (2, 36), (3, 12), (4, 2)]
7 [(1, 27), (2, 32), (3, 47), (4, 16), (5, 2)]
8 [(0, 20), (1, 22), (2, 31), (3, 22), (4, 23), (5, 4), (6, 2)]
9 [(2, 4), (3, 42), (4, 40), (5, 31), (6, 4), (7, 3)]
