2 ('gamma', '--', '--', (1, 2, 2, 3), (2, 2, 3), (2, 2, 3, 2))
2 ('gamma', '--', '--', (1, 2, 2, 4), (3, 2, 3), (2, 2, 2, 3))
4 ('gamma', '--', '--', (1, 2, 3, 3), (3, 2, 2), (2, 3, 2, 2))
2 ('gamma', '--', '--', (1, 2, 3, 4), (2, 2, 3), (2, 2, 2, 2))
1 ('gamma', '--', 'F6', (1, 2, 2, 2), (2, 1, 2), (2, 2, 2, 2))
1 ('gamma', '--', 'F6', (1, 2, 2, 2), (2, 1, 2), (3, 2, 3, 3))
6 ('gamma', '--', 'F6', (1, 2, 2, 2), (2, 1, 3), (3, 2, 2, 2))
1 ('gamma', '--', 'F6', (1, 2, 2, 2), (2, 1, 4), (4, 2, 2, 2))
2 ('gamma', '--', 'F6', (1, 2, 2, 3), (2, 1, 2), (2, 2, 2, 2))
2 ('gamma', '--', 'F6', (1, 2, 2, 3), (2, 1, 2), (3, 3, 2, 2))
2 ('gamma', '--', 'F6', (1, 2, 2, 3), (2, 1, 3), (3, 2, 2, 2))
2 ('gamma', '--', 'F6', (1, 2, 2, 3), (3, 1, 2), (2, 2, 2, 2))
2 ('gamma', '--', 'F6', (1, 2, 2, 4), (2, 1, 3), (3, 2, 2, 3))
2 ('gamma', '--', 'F6', (1, 2, 2, 4), (2, 1, 3), (3, 3, 3, 4))
5 ('gamma', '--', 'F6', (1, 2, 3, 3), (2, 1, 3), (2, 2, 2, 2))
4 ('gamma', '--', 'F6', (1, 2, 3, 3), (2, 1, 3), (2, 2, 3, 2))
8 ('gamma', '--', 'F6', (1, 2, 3, 4), (2, 1, 3), (2, 2, 2, 2))
3 ('open', '--', '--', (1, 2, 1, 2), (2, 2, 2), (2, 1, 2, 2))
7 ('open', '--', '--', (1, 2, 1, 2), (2, 2, 2), (2, 1, 2, 3))
2 ('open', '--', '--', (1, 2, 1, 2), (2, 2, 2), (2, 2, 2, 2))
2 ('open', '--', '--', (1, 2, 1, 2), (2, 2, 2), (2, 2, 2, 3))
5 ('open', '--', '--', (1, 2, 1, 2), (2, 2, 2), (2, 2, 3, 2))
1 ('open', '--', '--', (1, 2, 1, 2), (2, 2, 2), (2, 2, 3, 3))
10 ('open', '--', '--', (1, 2, 1, 2), (2, 2, 3), (2, 1, 2, 2))
2 ('open', '--', '--', (1, 2, 1, 2), (2, 2, 3), (2, 2, 2, 2))
3 ('open', '--', '--', (1, 2, 1, 2), (3, 2, 2), (2, 2, 2, 2))
1 ('open', '--', '--', (1, 2, 1, 2), (3, 2, 2), (3, 3, 3, 2))
1 ('open', '--', '--', (1, 2, 1, 2), (3, 3, 2), (2, 2, 2, 2))
2 ('open', '--', '--', (1, 2, 1, 3), (3, 2, 2), (2, 2, 2, 3))
2 ('open', '--', '--', (1, 2, 2, 2), (2, 2, 2), (2, 1, 2, 2))
1 ('open', '--', '--', (1, 2, 2, 2), (2, 2, 2), (2, 2, 2, 2))
2 ('open', '--', '--', (1, 2, 2, 2), (2, 2, 3), (2, 2, 2, 2))
4 ('open', '--', '--', (1, 2, 2, 2), (2, 2, 3), (2, 2, 3, 2))
1 ('open', '--', '--', (1, 2, 2, 2), (3, 2, 2), (2, 2, 2, 2))
6 ('open', '--', '--', (1, 2, 3, 3), (3, 2, 2), (2, 3, 2, 2))
2 ('open', '--', '--', (1, 2, 3, 4), (4, 2, 2), (2, 3, 2, 2))
9 ('open', '--', 'F6', (1, 2, 1, 2), (2, 1, 2), (2, 2, 2, 2))
6 ('open', '--', 'F6', (1, 2, 1, 2), (2, 1, 2), (3, 2, 2, 2))
1 ('open', '--', 'F6', (1, 2, 1, 3), (2, 1, 2), (2, 2, 2, 3))
6 ('open', '--', 'F6', (1, 2, 2, 2), (2, 1, 2), (2, 2, 2, 2))
3 ('open', '--', 'F6', (1, 2, 2, 2), (2, 1, 2), (2, 2, 3, 2))
2 ('open', '--', 'F6', (1, 2, 2, 2), (2, 1, 2), (2, 3, 3, 2))
2 ('open', '--', 'F6', (1, 2, 2, 2), (2, 1, 2), (3, 2, 2, 2))
1 ('open', '--', 'F6', (1, 2, 2, 2), (2, 1, 2), (3, 3, 2, 2))
5 ('open', '--', 'F6', (1, 2, 2, 2), (2, 1, 3), (3, 2, 2, 2))
1 ('open', '--', 'F6', (1, 2, 2, 2), (2, 1, 4), (3, 2, 2, 2))
1 ('open', '--', 'F6', (1, 2, 2, 2), (2, 1, 4), (4, 2, 2, 2))
2 ('open', '--', 'F6', (1, 2, 2, 3), (2, 1, 2), (2, 1, 2, 2))
3 ('open', '--', 'F6', (1, 2, 2, 3), (2, 1, 2), (2, 2, 2, 2))
1 ('open', '--', 'F6', (1, 2, 2, 3), (2, 1, 2), (2, 2, 3, 2))
2 ('open', '--', 'F6', (1, 2, 2, 3), (2, 1, 2), (3, 3, 2, 2))
2 ('open', '--', 'F6', (1, 2, 2, 3), (2, 1, 3), (3, 2, 2, 2))
3 ('open', '--', 'F6', (1, 2, 2, 3), (2, 1, 4), (4, 2, 2, 2))
2 ('open', '--', 'F6', (1, 2, 2, 3), (3, 1, 2), (2, 3, 2, 2))
3 ('open', '--', 'F6', (1, 2, 3, 3), (2, 1, 3), (2, 2, 2, 2))
8 ('open', '--', 'F6', (1, 2, 3, 4), (2, 1, 3), (2, 2, 2, 2))
2 ('open', 'F8', '--', (1, 2, 1, 2), (2, 2, 2), (2, 1, 2, 1))
1 ('open', 'F8', '--', (1, 2, 1, 2), (2, 2, 2), (2, 2, 2, 1))
4 ('open', 'F8', '--', (1, 2, 1, 2), (3, 2, 2), (2, 2, 2, 1))
2 ('open', 'F8', '--', (1, 2, 1, 2), (3, 2, 2), (3, 2, 2, 1))
1 ('open', 'F8', '--', (1, 2, 2, 2), (2, 2, 2), (2, 1, 2, 1))
4 ('open', 'F8', '--', (1, 2, 2, 2), (2, 2, 3), (2, 1, 2, 1))
2 ('open', 'F8', '--', (1, 2, 2, 2), (2, 2, 3), (2, 2, 3, 1))
2 ('open', 'F8', '--', (1, 2, 2, 2), (3, 2, 3), (2, 2, 2, 1))
2 ('open', 'F8', '--', (1, 2, 2, 3), (2, 2, 3), (2, 1, 2, 1))
1 ('open', 'F8', '--', (1, 2, 3, 2), (2, 2, 4), (3, 3, 2, 1))
1 ('open', 'F8', '--', (1, 2, 3, 3), (4, 2, 2), (2, 3, 2, 1))
2 ('open', 'F8', '--', (1, 3, 2, 2), (3, 2, 2), (2, 2, 2, 1))
5 ('open', 'F8', 'F6', (1, 2, 1, 2), (2, 1, 2), (3, 2, 2, 1))
1 ('open', 'F8', 'F6', (1, 2, 1, 2), (3, 1, 2), (3, 2, 2, 1))
14 ('open', 'F8', 'F6', (1, 2, 2, 2), (2, 1, 2), (2, 2, 2, 1))
1 ('open', 'F8', 'F6', (1, 2, 2, 2), (2, 1, 2), (2, 2, 3, 1))
2 ('open', 'F8', 'F6', (1, 2, 2, 2), (2, 1, 2), (2, 3, 2, 1))
2 ('open', 'F8', 'F6', (1, 2, 2, 2), (2, 1, 2), (3, 3, 2, 1))
5 ('open', 'F8', 'F6', (1, 2, 2, 2), (2, 1, 3), (2, 2, 2, 1))
2 ('open', 'F8', 'F6', (1, 2, 2, 2), (2, 1, 3), (3, 2, 2, 1))
2 ('open', 'F8', 'F6', (1, 2, 2, 2), (2, 1, 4), (3, 2, 2, 1))
4 ('open', 'F8', 'F6', (1, 2, 2, 2), (2, 1, 4), (4, 2, 2, 1))
5 ('open', 'F8', 'F6', (1, 2, 2, 2), (3, 1, 2), (2, 2, 2, 1))
2 ('open', 'F8', 'F6', (1, 2, 2, 2), (3, 1, 2), (2, 3, 2, 1))
5 ('open', 'F8', 'F6', (1, 2, 2, 3), (2, 1, 2), (2, 1, 2, 1))
2 ('open', 'F8', 'F6', (1, 2, 2, 3), (2, 1, 3), (2, 1, 2, 1))
2 ('open', 'F8', 'F6', (1, 2, 2, 3), (3, 1, 2), (2, 2, 2, 1))
2 ('open', 'F8', 'F6', (1, 2, 2, 3), (4, 1, 2), (2, 2, 2, 1))
4 ('open', 'F8', 'F6', (1, 2, 2, 4), (4, 1, 2), (2, 2, 2, 1))
2 ('open', 'F8', 'F6', (1, 2, 3, 2), (2, 1, 2), (2, 2, 2, 1))
1 ('open', 'F8', 'F6', (1, 2, 3, 2), (2, 1, 2), (2, 3, 3, 1))
2 ('open', 'F8', 'F6', (1, 2, 3, 2), (2, 1, 3), (2, 2, 2, 1))
2 ('open', 'F8', 'F6', (1, 2, 3, 3), (2, 1, 2), (2, 2, 2, 1))
6 ('open', 'F8', 'F6', (1, 2, 3, 3), (2, 1, 2), (3, 3, 2, 1))
1 ('open', 'F8', 'F6', (1, 3, 2, 2), (2, 1, 2), (2, 2, 2, 1))
1 ('open', 'F8', 'F6', (1, 3, 3, 2), (2, 1, 2), (2, 3, 2, 1))
