G 19 0203040506000106070803000102080904000103090a050001040a0b060001050b07020002060b0c080002070c0d0e09030003080e0f100a04000409100b0500050a1011120c070600070b120d0800080c12130e00080d130f0900090e13111000090f110b0a000b100f1312000b11130d0c000d12110f0e00 34 0 1 2 0 2 3 0 3 4 0 4 5 0 5 1 1 2 6 1 6 7 1 7 8 1 8 9 1 9 10 1 10 5 2 3 11 2 11 6 3 4 12 3 12 13 3 13 14 3 14 11 4 5 15 4 15 12 5 10 15 10 9 16 10 16 15 15 16 12 12 16 13 16 9 13 9 8 13 13 8 17 13 17 14 8 7 17 7 6 18 7 18 17 6 11 18 11 14 18 14 17 18
G 19 0203040506000106070803000102080904000103090a050001040a0b060001050b0c07020002060c0d080002070d0e0f100903000308100a0400040910110b0500050a1112130c0600060b130d0700070c130e0800080d13120f00080e12111000080f110a09000a100f120b000b110f0e13000b120e0d0c00 34 0 1 2 0 2 3 0 3 4 0 4 5 0 5 1 1 2 6 1 6 7 1 7 8 1 8 9 1 9 10 1 10 5 2 3 11 2 11 6 3 4 12 3 12 13 3 13 11 4 5 14 4 14 12 5 10 14 10 9 15 10 15 14 14 15 12 12 15 16 12 16 17 12 17 13 15 9 16 9 8 16 16 8 17 8 7 17 17 7 18 17 18 13 7 6 18 6 11 18 11 13 18
G 19 0203040506000106070803000102080904000103090a050001040a0b060001050b0c07020002060c0d0e080002070e09030003080e0f10110a04000409110b0500050a11120c0600060b12130d0700070c130f0e00070d0f090800090e0d131000090f131211000910120b0a000b1110130c000c12100f0d00 34 0 1 2 0 2 3 0 3 4 0 4 5 0 5 1 1 2 6 1 6 7 1 7 8 1 8 9 1 9 10 1 10 5 2 3 11 2 11 6 3 4 12 3 12 13 3 13 11 4 5 14 4 14 12 5 10 14 10 9 15 10 15 14 14 15 12 12 15 16 12 16 13 15 9 16 9 8 16 16 8 17 16 17 13 8 7 17 13 17 18 13 18 11 17 7 18 7 6 18 6 11 18
G 19 0203040506000106070803000102080904000103090a050001040a0b060001050b0c07020002060c0d0e080002070e09030003080e0f100a04000409100b0500050a1011120c0600060b120d0700070c12130e00070d130f090800090e13111000090f110b0a000b100f1312000b11130d0c000d12110f0e00 34 0 1 2 0 2 3 0 3 4 0 4 5 0 5 1 1 2 6 1 6 7 1 7 8 1 8 9 1 9 5 2 3 10 2 10 11 2 11 6 3 4 12 3 12 13 3 13 10 4 5 14 4 14 12 5 9 14 9 8 15 9 15 14 14 15 12 12 15 16 12 16 13 15 8 16 8 7 16 16 7 17 16 17 18 16 18 13 7 6 17 6 11 17 13 18 10 17 11 18 11 10 18
G 19 0203040506000106070803000102080904000103090a050001040a0b060001050b0c07020002060c0d080002070d0e09030003080e0f100a04000409100b0500050a1011120c0600060b120d0700070c12130e0800080d130f0900090e13111000090f110b0a000b100f1312000b11130d0c000d12110f0e00 34 0 1 2 0 2 3 0 3 4 0 4 5 0 5 1 1 2 6 1 6 7 1 7 8 1 8 9 1 9 5 2 3 10 2 10 11 2 11 6 3 4 12 3 12 13 3 13 10 4 5 14 4 14 12 5 9 14 9 8 15 9 15 14 14 15 12 12 15 13 15 8 16 15 16 17 15 17 13 8 7 16 13 17 10 10 17 11 17 16 18 17 18 11 16 7 18 7 6 18 6 11 18
G 19 0203040506000106070803000102080904000103090a050001040a0b060001050b0c07020002060c0d080002070d0e0f09030003080f0a040004090f100b0500050a10110c0600060b11120d0700070c120e0800080d12130f00080e13100a09000a0f13110b000b1013120c000c11130e0d000e1211100f00 34 0 1 2 0 2 3 0 3 4 0 4 5 0 5 1 1 2 6 1 6 7 1 7 8 1 8 9 1 9 5 2 3 10 2 10 11 2 11 6 3 4 12 3 12 13 3 13 10 4 5 14 4 14 12 5 9 14 9 8 15 9 15 14 14 15 12 12 15 13 15 8 16 15 16 13 8 7 16 13 16 17 13 17 10 16 7 18 16 18 17 7 6 18 6 11 18 10 17 11 17 18 11
G 19 0203040506000106070803000102080904000103090a050001040a0b060001050b07020002060b0c080002070c0d09030003080d0e0f0a040004090f100b0500050a10110c070600070b11120d0800080c120e0900090d12130f00090e13100a000a0f13110b000b1013120c000c11130e0d000e1211100f00 34 0 1 2 0 2 3 0 3 4 0 4 5 0 5 1 1 2 6 1 6 7 1 7 8 1 8 9 1 9 5 2 3 10 2 10 11 2 11 6 3 4 12 3 12 13 3 13 10 4 5 14 4 14 12 5 9 14 9 8 15 9 15 14 14 15 12 12 15 13 15 8 13 8 7 16 8 16 13 13 16 17 13 17 10 10 17 11 17 16 18 17 18 11 16 7 18 7 6 18 6 11 18
G 19 0203040506000106070803000102080904000103090a050001040a0b060001050b0c0d07020002060d0e080002070e0f09030003080f10110a04000409110b0500050a11120c0600060b12130d00060c130e0700070d130f0800080e13100900090f131211000910120b0a000b1110130c000c12100f0e0d00 34 0 1 2 0 2 3 0 3 4 0 4 5 0 5 1 1 2 6 1 6 7 1 7 8 1 8 9 1 9 5 2 3 10 2 10 11 2 11 6 3 4 12 3 12 10 4 5 13 4 13 14 4 14 12 5 9 13 9 8 15 9 15 13 13 15 14 15 8 16 15 16 17 15 17 14 8 7 16 14 17 12 12 17 10 17 16 18 17 18 11 17 11 10 16 7 18 7 6 18 6 11 18
G 19 0203040506000106070803000102080904000103090a050001040a0b060001050b0c07020002060c0d080002070d0e09030003080e0f100a0400040910110b0500050a110c0600060b1112130d0700070c130e0800080d130f0900090e13121000090f12110a000a10120c0b000c11100f13000c120f0e0d00 34 0 1 2 0 2 3 0 3 4 0 4 5 0 5 1 1 2 6 1 6 7 1 7 8 1 8 9 1 9 5 2 3 10 2 10 11 2 11 6 3 4 12 3 12 10 4 5 13 4 13 14 4 14 12 5 9 13 9 8 15 9 15 13 13 15 14 15 8 16 15 16 14 8 7 16 14 16 17 14 17 18 14 18 12 16 7 17 7 6 17 6 11 17 17 11 18 11 10 18 10 12 18
G 19 0203040506000106070803000102080904000103090a050001040a0b060001050b0c0d07020002060d0e080002070e0f09030003080f100a0400040910110b0500050a110c0600060b11120d00060c12130e0700070d130f0800080e13100900090f1312110a000a10120c0b000c1110130d000d12100f0e00 34 0 1 2 0 2 3 0 3 4 0 4 5 0 5 1 1 2 6 1 6 7 1 7 8 1 8 9 1 9 5 2 3 10 2 10 11 2 11 6 3 4 12 3 12 10 4 5 13 4 13 14 4 14 12 5 9 13 9 8 15 9 15 13 13 15 14 15 8 16 15 16 14 8 7 16 14 16 17 14 17 12 16 7 18 16 18 17 7 6 18 6 11 18 12 17 10 17 18 11 17 11 10
G 19 0203040506000106070803000102080904000103090a050001040a0b060001050b07020002060b0c0d080002070d0e09030003080e0f0a040004090f100b0500050a10110c070600070b11120d00070c120e0800080d12130f0900090e13100a000a0f13110b000b1013120c000c11130e0d000e1211100f00 34 0 1 2 0 2 3 0 3 4 0 4 5 0 5 1 1 2 6 1 6 7 1 7 8 1 8 9 1 9 5 2 3 10 2 10 11 2 11 6 3 4 12 3 12 10 4 5 13 4 13 12 5 9 13 9 8 14 9 14 15 9 15 13 13 15 12 12 15 10 15 14 16 15 16 10 10 16 11 16 14 17 16 17 18 16 18 11 14 8 17 8 7 17 11 18 6 17 7 18 7 6 18
G 19 0203040506000106070803000102080904000103090a050001040a0b0c060001050c0d07020002060d0e080002070e0f09030003080f10110a04000409110b0500050a11120c00050b120d0600060c12130e0700070d130f0800080e13100900090f131211000910120b0a000b1110130d0c000d12100f0e00 34 0 1 2 0 2 3 0 3 4 0 4 5 0 5 1 1 2 6 1 6 7 1 7 8 1 8 9 1 9 5 2 3 10 2 10 11 2 11 6 3 4 12 3 12 10 4 5 13 4 13 12 5 9 13 9 8 14 9 14 13 13 14 15 13 15 12 12 15 16 12 16 10 10 16 11 16 15 17 16 17 18 16 18 11 15 14 17 14 8 17 8 7 17 17 7 18 7 6 18 6 11 18
G 19 0203040506000106070803000102080904000103090a050001040a0b060001050b0c07020002060c0d080002070d0e0f09030003080f100a0400040910110b0500050a11120c0600060b120d0700070c120e0800080d12130f00080e13100900090f13110a000a1013120b000b11130e0d0c000e1211100f00 34 0 1 2 0 2 3 0 3 4 0 4 5 0 5 1 1 2 6 1 6 7 1 7 8 1 8 9 1 9 5 2 3 10 2 10 11 2 11 6 3 4 12 3 12 10 4 5 13 4 13 12 5 9 13 9 8 14 9 14 13 13 14 15 13 15 12 12 15 10 10 15 16 10 16 11 15 14 17 15 17 16 14 8 17 8 7 17 17 7 18 17 18 16 7 6 18 6 11 18 11 16 18
G 19 0203040506000106070803000102080904000103090a050001040a0b060001050b0c07020002060c0d080002070d0e09030003080e0f0a040004090f10110b0500050a110c0600060b11120d0700070c12130e0800080d130f0900090e13100a000a0f131211000a10120c0b000c1110130d000d12100f0e00 34 0 1 2 0 2 3 0 3 4 0 4 5 0 5 1 1 2 6 1 6 7 1 7 8 1 8 9 1 9 5 2 3 10 2 10 11 2 11 6 3 4 12 3 12 10 4 5 13 4 13 12 5 9 13 9 8 14 9 14 13 13 14 15 13 15 12 12 15 10 10 15 16 10 16 11 15 14 16 14 8 17 14 17 16 8 7 17 16 17 18 16 18 11 17 7 18 7 6 18 6 11 18
G 19 0203040506000106070803000102080904000103090a050001040a0b060001050b0c0d07020002060d0e080002070e0f100903000308100a040004091011120b0500050a120c0600060b12130d00060c130e0700070d130f0800080e13111000080f110a09000a100f1312000a11130c0b000c12110f0e0d00 34 0 1 2 0 2 3 0 3 4 0 4 5 0 5 1 1 2 6 1 6 7 1 7 8 1 8 9 1 9 5 2 3 10 2 10 6 3 4 11 3 11 12 3 12 13 3 13 10 4 5 14 4 14 11 5 9 14 9 8 15 9 15 14 14 15 16 14 16 11 11 16 12 16 15 17 16 17 12 15 8 17 8 7 17 12 17 13 17 7 18 17 18 13 7 6 18 6 10 18 10 13 18
G 19 0203040506000106070803000102080904000103090a0b050001040b0c060001050c0d07020002060d0e080002070e0f100903000308100a0400040910110b00040a11120c0500050b120d0600060c12130e0700070d130f0800080e13111000080f110a09000a100f13120b000b11130d0c000d12110f0e00 34 0 1 2 0 2 3 0 3 4 0 4 5 0 5 1 1 2 6 1 6 7 1 7 8 1 8 9 1 9 5 2 3 10 2 10 6 3 4 11 3 11 12 3 12 10 4 5 13 4 13 14 4 14 11 5 9 13 9 8 15 9 15 13 13 15 14 15 8 16 15 16 17 15 17 14 8 7 16 14 17 11 11 17 12 17 16 18 17 18 12 16 7 18 7 6 18 6 10 18 18 10 12
G 19 0203040506000106070803000102080904000103090a050001040a0b060001050b0c0d07020002060d0e080002070e0f09030003080f100a0400040910110b0500050a110c0600060b11120d00060c120e0700070d12130f0800080e13100900090f13110a000a1013120c0b000c11130e0d000e1211100f00 34 0 1 2 0 2 3 0 3 4 0 4 5 0 5 1 1 2 6 1 6 7 1 7 8 1 8 9 1 9 5 2 3 10 2 10 6 3 4 11 3 11 12 3 12 10 4 5 13 4 13 14 4 14 11 5 9 13 9 8 15 9 15 13 13 15 14 15 8 16 15 16 17 15 17 14 8 7 16 14 17 11 11 17 12 17 16 12 16 7 18 16 18 12 12 18 10 7 6 18 6 10 18
G 19 0203040506000106070803000102080904000103090a050001040a0b0c060001050c0d07020002060d0e080002070e0f09030003080f100a04000409100b0500050a10110c00050b11120d0600060c120e0700070d12130f0800080e13100900090f13110b0a000b1013120c000c11130e0d000e1211100f00 34 0 1 2 0 2 3 0 3 4 0 4 5 0 5 1 1 2 6 1 6 7 1 7 8 1 8 5 2 3 9 2 9 10 2 10 6 3 4 11 3 11 12 3 12 9 4 5 13 4 13 14 4 14 11 5 8 13 8 7 15 8 15 13 13 15 14 15 7 16 15 16 17 15 17 14 7 6 16 6 10 16 14 17 11 16 10 18 16 18 17 10 9 18 9 12 18 11 17 12 17 18 12
G 19 0203040506000106070803000102080904000103090a050001040a0b0c060001050c0d07020002060d0e080002070e0f09030003080f100a0400040910110b0500050a11120c00050b120d0600060c120e0700070d12130f0800080e13100900090f13110a000a1013120b000b11130e0d0c000e1211100f00 34 0 1 2 0 2 3 0 3 4 0 4 5 0 5 1 1 2 6 1 6 7 1 7 8 1 8 5 2 3 9 2 9 10 2 10 6 3 4 11 3 11 12 3 12 9 4 5 13 4 13 11 5 8 13 8 7 14 8 14 15 8 15 13 13 15 11 11 15 16 11 16 12 15 14 16 14 7 17 14 17 18 14 18 16 7 6 17 6 10 17 16 18 12 17 10 18 10 9 18 18 9 12
G 19 0203040506000106070803000102080904000103090a050001040a0b060001050b0c07020002060c0d0e080002070e0f09030003080f100a0400040910110b0500050a11120c0600060b120d0700070c12130e00070d130f0800080e13100900090f13110a000a1013120b000b11130d0c000d1211100f0e00 34 0 1 2 0 2 3 0 3 4 0 4 5 0 5 1 1 2 6 1 6 7 1 7 8 1 8 5 2 3 9 2 9 10 2 10 6 3 4 11 3 11 12 3 12 9 4 5 13 4 13 11 5 8 13 8 7 14 8 14 15 8 15 13 13 15 11 11 15 12 15 14 16 15 16 12 12 16 17 12 17 9 9 17 10 17 16 18 17 18 10 16 14 18 14 7 18 7 6 18 18 6 10
G 19 0203040506000106070803000102080904000103090a050001040a0b060001050b0c07020002060c0d080002070d0e09030003080e0f0a040004090f100b0500050a10110c0600060b11120d0700070c120e0800080d12130f0900090e13100a000a0f13110b000b1013120c000c11130e0d000e1211100f00 34 0 1 2 0 2 3 0 3 4 0 4 5 0 5 1 1 2 6 1 6 7 1 7 8 1 8 5 2 3 9 2 9 10 2 10 6 3 4 11 3 11 12 3 12 9 4 5 13 4 13 11 5 8 13 8 7 14 8 14 15 8 15 13 13 15 11 11 15 12 15 14 16 15 16 12 12 16 9 9 16 17 9 17 10 16 14 17 14 7 18 14 18 17 7 6 18 6 10 18 10 17 18
G 19 0203040506000106070803000102080904000103090a0b050001040b0c060001050c0d07020002060d0e080002070e0f09030003080f100a0400040910110b00040a110c0500050b11120d0600060c12130e0700070d130f0800080e13100900090f1312110a000a10120c0b000c1110130d000d12100f0e00 34 0 1 2 0 2 3 0 3 4 0 4 5 0 5 1 1 2 6 1 6 7 1 7 8 1 8 5 2 3 9 2 9 10 2 10 6 3 4 11 3 11 12 3 12 9 4 5 13 4 13 11 5 8 13 8 7 14 8 14 13 13 14 15 13 15 11 11 15 12 15 14 16 15 16 17 15 17 12 14 7 18 14 18 16 7 6 18 6 10 18 12 17 9 18 10 16 10 9 17 10 17 16
G 19 0203040506000106070803000102080904000103090a0b050001040b0c060001050c0d07020002060d0e080002070e0f09030003080f100a0400040910110b00040a110c0500050b11120d0600060c120e0700070d12130f0800080e13100900090f13110a000a1013120c0b000c11130e0d000e1211100f00 34 0 1 2 0 2 3 0 3 4 0 4 5 0 5 1 1 2 6 1 6 7 1 7 8 1 8 5 2 3 9 2 9 10 2 10 6 3 4 11 3 11 12 3 12 9 4 5 13 4 13 11 5 8 13 8 7 14 8 14 13 13 14 15 13 15 11 11 15 12 15 14 16 15 16 17 15 17 12 14 7 16 7 6 18 7 18 16 6 10 18 12 17 9 16 18 17 18 10 17 17 10 9
