G 18 0203040506000106070803000102080904000103090a050001040a0b060001050b0c0d0e07020002060e0f080002070f09030003080f1011120a04000409120b0500050a120c0600060b12110d00060c11100e00060d100f0700070e10090800090f0e0d110009100d0c120009110c0b0a00 32 0 1 2 0 2 3 0 3 4 0 4 5 0 5 1 1 2 6 1 6 7 1 7 8 1 8 9 1 9 10 1 10 5 2 3 11 2 11 6 3 4 12 3 12 11 4 5 13 4 13 12 5 10 13 10 9 14 10 14 13 13 14 12 12 14 15 12 15 16 12 16 17 12 17 11 14 9 15 9 8 15 11 17 6 15 8 16 8 7 16 6 17 7 17 16 7
G 18 0203040506000106070803000102080904000103090a050001040a0b060001050b0c07020002060c0d080002070d0e0f09030003080f100a04000409100b0500050a1011120c0600060b120d0700070c120e0800080d12110f00080e11100900090f110b0a000b100f0e12000b110e0d0c00 32 0 1 2 0 2 3 0 3 4 0 4 5 0 5 1 1 2 6 1 6 7 1 7 8 1 8 9 1 9 5 2 3 10 2 10 11 2 11 6 3 4 12 3 12 10 4 5 13 4 13 12 5 9 13 9 8 14 9 14 13 13 14 15 13 15 12 12 15 10 10 15 11 15 14 16 15 16 17 15 17 11 14 8 16 8 7 16 11 17 6 16 7 17 7 6 17
G 18 0203040506000106070803000102080904000103090a050001040a0b060001050b0c07020002060c0d080002070d0e09030003080e0f100a04000409100b0500050a10110c0600060b11120d0700070c120e0800080d120f0900090e12111000090f110b0a000b100f120c000c110f0e0d00 32 0 1 2 0 2 3 0 3 4 0 4 5 0 5 1 1 2 6 1 6 7 1 7 8 1 8 9 1 9 5 2 3 10 2 10 11 2 11 6 3 4 12 3 12 10 4 5 13 4 13 12 5 9 13 9 8 14 9 14 13 13 14 12 12 14 15 12 15 10 14 8 16 14 16 15 8 7 16 10 15 11 15 16 17 15 17 11 16 7 17 7 6 17 6 11 17
G 18 0203040506000106070803000102080904000103090a050001040a0b060001050b07020002060b0c080002070c0d0e09030003080e0f0a040004090f100b0500050a10110c070600070b110d0800080c11120e00080d120f0900090e12100a000a0f12110b000b10120d0c000d11100f0e00 32 0 1 2 0 2 3 0 3 4 0 4 5 0 5 1 1 2 6 1 6 7 1 7 8 1 8 9 1 9 5 2 3 10 2 10 11 2 11 6 3 4 12 3 12 10 4 5 13 4 13 12 5 9 13 9 8 14 9 14 13 13 14 12 12 14 10 14 8 15 14 15 16 14 16 10 10 16 11 8 7 15 7 6 17 7 17 15 6 11 17 11 16 17 16 15 17
G 18 0203040506000106070803000102080904000103090a050001040a0b060001050b0c07020002060c0d080002070d0e0f09030003080f0a040004090f10110b0500050a110c0600060b11120d0700070c120e0800080d12100f00080e100a09000a0f0e1211000a10120c0b000c11100e0d00 32 0 1 2 0 2 3 0 3 4 0 4 5 0 5 1 1 2 6 1 6 7 1 7 8 1 8 9 1 9 5 2 3 10 2 10 6 3 4 11 3 11 12 3 12 13 3 13 10 4 5 14 4 14 11 5 9 14 9 8 15 9 15 14 14 15 11 11 15 12 15 8 16 15 16 12 8 7 16 12 16 13 16 7 17 16 17 13 7 6 17 6 10 17 10 13 17
G 18 0203040506000106070803000102080904000103090a050001040a0b060001050b0c0d07020002060d0e080002070e0f09030003080f100a0400040910110b0500050a110c0600060b11120d00060c120e0700070d120f0800080e12100900090f12110a000a10120c0b000c11100f0e0d00 32 0 1 2 0 2 3 0 3 4 0 4 5 0 5 1 1 2 6 1 6 7 1 7 8 1 8 9 1 9 5 2 3 10 2 10 6 3 4 11 3 11 12 3 12 10 4 5 13 4 13 11 5 9 13 9 8 14 9 14 13 13 14 15 13 15 11 11 15 12 15 14 16 15 16 17 15 17 12 14 8 16 8 7 16 12 17 10 16 7 17 7 6 17 17 6 10
G 18 0203040506000106070803000102080904000103090a050001040a0b060001050b0c07020002060c0d080002070d0e09030003080e0f0a040004090f100b0500050a10110c0600060b110d0700070c11120e0800080d120f0900090e12100a000a0f12110b000b10120d0c000d11100f0e00 32 0 1 2 0 2 3 0 3 4 0 4 5 0 5 1 1 2 6 1 6 7 1 7 8 1 8 5 2 3 9 2 9 10 2 10 6 3 4 11 3 11 12 3 12 9 4 5 13 4 13 11 5 8 13 8 7 14 8 14 15 8 15 13 13 15 11 11 15 12 15 14 16 15 16 12 12 16 9 9 16 10 16 14 17 16 17 10 14 7 17 7 6 17 6 10 17
G 18 0203040506000106070803000102080904000103090a050001040a0b060001050b0c07020002060c0d0e080002070e09030003080e0f0a040004090f100b0500050a10110c0600060b110d0700070c11120e00070d120f090800090e12100a000a0f12110b000b10120d0c000d11100f0e00 32 0 1 2 0 2 3 0 3 4 0 4 5 0 5 1 1 2 6 1 6 7 1 7 8 1 8 5 2 3 9 2 9 10 2 10 6 3 4 11 3 11 12 3 12 9 4 5 13 4 13 11 5 8 13 8 7 14 8 14 15 8 15 13 13 15 11 11 15 12 15 14 12 12 14 16 12 16 9 14 7 17 14 17 16 7 6 17 6 10 17 9 16 10 16 17 10
G 18 0203040506000106070803000102080904000103090a050001040a0b0c060001050c0d07020002060d0e080002070e0f09030003080f100a04000409100b0500050a10110c00050b110d0600060c11120e0700070d120f0800080e12100900090f12110b0a000b10120d0c000d11100f0e00 32 0 1 2 0 2 3 0 3 4 0 4 5 0 5 1 1 2 6 1 6 7 1 7 8 1 8 5 2 3 9 2 9 10 2 10 6 3 4 11 3 11 12 3 12 9 4 5 13 4 13 11 5 8 13 8 7 14 8 14 13 13 14 15 13 15 11 11 15 12 15 14 16 15 16 17 15 17 12 14 7 16 7 6 16 6 10 16 16 10 17 10 9 17 9 12 17
G 18 0203040506000106070803000102080904000103090a050001040a0b060001050b0c07020002060c0d0e080002070e0f09030003080f0a040004090f100b0500050a10110c0600060b110d0700070c11120e00070d120f0800080e12100a09000a0f12110b000b10120d0c000d11100f0e00 32 0 1 2 0 2 3 0 3 4 0 4 5 0 5 1 1 2 6 1 6 7 1 7 8 1 8 5 2 3 9 2 9 10 2 10 6 3 4 11 3 11 12 3 12 9 4 5 13 4 13 11 5 8 13 8 7 14 8 14 13 13 14 11 11 14 12 14 7 15 14 15 12 7 6 16 7 16 15 6 10 16 12 15 17 12 17 9 15 16 17 16 10 17 10 9 17
G 18 0203040506000106070803000102080904000103090a0b050001040b0c060001050c0d07020002060d0e080002070e0f09030003080f0a040004090f100b00040a10110c0500050b110d0600060c11120e0700070d120f0800080e12100a09000a0f12110b000b10120d0c000d11100f0e00 32 0 1 2 0 2 3 0 3 4 0 4 5 0 5 1 1 2 6 1 6 7 1 7 8 1 8 5 2 3 9 2 9 10 2 10 6 3 4 11 3 11 9 4 5 12 4 12 13 4 13 11 5 8 12 8 7 14 8 14 12 12 14 15 12 15 13 14 7 16 14 16 15 7 6 16 6 10 16 16 10 17 16 17 15 10 9 17 9 11 17 11 13 17 17 13 15
G 18 0203040506000106070803000102080904000103090a050001040a0b0c060001050c0d07020002060d0e080002070e0f09030003080f100a04000409100b0500050a10110c00050b11120d0600060c120e0700070d120f0800080e1211100900090f110b0a000b100f120c000c110f0e0d00 32 0 1 2 0 2 3 0 3 4 0 4 5 0 5 1 1 2 6 1 6 7 1 7 8 1 8 5 2 3 9 2 9 10 2 10 6 3 4 11 3 11 9 4 5 12 4 12 11 5 8 12 8 7 13 8 13 12 12 13 14 12 14 11 11 14 15 11 15 9 9 15 10 15 14 16 15 16 10 14 13 17 14 17 16 13 7 17 7 6 17 6 10 16 6 16 17
