G 20 0203040506000106070803000102080904000103090a050001040a0b060001050b0c0d0e0f07020002060f100800020710090300030810111213140a04000409140b0500050a140c0600060b14130d00060c13120e00060d12110f00060e11100700070f1109080009100f0e120009110e0d130009120d0c140009130c0b0a00 36 0 1 2 0 2 3 0 3 4 0 4 5 0 5 1 1 2 6 1 6 7 1 7 8 1 8 9 1 9 10 1 10 11 1 11 5 2 3 12 2 12 6 3 4 13 3 13 12 4 5 14 4 14 13 5 11 14 11 10 15 11 15 14 14 15 13 13 15 16 13 16 17 13 17 18 13 18 19 13 19 12 15 10 16 10 9 16 12 19 6 16 9 17 9 8 17 6 19 7 19 18 7 17 8 18 8 7 18
G 20 0203040506000106070803000102080904000103090a050001040a0b060001050b07020002060b0c080002070c0d09030003080d0e0f100a04000409100b0500050a1011120c070600070b12130d0800080c130e0900090d13140f00090e14111000090f110b0a000b100f1412000b1114130c000c12140e0d000e1312110f00 36 0 1 2 0 2 3 0 3 4 0 4 5 0 5 1 1 2 6 1 6 7 1 7 8 1 8 9 1 9 10 1 10 5 2 3 11 2 11 12 2 12 6 3 4 13 3 13 14 3 14 11 4 5 15 4 15 13 5 10 15 10 9 16 10 16 15 15 16 13 13 16 14 16 9 14 9 8 14 14 8 17 14 17 18 14 18 11 8 7 17 11 18 12 18 17 19 18 19 12 17 7 19 7 6 19 6 12 19
G 20 0203040506000106070803000102080904000103090a050001040a0b060001050b0c07020002060c0d080002070d0e0f10090300030810110a04000409110b0500050a111213140c0600060b140d0700070c140e0800080d14130f00080e13121000080f121109000910120b0a000b11100f13000b120f0e14000b130e0d0c00 36 0 1 2 0 2 3 0 3 4 0 4 5 0 5 1 1 2 6 1 6 7 1 7 8 1 8 9 1 9 10 1 10 5 2 3 11 2 11 12 2 12 6 3 4 13 3 13 11 4 5 14 4 14 13 5 10 14 10 9 15 10 15 14 14 15 16 14 16 13 13 16 11 11 16 12 16 15 17 16 17 18 16 18 19 16 19 12 15 9 17 9 8 17 12 19 6 17 8 18 8 7 18 6 19 7 19 18 7
G 20 0203040506000106070803000102080904000103090a050001040a0b060001050b0c07020002060c0d080002070d0e09030003080e0f10110a04000409110b0500050a11120c0600060b1213140d0700070c140e0800080d140f0900090e14131000090f131211000910120b0a000b1110130c000c12100f14000c130f0e0d00 36 0 1 2 0 2 3 0 3 4 0 4 5 0 5 1 1 2 6 1 6 7 1 7 8 1 8 9 1 9 10 1 10 5 2 3 11 2 11 12 2 12 6 3 4 13 3 13 11 4 5 14 4 14 13 5 10 14 10 9 15 10 15 14 14 15 13 13 15 16 13 16 17 13 17 11 15 9 16 9 8 16 11 17 12 16 8 18 16 18 17 8 7 18 17 18 19 17 19 12 18 7 19 7 6 19 6 12 19
G 20 0203040506000106070803000102080904000103090a050001040a0b060001050b07020002060b0c080002070c0d0e09030003080e0f0a040004090f100b0500050a1011120c070600070b120d0800080c12130e00080d13140f0900090e14100a000a0f14110b000b10141312000b11130d0c000d1211140e000e1311100f00 36 0 1 2 0 2 3 0 3 4 0 4 5 0 5 1 1 2 6 1 6 7 1 7 8 1 8 9 1 9 10 1 10 5 2 3 11 2 11 12 2 12 6 3 4 13 3 13 11 4 5 14 4 14 13 5 10 14 10 9 15 10 15 14 14 15 13 13 15 16 13 16 11 15 9 16 9 8 16 11 16 17 11 17 12 16 8 18 16 18 17 8 7 18 7 6 19 7 19 18 6 12 19 12 17 19 17 18 19
G 20 0203040506000106070803000102080904000103090a050001040a0b060001050b07020002060b0c080002070c0d09030003080d0e0f0a040004090f100b0500050a1011120c070600070b120d0800080c12130e0900090d13140f00090e14100a000a0f14110b000b10141312000b11130d0c000d1211140e000e1311100f00 36 0 1 2 0 2 3 0 3 4 0 4 5 0 5 1 1 2 6 1 6 7 1 7 8 1 8 9 1 9 10 1 10 5 2 3 11 2 11 12 2 12 6 3 4 13 3 13 11 4 5 14 4 14 13 5 10 14 10 9 15 10 15 14 14 15 13 13 15 11 15 9 16 15 16 11 11 16 17 11 17 12 9 8 16 16 8 18 16 18 17 8 7 18 7 6 19 7 19 18 6 12 19 12 17 19 17 18 19
G 20 0203040506000106070803000102080904000103090a050001040a0b060001050b07020002060b0c080002070c09030003080c0d0e0f0a040004090f100b0500050a1011120c070600070b120d090800090c12130e00090d13140f00090e14100a000a0f14110b000b10141312000b11130d0c000d1211140e000e1311100f00 36 0 1 2 0 2 3 0 3 4 0 4 5 0 5 1 1 2 6 1 6 7 1 7 8 1 8 9 1 9 10 1 10 5 2 3 11 2 11 12 2 12 6 3 4 13 3 13 11 4 5 14 4 14 13 5 10 14 10 9 15 10 15 14 14 15 13 13 15 11 15 9 11 11 9 16 11 16 17 11 17 12 9 8 16 8 7 18 8 18 16 16 18 17 18 7 19 18 19 17 7 6 19 6 12 19 12 17 19
G 20 0203040506000106070803000102080904000103090a050001040a0b060001050b0c07020002060c0d080002070d0e0f09030003080f0a040004090f1011120b0500050a120c0600060b12130d0700070c13140e0800080d14100f00080e100a09000a0f0e1411000a10141312000a11130c0b000c1211140d000d1311100e00 36 0 1 2 0 2 3 0 3 4 0 4 5 0 5 1 1 2 6 1 6 7 1 7 8 1 8 9 1 9 10 1 10 5 2 3 11 2 11 6 3 4 12 3 12 13 3 13 14 3 14 11 4 5 15 4 15 12 5 10 15 10 9 16 10 16 15 15 16 12 12 16 17 12 17 13 16 9 17 9 8 17 17 8 18 17 18 13 8 7 18 13 18 14 18 7 19 18 19 14 7 6 19 6 11 19 11 14 19
G 20 0203040506000106070803000102080904000103090a050001040a0b060001050b0c07020002060c0d080002070d0e0f100903000308100a040004091011120b0500050a12130c0600060b130d0700070c130e0800080d13140f00080e14111000080f110a09000a100f1412000a1114130b000b12140e0d0c000e1312110f00 36 0 1 2 0 2 3 0 3 4 0 4 5 0 5 1 1 2 6 1 6 7 1 7 8 1 8 9 1 9 10 1 10 5 2 3 11 2 11 6 3 4 12 3 12 13 3 13 14 3 14 11 4 5 15 4 15 12 5 10 15 10 9 16 10 16 15 15 16 12 12 16 13 16 9 17 16 17 13 9 8 17 13 17 18 13 18 14 17 8 18 8 7 18 18 7 19 18 19 14 7 6 19 6 11 19 11 14 19
G 20 0203040506000106070803000102080904000103090a050001040a0b060001050b0c07020002060c0d080002070d0e0f100903000308100a0400040910110b0500050a11120c0600060b12130d0700070c130e0800080d13140f00080e14111000080f110a09000a100f14120b000b1114130c000c12140e0d000e1312110f00 36 0 1 2 0 2 3 0 3 4 0 4 5 0 5 1 1 2 6 1 6 7 1 7 8 1 8 9 1 9 10 1 10 5 2 3 11 2 11 6 3 4 12 3 12 13 3 13 11 4 5 14 4 14 15 4 15 12 5 10 14 10 9 16 10 16 14 14 16 15 16 9 17 16 17 15 9 8 17 15 17 12 17 8 18 17 18 12 12 18 13 8 7 18 18 7 19 18 19 13 7 6 19 6 11 19 11 13 19
G 20 0203040506000106070803000102080904000103090a050001040a0b060001050b0c0d07020002060d0e0f080002070f09030003080f1011120a04000409120b0500050a12130c0600060b13140d00060c140e0700070d14100f00070e10090800090f0e1411000910141312000911130b0a000b1211140c000c1311100e0d00 36 0 1 2 0 2 3 0 3 4 0 4 5 0 5 1 1 2 6 1 6 7 1 7 8 1 8 9 1 9 10 1 10 5 2 3 11 2 11 6 3 4 12 3 12 13 3 13 11 4 5 14 4 14 12 5 10 14 10 9 15 10 15 14 14 15 16 14 16 12 12 16 13 16 15 17 16 17 18 16 18 19 16 19 13 15 9 17 9 8 17 13 19 11 17 8 18 8 7 18 11 19 6 19 18 7 19 7 6
G 20 0203040506000106070803000102080904000103090a050001040a0b060001050b0c0d0e07020002060e0f080002070f10090300030810110a0400040911120b0500050a120c0600060b12130d00060c13140e00060d140f0700070e14100800080f1411090009101413120a000a11130c0b000c1211140d000d1311100f0e00 36 0 1 2 0 2 3 0 3 4 0 4 5 0 5 1 1 2 6 1 6 7 1 7 8 1 8 9 1 9 10 1 10 5 2 3 11 2 11 6 3 4 12 3 12 13 3 13 11 4 5 14 4 14 12 5 10 14 10 9 15 10 15 14 14 15 16 14 16 12 12 16 13 16 15 17 16 17 18 16 18 13 15 9 17 9 8 17 13 18 19 13 19 11 17 8 18 8 7 18 18 7 19 7 6 19 6 11 19
G 20 0203040506000106070803000102080904000103090a050001040a0b060001050b07020002060b0c080002070c0d0e09030003080e0f0a040004090f10110b0500050a11120c070600070b120d0800080c1213140e00080d140f0900090e14100a000a0f141311000a1013120b000b11130d0c000d12111014000d13100f0e00 36 0 1 2 0 2 3 0 3 4 0 4 5 0 5 1 1 2 6 1 6 7 1 7 8 1 8 9 1 9 5 2 3 10 2 10 11 2 11 12 2 12 6 3 4 13 3 13 10 4 5 14 4 14 13 5 9 14 9 8 15 9 15 16 9 16 14 14 16 13 13 16 10 16 15 17 16 17 11 16 11 10 11 17 12 17 15 18 17 18 19 17 19 12 15 8 18 8 7 18 12 19 6 18 7 19 7 6 19
G 20 0203040506000106070803000102080904000103090a050001040a0b060001050b07020002060b0c080002070c0d09030003080d0e0a040004090e0f100b0500050a10110c070600070b11120d0800080c12130e0900090d130f0a000a0e131410000a0f14110b000b1014120c000c1114130d000d12140f0e000f1312111000 36 0 1 2 0 2 3 0 3 4 0 4 5 0 5 1 1 2 6 1 6 7 1 7 8 1 8 9 1 9 5 2 3 10 2 10 11 2 11 12 2 12 6 3 4 13 3 13 10 4 5 14 4 14 13 5 9 14 9 8 15 9 15 16 9 16 14 14 16 13 13 16 10 16 15 11 16 11 10 11 15 17 11 17 12 15 8 18 15 18 17 8 7 18 7 6 19 7 19 18 6 12 19 12 17 19 17 18 19
G 20 0203040506000106070803000102080904000103090a050001040a0b060001050b07020002060b0c080002070c0d09030003080d0e0f0a040004090f10110b0500050a110c070600070b1112130d0800080c130e0900090d13140f00090e14100a000a0f141211000a10120c0b000c11101413000c12140e0d000e1312100f00 36 0 1 2 0 2 3 0 3 4 0 4 5 0 5 1 1 2 6 1 6 7 1 7 8 1 8 9 1 9 5 2 3 10 2 10 11 2 11 12 2 12 6 3 4 13 3 13 10 4 5 14 4 14 13 5 9 14 9 8 15 9 15 16 9 16 14 14 16 13 13 16 10 16 15 10 10 15 11 15 8 17 15 17 18 15 18 11 8 7 17 11 18 12 18 17 19 18 19 12 17 7 19 7 6 19 6 12 19
G 20 0203040506000106070803000102080904000103090a050001040a0b060001050b07020002060b0c080002070c09030003080c0d0e0a040004090e0f100b0500050a10110c070600070b11120d090800090c12130e00090d130f0a000a0e131410000a0f14110b000b1014120c000c1114130d000d12140f0e000f1312111000 36 0 1 2 0 2 3 0 3 4 0 4 5 0 5 1 1 2 6 1 6 7 1 7 8 1 8 9 1 9 5 2 3 10 2 10 11 2 11 12 2 12 6 3 4 13 3 13 10 4 5 14 4 14 13 5 9 14 9 8 15 9 15 11 9 11 16 9 16 14 11 10 16 10 13 16 13 14 16 11 15 17 11 17 12 15 8 18 15 18 17 8 7 18 7 6 19 7 19 18 6 12 19 12 17 19 17 18 19
G 20 0203040506000106070803000102080904000103090a050001040a0b060001050b0c0d07020002060d0e080002070e09030003080e0f100a04000409100b0500050a1011120c0600060b12130d00060c130e0700070d13140f090800090e14111000090f110b0a000b100f1412000b1114130c000c12140e0d000e1312110f00 36 0 1 2 0 2 3 0 3 4 0 4 5 0 5 1 1 2 6 1 6 7 1 7 8 1 8 9 1 9 5 2 3 10 2 10 11 2 11 12 2 12 6 3 4 13 3 13 10 4 5 14 4 14 13 5 9 14 9 8 15 9 15 14 14 15 16 14 16 17 14 17 13 13 17 10 10 17 11 17 16 11 11 16 12 16 15 18 16 18 19 16 19 12 15 8 18 8 7 18 12 19 6 18 7 19 7 6 19
G 20 0203040506000106070803000102080904000103090a050001040a0b060001050b0c07020002060c0d080002070d0e0f09030003080f10110a04000409110b0500050a1112130c0600060b130d0700070c130e0800080d13140f00080e14100900090f141211000910120b0a000b11101413000b12140e0d0c000e1312100f00 36 0 1 2 0 2 3 0 3 4 0 4 5 0 5 1 1 2 6 1 6 7 1 7 8 1 8 9 1 9 5 2 3 10 2 10 11 2 11 12 2 12 6 3 4 13 3 13 10 4 5 14 4 14 13 5 9 14 9 8 15 9 15 14 14 15 16 14 16 13 13 16 10 10 16 11 16 15 17 16 17 18 16 18 11 15 8 17 8 7 17 11 18 12 17 7 19 17 19 18 7 6 19 6 12 19 12 18 19
G 20 0203040506000106070803000102080904000103090a050001040a0b060001050b0c07020002060c0d080002070d0e0f09030003080f10110a04000409110b0500050a11120c0600060b12130d0700070c130e0800080d13140f00080e14100900090f141211000910120b0a000b111014130c000c12140e0d000e1312100f00 36 0 1 2 0 2 3 0 3 4 0 4 5 0 5 1 1 2 6 1 6 7 1 7 8 1 8 9 1 9 5 2 3 10 2 10 11 2 11 12 2 12 6 3 4 13 3 13 10 4 5 14 4 14 13 5 9 14 9 8 15 9 15 14 14 15 16 14 16 13 13 16 10 10 16 11 16 15 17 16 17 11 15 8 18 15 18 17 8 7 18 11 17 12 17 18 19 17 19 12 18 7 19 7 6 19 6 12 19
G 20 0203040506000106070803000102080904000103090a050001040a0b060001050b0c07020002060c0d080002070d0e0f09030003080f0a040004090f10110b0500050a110c0600060b1112130d0700070c130e0800080d13140f00080e14100a09000a0f141211000a10120c0b000c11101413000c12140e0d000e1312100f00 36 0 1 2 0 2 3 0 3 4 0 4 5 0 5 1 1 2 6 1 6 7 1 7 8 1 8 9 1 9 5 2 3 10 2 10 11 2 11 6 3 4 12 3 12 13 3 13 14 3 14 10 4 5 15 4 15 12 5 9 15 9 8 16 9 16 15 15 16 12 12 16 13 16 8 17 16 17 13 8 7 17 13 17 14 17 7 18 17 18 19 17 19 14 7 6 18 6 11 18 14 19 10 18 11 19 11 10 19
G 20 0203040506000106070803000102080904000103090a050001040a0b060001050b07020002060b0c080002070c0d0e09030003080e0f0a040004090f100b0500050a10110c070600070b11120d0800080c12130e00080d130f0900090e1314100a000a0f14110b000b1014120c000c1114130d000d12140f0e000f1312111000 36 0 1 2 0 2 3 0 3 4 0 4 5 0 5 1 1 2 6 1 6 7 1 7 8 1 8 9 1 9 5 2 3 10 2 10 11 2 11 6 3 4 12 3 12 13 3 13 14 3 14 10 4 5 15 4 15 12 5 9 15 9 8 16 9 16 15 15 16 12 12 16 13 16 8 13 8 7 17 8 17 13 13 17 14 17 7 18 17 18 19 17 19 14 7 6 18 6 11 18 14 19 10 18 11 19 11 10 19
G 20 0203040506000106070803000102080904000103090a050001040a0b060001050b0c07020002060c0d080002070d0e09030003080e0f0a040004090f10110b0500050a11120c0600060b120d0700070c1213140e0800080d140f0900090e14100a000a0f141311000a1013120b000b11130d0c000d12111014000d13100f0e00 36 0 1 2 0 2 3 0 3 4 0 4 5 0 5 1 1 2 6 1 6 7 1 7 8 1 8 9 1 9 5 2 3 10 2 10 11 2 11 6 3 4 12 3 12 13 3 13 10 4 5 14 4 14 12 5 9 14 9 8 15 9 15 16 9 16 14 14 16 12 12 16 13 16 15 17 16 17 13 13 17 10 10 17 11 17 15 18 17 18 19 17 19 11 15 8 18 8 7 18 11 19 6 18 7 19 7 6 19
G 20 0203040506000106070803000102080904000103090a050001040a0b060001050b0c07020002060c0d080002070d0e0f09030003080f100a04000409100b0500050a1011120c0600060b120d0700070c12130e0800080d13140f00080e14100900090f14110b0a000b10141312000b11130d0c000d1211140e000e1311100f00 36 0 1 2 0 2 3 0 3 4 0 4 5 0 5 1 1 2 6 1 6 7 1 7 8 1 8 9 1 9 5 2 3 10 2 10 11 2 11 6 3 4 12 3 12 13 3 13 10 4 5 14 4 14 12 5 9 14 9 8 15 9 15 16 9 16 14 14 16 12 12 16 13 16 15 13 13 15 17 13 17 18 13 18 10 15 8 17 8 7 17 10 18 11 17 7 19 17 19 18 7 6 19 6 11 19 11 18 19
G 20 0203040506000106070803000102080904000103090a050001040a0b060001050b0c07020002060c0d080002070d0e09030003080e0f100a04000409100b0500050a10110c0600060b11120d0700070c12130e0800080d130f0900090e13141000090f14110b0a000b1014120c000c1114130d000d12140f0e000f1312111000 36 0 1 2 0 2 3 0 3 4 0 4 5 0 5 1 1 2 6 1 6 7 1 7 8 1 8 9 1 9 5 2 3 10 2 10 11 2 11 6 3 4 12 3 12 13 3 13 10 4 5 14 4 14 12 5 9 14 9 8 15 9 15 16 9 16 14 14 16 12 12 16 13 16 15 13 13 15 17 13 17 10 15 8 18 15 18 17 8 7 18 10 17 11 17 18 19 17 19 11 18 7 19 7 6 19 6 11 19
G 20 0203040506000106070803000102080904000103090a050001040a0b060001050b0c0d07020002060d0e080002070e0f09030003080f10110a0400040911120b0500050a120c0600060b12130d00060c13140e0700070d140f0800080e14100900090f14131100091013120a000a11130c0b000c121110140d000d13100f0e00 36 0 1 2 0 2 3 0 3 4 0 4 5 0 5 1 1 2 6 1 6 7 1 7 8 1 8 9 1 9 5 2 3 10 2 10 11 2 11 6 3 4 12 3 12 13 3 13 10 4 5 14 4 14 12 5 9 14 9 8 15 9 15 14 14 15 16 14 16 12 12 16 13 16 15 17 16 17 18 16 18 19 16 19 13 15 8 17 8 7 17 13 19 10 17 7 18 7 6 18 6 11 18 18 11 19 11 10 19
G 20 0203040506000106070803000102080904000103090a050001040a0b0c060001050c0d07020002060d0e080002070e0f09030003080f10110a04000409110b0500050a11120c00050b12130d0600060c130e0700070d13140f0800080e14100900090f141211000910120b0a000b111014130c000c12140e0d000e1312100f00 36 0 1 2 0 2 3 0 3 4 0 4 5 0 5 1 1 2 6 1 6 7 1 7 8 1 8 9 1 9 5 2 3 10 2 10 11 2 11 6 3 4 12 3 12 13 3 13 10 4 5 14 4 14 12 5 9 14 9 8 15 9 15 14 14 15 16 14 16 12 12 16 13 16 15 17 16 17 18 16 18 13 15 8 17 8 7 17 13 18 10 17 7 19 17 19 18 7 6 19 6 11 19 10 18 11 18 19 11
G 20 0203040506000106070803000102080904000103090a050001040a0b060001050b0c0d07020002060d0e080002070e0f09030003080f10110a04000409110b0500050a11120c0600060b12130d00060c130e0700070d13140f0800080e14100900090f141211000910120b0a000b111014130c000c12140e0d000e1312100f00 36 0 1 2 0 2 3 0 3 4 0 4 5 0 5 1 1 2 6 1 6 7 1 7 8 1 8 9 1 9 5 2 3 10 2 10 11 2 11 6 3 4 12 3 12 13 3 13 10 4 5 14 4 14 12 5 9 14 9 8 15 9 15 14 14 15 16 14 16 12 12 16 13 16 15 17 16 17 13 15 8 18 15 18 17 8 7 18 13 17 10 17 18 19 17 19 11 17 11 10 18 7 19 7 6 19 6 11 19
G 20 0203040506000106070803000102080904000103090a050001040a0b060001050b0c07020002060c0d0e080002070e0f09030003080f10110a04000409110b0500050a1112130c0600060b130d0700070c13140e00070d140f0800080e14100900090f141211000910120b0a000b11101413000b12140d0c000d1312100f0e00 36 0 1 2 0 2 3 0 3 4 0 4 5 0 5 1 1 2 6 1 6 7 1 7 8 1 8 9 1 9 5 2 3 10 2 10 11 2 11 6 3 4 12 3 12 13 3 13 10 4 5 14 4 14 12 5 9 14 9 8 15 9 15 14 14 15 16 14 16 12 12 16 13 16 15 17 16 17 13 15 8 17 8 7 17 13 17 18 13 18 10 17 7 19 17 19 18 7 6 19 6 11 19 10 18 11 18 19 11
G 20 0203040506000106070803000102080904000103090a050001040a0b060001050b0c07020002060c0d0e080002070e09030003080e0f0a040004090f100b0500050a1011120c0600060b120d0700070c12130e00070d13140f090800090e14100a000a0f14110b000b10141312000b11130d0c000d1211140e000e1311100f00 36 0 1 2 0 2 3 0 3 4 0 4 5 0 5 1 1 2 6 1 6 7 1 7 8 1 8 9 1 9 5 2 3 10 2 10 11 2 11 6 3 4 12 3 12 13 3 13 10 4 5 14 4 14 12 5 9 14 9 8 15 9 15 14 14 15 12 12 15 16 12 16 17 12 17 13 15 8 16 8 7 16 16 7 17 7 6 18 7 18 17 6 11 18 17 18 19 17 19 13 18 11 19 11 10 19 10 13 19
G 20 0203040506000106070803000102080904000103090a050001040a0b060001050b0c0d07020002060d0e080002070e0f09030003080f100a0400040910110b0500050a11120c0600060b12130d00060c130e0700070d13140f0800080e14100900090f14110a000a1014120b000b1114130c000c12140e0d000e131211100f00 36 0 1 2 0 2 3 0 3 4 0 4 5 0 5 1 1 2 6 1 6 7 1 7 8 1 8 9 1 9 5 2 3 10 2 10 11 2 11 6 3 4 12 3 12 13 3 13 10 4 5 14 4 14 12 5 9 14 9 8 15 9 15 14 14 15 12 12 15 16 12 16 13 15 8 17 15 17 16 8 7 17 7 6 18 7 18 17 6 11 18 17 18 19 17 19 16 18 11 19 11 10 19 10 13 19 19 13 16
G 20 0203040506000106070803000102080904000103090a050001040a0b060001050b0c0d07020002060d0e080002070e0f09030003080f100a0400040910110b0500050a11120c0600060b12130d00060c130e0700070d130f0800080e1314100900090f14110a000a1014120b000b1114130c000c12140f0e0d000f1312111000 36 0 1 2 0 2 3 0 3 4 0 4 5 0 5 1 1 2 6 1 6 7 1 7 8 1 8 9 1 9 5 2 3 10 2 10 11 2 11 6 3 4 12 3 12 13 3 13 10 4 5 14 4 14 12 5 9 14 9 8 15 9 15 14 14 15 12 12 15 16 12 16 13 15 8 17 15 17 16 8 7 17 7 6 18 7 18 17 6 11 18 17 18 16 18 11 19 18 19 16 16 19 13 11 10 19 10 13 19
G 20 0203040506000106070803000102080904000103090a050001040a0b060001050b0c07020002060c0d080002070d0e09030003080e0f100a0400040910110b0500050a11120c0600060b120d0700070c12130e0800080d130f0900090e13141000090f14110a000a1014120b000b1114130d0c000d12140f0e000f1312111000 36 0 1 2 0 2 3 0 3 4 0 4 5 0 5 1 1 2 6 1 6 7 1 7 8 1 8 9 1 9 5 2 3 10 2 10 11 2 11 6 3 4 12 3 12 13 3 13 10 4 5 14 4 14 12 5 9 14 9 8 15 9 15 14 14 15 12 12 15 16 12 16 13 15 8 16 8 7 17 8 17 16 16 17 18 16 18 13 13 18 10 10 18 11 18 17 19 18 19 11 17 7 19 7 6 19 6 11 19
G 20 0203040506000106070803000102080904000103090a050001040a0b060001050b0c07020002060c0d0e080002070e09030003080e0f100a04000409100b0500050a10110c0600060b11120d0700070c12130e00070d130f090800090e13141000090f14110b0a000b1014120c000c1114130d000d12140f0e000f1312111000 36 0 1 2 0 2 3 0 3 4 0 4 5 0 5 1 1 2 6 1 6 7 1 7 8 1 8 9 1 9 5 2 3 10 2 10 11 2 11 6 3 4 12 3 12 13 3 13 10 4 5 14 4 14 12 5 9 14 9 8 15 9 15 14 14 15 12 12 15 16 12 16 13 15 8 16 8 7 16 16 7 17 16 17 13 7 6 18 7 18 17 6 11 18 13 17 19 13 19 10 17 18 19 18 11 19 11 10 19
G 20 0203040506000106070803000102080904000103090a050001040a0b060001050b0c07020002060c0d0e080002070e0f100903000308100a040004091011120b0500050a12130c0600060b130d0700070c13140e00070d140f0800080e14111000080f110a09000a100f1412000a1114130b000b12140d0c000d1312110f0e00 36 0 1 2 0 2 3 0 3 4 0 4 5 0 5 1 1 2 6 1 6 7 1 7 8 1 8 9 1 9 5 2 3 10 2 10 11 2 11 6 3 4 12 3 12 13 3 13 10 4 5 14 4 14 12 5 9 14 9 8 15 9 15 14 14 15 12 12 15 13 15 8 16 15 16 17 15 17 13 8 7 16 13 17 18 13 18 10 10 18 11 18 17 19 18 19 11 17 16 19 16 7 19 7 6 19 19 6 11
G 20 0203040506000106070803000102080904000103090a050001040a0b060001050b0c07020002060c0d080002070d0e09030003080e0f0a040004090f10110b0500050a110c0600060b1112130d0700070c130e0800080d13140f0900090e14100a000a0f141211000a10120c0b000c11101413000c12140e0d000e1312100f00 36 0 1 2 0 2 3 0 3 4 0 4 5 0 5 1 1 2 6 1 6 7 1 7 8 1 8 9 1 9 5 2 3 10 2 10 11 2 11 6 3 4 12 3 12 13 3 13 10 4 5 14 4 14 12 5 9 14 9 8 15 9 15 14 14 15 12 12 15 13 15 8 16 15 16 17 15 17 13 8 7 16 13 17 10 10 17 18 10 18 11 17 16 18 16 7 19 16 19 18 7 6 19 6 11 19 11 18 19
G 20 0203040506000106070803000102080904000103090a050001040a0b060001050b0c07020002060c0d080002070d0e09030003080e0f100a0400040910110b0500050a110c0600060b11120d0700070c12130e0800080d130f0900090e13141000090f14110a000a1014120c0b000c1114130d000d12140f0e000f1312111000 36 0 1 2 0 2 3 0 3 4 0 4 5 0 5 1 1 2 6 1 6 7 1 7 8 1 8 9 1 9 5 2 3 10 2 10 11 2 11 6 3 4 12 3 12 13 3 13 10 4 5 14 4 14 12 5 9 14 9 8 15 9 15 14 14 15 12 12 15 13 15 8 16 15 16 13 8 7 17 8 17 16 13 16 18 13 18 10 16 17 18 10 18 11 18 17 19 18 19 11 17 7 19 7 6 19 6 11 19
G 20 0203040506000106070803000102080904000103090a050001040a0b060001050b07020002060b0c0d080002070d0e09030003080e0f0a040004090f100b0500050a10110c070600070b11120d00070c12130e0800080d130f0900090e1314100a000a0f14110b000b1014120c000c1114130d000d12140f0e000f1312111000 36 0 1 2 0 2 3 0 3 4 0 4 5 0 5 1 1 2 6 1 6 7 1 7 8 1 8 9 1 9 5 2 3 10 2 10 11 2 11 6 3 4 12 3 12 13 3 13 10 4 5 14 4 14 12 5 9 14 9 8 15 9 15 14 14 15 12 12 15 13 15 8 16 15 16 13 8 7 17 8 17 16 13 16 10 16 17 18 16 18 10 10 18 11 18 17 19 18 19 11 17 7 19 7 6 19 6 11 19
G 20 0203040506000106070803000102080904000103090a050001040a0b060001050b0c07020002060c0d080002070d0e0f09030003080f0a040004090f100b0500050a1011120c0600060b120d0700070c12130e0800080d13140f00080e14100a09000a0f14110b000b10141312000b11130d0c000d1211140e000e1311100f00 36 0 1 2 0 2 3 0 3 4 0 4 5 0 5 1 1 2 6 1 6 7 1 7 8 1 8 9 1 9 5 2 3 10 2 10 11 2 11 6 3 4 12 3 12 13 3 13 10 4 5 14 4 14 12 5 9 14 9 8 15 9 15 14 14 15 12 12 15 13 15 8 16 15 16 13 8 7 16 13 16 17 13 17 18 13 18 10 16 7 17 7 6 19 7 19 17 6 11 19 10 18 11 17 19 18 19 11 18
G 20 0203040506000106070803000102080904000103090a050001040a0b060001050b0c0d07020002060d0e080002070e0f100903000308100a040004091011120b0500050a120c0600060b12130d00060c130e0700070d13140f0800080e14111000080f110a09000a100f1412000a1114130c0b000c12140e0d000e1312110f00 36 0 1 2 0 2 3 0 3 4 0 4 5 0 5 1 1 2 6 1 6 7 1 7 8 1 8 9 1 9 5 2 3 10 2 10 11 2 11 6 3 4 12 3 12 10 4 5 13 4 13 14 4 14 15 4 15 12 5 9 13 9 8 16 9 16 13 13 16 14 16 8 17 16 17 14 8 7 17 14 17 15 17 7 18 17 18 19 17 19 15 7 6 18 6 11 18 15 19 12 18 11 19 11 10 19 19 10 12
G 20 0203040506000106070803000102080904000103090a050001040a0b0c060001050c0d0e07020002060e0f080002070f1009030003081011120a04000409120b0500050a12130c00050b130d0600060c13140e00060d140f0700070e14100800080f141109000910141312000911130b0a000b1211140d0c000d1311100f0e00 36 0 1 2 0 2 3 0 3 4 0 4 5 0 5 1 1 2 6 1 6 7 1 7 8 1 8 9 1 9 5 2 3 10 2 10 11 2 11 6 3 4 12 3 12 10 4 5 13 4 13 14 4 14 12 5 9 13 9 8 15 9 15 13 13 15 16 13 16 14 15 8 17 15 17 16 8 7 17 7 6 18 7 18 17 6 11 18 17 18 19 17 19 16 18 11 19 11 10 19 10 12 19 19 12 14 19 14 16
G 20 0203040506000106070803000102080904000103090a050001040a0b060001050b0c0d07020002060d0e080002070e0f09030003080f100a0400040910110b0500050a110c0600060b11120d00060c12130e0700070d130f0800080e1314100900090f14110a000a1014120c0b000c1114130d000d12140f0e000f1312111000 36 0 1 2 0 2 3 0 3 4 0 4 5 0 5 1 1 2 6 1 6 7 1 7 8 1 8 9 1 9 5 2 3 10 2 10 11 2 11 6 3 4 12 3 12 10 4 5 13 4 13 14 4 14 12 5 9 13 9 8 15 9 15 13 13 15 16 13 16 14 15 8 17 15 17 16 8 7 17 7 6 18 7 18 17 6 11 18 17 18 16 18 11 19 18 19 16 16 19 14 11 10 19 10 12 19 19 12 14
G 20 0203040506000106070803000102080904000103090a0b050001040b0c060001050c0d07020002060d0e080002070e0f09030003080f100a0400040910110b00040a110c0500050b1112130d0600060c130e0700070d13140f0800080e14100900090f1412110a000a10120c0b000c11101413000c12140e0d000e1312100f00 36 0 1 2 0 2 3 0 3 4 0 4 5 0 5 1 1 2 6 1 6 7 1 7 8 1 8 9 1 9 5 2 3 10 2 10 11 2 11 6 3 4 12 3 12 10 4 5 13 4 13 14 4 14 12 5 9 13 9 8 15 9 15 13 13 15 14 15 8 16 15 16 17 15 17 14 8 7 16 14 17 18 14 18 12 12 18 10 10 18 11 18 17 19 18 19 11 17 16 19 16 7 19 7 6 19 19 6 11
G 20 0203040506000106070803000102080904000103090a050001040a0b0c060001050c0d07020002060d0e080002070e0f09030003080f10110a04000409110b0500050a1112130c00050b130d0600060c13140e0700070d140f0800080e14100900090f141211000910120b0a000b11101413000b12140d0c000d1312100f0e00 36 0 1 2 0 2 3 0 3 4 0 4 5 0 5 1 1 2 6 1 6 7 1 7 8 1 8 9 1 9 5 2 3 10 2 10 11 2 11 6 3 4 12 3 12 10 4 5 13 4 13 14 4 14 12 5 9 13 9 8 15 9 15 13 13 15 14 15 8 16 15 16 17 15 17 14 8 7 16 14 17 12 12 17 18 12 18 10 17 16 18 16 7 19 16 19 18 7 6 19 6 11 19 10 18 11 18 19 11
G 20 0203040506000106070803000102080904000103090a050001040a0b060001050b0c07020002060c0d080002070d0e0f09030003080f100a0400040910110b0500050a11120c0600060b12130d0700070c130e0800080d13140f00080e14100900090f14110a000a1014120b000b1114130c000c12140e0d000e131211100f00 36 0 1 2 0 2 3 0 3 4 0 4 5 0 5 1 1 2 6 1 6 7 1 7 8 1 8 9 1 9 5 2 3 10 2 10 11 2 11 6 3 4 12 3 12 10 4 5 13 4 13 14 4 14 12 5 9 13 9 8 15 9 15 13 13 15 14 15 8 16 15 16 17 15 17 14 8 7 16 14 17 12 12 17 10 17 16 18 17 18 10 10 18 11 16 7 19 16 19 18 7 6 19 6 11 19 11 18 19
G 20 0203040506000106070803000102080904000103090a050001040a0b060001050b07020002060b0c0d080002070d0e09030003080e0f100a0400040910110b0500050a11120c070600070b12130d00070c130e0800080d130f0900090e13141000090f14110a000a1014120b000b1114130c000c12140f0e0d000f1312111000 36 0 1 2 0 2 3 0 3 4 0 4 5 0 5 1 1 2 6 1 6 7 1 7 8 1 8 9 1 9 5 2 3 10 2 10 11 2 11 6 3 4 12 3 12 10 4 5 13 4 13 14 4 14 12 5 9 13 9 8 15 9 15 13 13 15 14 15 8 16 15 16 14 8 7 17 8 17 16 14 16 12 16 17 18 16 18 10 16 10 12 10 18 11 18 17 19 18 19 11 17 7 19 7 6 19 6 11 19
G 20 0203040506000106070803000102080904000103090a050001040a0b060001050b0c07020002060c0d080002070d0e09030003080e0f100a0400040910110b0500050a11120c0600060b12130d0700070c130e0800080d130f0900090e13141000090f14110a000a1014120b000b1114130c000c12140f0e0d000f1312111000 36 0 1 2 0 2 3 0 3 4 0 4 5 0 5 1 1 2 6 1 6 7 1 7 8 1 8 9 1 9 5 2 3 10 2 10 11 2 11 6 3 4 12 3 12 10 4 5 13 4 13 14 4 14 12 5 9 13 9 8 15 9 15 13 13 15 14 15 8 16 15 16 14 8 7 17 8 17 16 14 16 12 16 17 18 16 18 12 12 18 10 10 18 11 18 17 19 18 19 11 17 7 19 7 6 19 6 11 19
G 20 0203040506000106070803000102080904000103090a050001040a0b060001050b0c0d07020002060d0e080002070e0f09030003080f10110a04000409110b0500050a11120c0600060b12130d00060c13140e0700070d140f0800080e14100900090f14131211000910120b0a000b1110130c000c1210140d000d13100f0e00 36 0 1 2 0 2 3 0 3 4 0 4 5 0 5 1 1 2 6 1 6 7 1 7 8 1 8 9 1 9 5 2 3 10 2 10 11 2 11 6 3 4 12 3 12 10 4 5 13 4 13 14 4 14 12 5 9 13 9 8 15 9 15 13 13 15 14 15 8 16 15 16 14 8 7 16 14 16 17 14 17 18 14 18 12 16 7 17 7 6 19 7 19 17 6 11 19 12 18 10 17 19 18 19 11 18 18 11 10
G 20 0203040506000106070803000102080904000103090a050001040a0b060001050b0c0d07020002060d0e080002070e0f09030003080f100a040004091011120b0500050a120c0600060b12130d00060c13140e0700070d140f0800080e14100900090f14110a000a10141312000a11130c0b000c1211140d000d1311100f0e00 36 0 1 2 0 2 3 0 3 4 0 4 5 0 5 1 1 2 6 1 6 7 1 7 8 1 8 9 1 9 5 2 3 10 2 10 11 2 11 6 3 4 12 3 12 10 4 5 13 4 13 14 4 14 12 5 9 13 9 8 15 9 15 13 13 15 14 15 8 16 15 16 14 8 7 16 14 16 17 14 17 12 16 7 18 16 18 19 16 19 17 7 6 18 6 11 18 12 17 10 17 19 10 10 19 11 19 18 11
G 20 0203040506000106070803000102080904000103090a050001040a0b060001050b0c07020002060c0d080002070d0e09030003080e0f0a040004090f100b0500050a1011120c0600060b120d0700070c12130e0800080d13140f0900090e14100a000a0f14110b000b10141312000b11130d0c000d1211140e000e1311100f00 36 0 1 2 0 2 3 0 3 4 0 4 5 0 5 1 1 2 6 1 6 7 1 7 8 1 8 9 1 9 5 2 3 10 2 10 11 2 11 6 3 4 12 3 12 10 4 5 13 4 13 14 4 14 12 5 9 13 9 8 15 9 15 13 13 15 14 15 8 16 15 16 14 8 7 16 14 16 17 14 17 12 16 7 17 7 6 18 7 18 17 6 11 18 12 17 19 12 19 10 17 18 19 18 11 19 11 10 19
G 20 0203040506000106070803000102080904000103090a050001040a0b060001050b0c07020002060c0d080002070d0e0f09030003080f100a0400040910110b0500050a1112130c0600060b130d0700070c130e0800080d1312140f00080e14100900090f14110a000a1014120b000b11140e13000b120e0d0c000e1211100f00 36 0 1 2 0 2 3 0 3 4 0 4 5 0 5 1 1 2 6 1 6 7 1 7 8 1 8 9 1 9 5 2 3 10 2 10 11 2 11 6 3 4 12 3 12 10 4 5 13 4 13 12 5 9 14 5 14 13 9 8 15 9 15 14 8 7 16 8 16 15 7 6 17 7 17 16 6 11 17 11 10 18 11 18 17 10 12 19 10 19 18 12 13 19 13 14 19 14 15 19 19 15 16 19 16 18 16 17 18
G 20 0203040506000106070803000102080904000103090a050001040a0b0c060001050c0d07020002060d0e080002070e0f09030003080f10110a04000409110b0500050a11120c00050b12130d0600060c13140e0700070d140f0800080e14100900090f14131211000910120b0a000b1110130c000c1210140d000d13100f0e00 36 0 1 2 0 2 3 0 3 4 0 4 5 0 5 1 1 2 6 1 6 7 1 7 8 1 8 9 1 9 5 2 3 10 2 10 11 2 11 6 3 4 12 3 12 10 4 5 13 4 13 12 5 9 14 5 14 13 9 8 15 9 15 14 8 7 16 8 16 15 7 6 17 7 17 16 6 11 17 11 10 18 11 18 17 10 12 18 12 13 19 12 19 18 13 14 19 14 15 19 15 16 19 19 16 18 16 17 18
G 20 0203040506000106070803000102080904000103090a050001040a0b060001050b0c0d07020002060d0e080002070e0f09030003080f100a040004091011120b0500050a120c0600060b12130d00060c130e0700070d13140f0800080e14100900090f14110a000a10141312000a11130c0b000c1211140e0d000e1311100f00 36 0 1 2 0 2 3 0 3 4 0 4 5 0 5 1 1 2 6 1 6 7 1 7 8 1 8 9 1 9 5 2 3 10 2 10 11 2 11 6 3 4 12 3 12 10 4 5 13 4 13 12 5 9 13 9 8 14 9 14 13 13 14 15 13 15 16 13 16 12 12 16 10 10 16 17 10 17 11 16 15 17 15 14 18 15 18 17 14 8 18 8 7 18 17 18 19 17 19 11 18 7 19 7 6 19 6 11 19
G 20 0203040506000106070803000102080904000103090a050001040a0b060001050b0c07020002060c0d080002070d0e09030003080e0f100a04000409100b0500050a1011120c0600060b12130d0700070c130e0800080d13140f0900090e14111000090f110b0a000b100f1412000b1114130c000c12140e0d000e1312110f00 36 0 1 2 0 2 3 0 3 4 0 4 5 0 5 1 1 2 6 1 6 7 1 7 8 1 8 9 1 9 5 2 3 10 2 10 11 2 11 6 3 4 12 3 12 10 4 5 13 4 13 12 5 9 13 9 8 14 9 14 13 13 14 15 13 15 16 13 16 12 12 16 10 10 16 11 16 15 17 16 17 11 11 17 6 6 17 18 6 18 7 17 15 18 15 14 19 15 19 18 14 8 19 8 7 19 7 18 19
G 20 0203040506000106070803000102080904000103090a050001040a0b060001050b0c0d07020002060d0e080002070e0f09030003080f10110a04000409110b0500050a11120c0600060b1213140d00060c140e0700070d140f0800080e1413100900090f131211000910120b0a000b1110130c000c12100f14000c130f0e0d00 36 0 1 2 0 2 3 0 3 4 0 4 5 0 5 1 1 2 6 1 6 7 1 7 8 1 8 9 1 9 5 2 3 10 2 10 11 2 11 6 3 4 12 3 12 10 4 5 13 4 13 12 5 9 13 9 8 14 9 14 13 13 14 15 13 15 12 12 15 16 12 16 10 10 16 11 16 15 17 16 17 11 15 14 18 15 18 19 15 19 17 14 8 18 8 7 18 11 17 6 17 19 6 6 19 7 19 18 7
G 20 0203040506000106070803000102080904000103090a050001040a0b060001050b0c07020002060c0d080002070d0e0f09030003080f100a040004091011120b0500050a120c0600060b12130d0700070c130e0800080d13140f00080e14100900090f14110a000a10141312000a11130c0b000c1211140e0d000e1311100f00 36 0 1 2 0 2 3 0 3 4 0 4 5 0 5 1 1 2 6 1 6 7 1 7 8 1 8 9 1 9 5 2 3 10 2 10 11 2 11 6 3 4 12 3 12 10 4 5 13 4 13 12 5 9 13 9 8 14 9 14 13 13 14 15 13 15 12 12 15 10 10 15 16 10 16 17 10 17 11 15 14 16 14 8 18 14 18 16 8 7 18 16 18 17 18 7 19 18 19 17 7 6 19 6 11 19 11 17 19
G 20 0203040506000106070803000102080904000103090a050001040a0b060001050b0c07020002060c0d080002070d0e0f09030003080f100a04000409100b0500050a1011120c0600060b12130d0700070c130e0800080d13140f00080e1411100900090f110b0a000b100f1412000b1114130c000c12140e0d000e1312110f00 36 0 1 2 0 2 3 0 3 4 0 4 5 0 5 1 1 2 6 1 6 7 1 7 8 1 8 9 1 9 5 2 3 10 2 10 11 2 11 6 3 4 12 3 12 10 4 5 13 4 13 12 5 9 13 9 8 14 9 14 13 13 14 15 13 15 12 12 15 10 10 15 11 15 14 16 15 16 17 15 17 11 14 8 18 14 18 16 8 7 18 11 17 6 6 17 19 6 19 7 17 16 19 16 18 19 18 7 19
G 20 0203040506000106070803000102080904000103090a0b050001040b0c060001050c0d0e07020002060e0f080002070f10090300030810110a0400040911120b00040a120c0500050b120d0600060c12130e00060d130f0700070e1314100800080f14110900091014120a000a1114130d0c0b000d12140f0e000f1312111000 36 0 1 2 0 2 3 0 3 4 0 4 5 0 5 1 1 2 6 1 6 7 1 7 8 1 8 9 1 9 5 2 3 10 2 10 6 3 4 11 3 11 12 3 12 13 3 13 10 4 5 14 4 14 11 5 9 14 9 8 15 9 15 14 14 15 16 14 16 11 11 16 12 16 15 17 16 17 18 16 18 12 15 8 17 8 7 17 12 18 13 17 7 19 17 19 18 7 6 19 6 10 19 10 13 19 19 13 18
G 20 0203040506000106070803000102080904000103090a0b050001040b0c060001050c0d07020002060d0e080002070e0f100903000308100a040004091011120b00040a120c0500050b12130d0600060c13140e0700070d140f0800080e14111000080f110a09000a100f141312000a11130c0b000c1211140d000d13110f0e00 36 0 1 2 0 2 3 0 3 4 0 4 5 0 5 1 1 2 6 1 6 7 1 7 8 1 8 9 1 9 5 2 3 10 2 10 6 3 4 11 3 11 12 3 12 10 4 5 13 4 13 14 4 14 11 5 9 13 9 8 15 9 15 13 13 15 16 13 16 14 15 8 17 15 17 16 8 7 17 7 6 18 7 18 17 6 10 18 10 12 18 17 18 19 17 19 16 18 12 19 12 11 19 11 14 19 19 14 16
G 20 0203040506000106070803000102080904000103090a050001040a0b0c060001050c0d07020002060d0e080002070e0f09030003080f100a0400040910110b0500050a11120c00050b120d0600060c12130e0700070d130f0800080e1314100900090f14110a000a1014120b000b1114130d0c000d12140f0e000f1312111000 36 0 1 2 0 2 3 0 3 4 0 4 5 0 5 1 1 2 6 1 6 7 1 7 8 1 8 5 2 3 9 2 9 10 2 10 6 3 4 11 3 11 12 3 12 9 4 5 13 4 13 14 4 14 11 5 8 13 8 7 15 8 15 16 8 16 13 13 16 14 16 15 17 16 17 14 14 17 11 11 17 12 17 15 18 17 18 12 15 7 19 15 19 18 7 6 19 6 10 19 12 18 9 18 19 10 18 10 9
G 20 0203040506000106070803000102080904000103090a0b050001040b0c060001050c0d07020002060d0e080002070e0f09030003080f100a0400040910110b00040a11120c0500050b120d0600060c12130e0700070d13140f0800080e14100900090f14110a000a101413120b000b11130d0c000d1211140e000e1311100f00 36 0 1 2 0 2 3 0 3 4 0 4 5 0 5 1 1 2 6 1 6 7 1 7 8 1 8 5 2 3 9 2 9 10 2 10 6 3 4 11 3 11 12 3 12 9 4 5 13 4 13 14 4 14 11 5 8 13 8 7 15 8 15 13 13 15 14 15 7 16 15 16 17 15 17 14 7 6 18 7 18 16 6 10 18 14 17 11 11 17 12 17 16 19 17 19 12 16 18 19 18 10 19 10 9 19 19 9 12
G 20 0203040506000106070803000102080904000103090a050001040a0b060001050b0c07020002060c0d0e080002070e0f09030003080f100a0400040910110b0500050a11120c0600060b120d0700070c12130e00070d130f0800080e1314100900090f14110a000a1014120b000b1114130d0c000d12140f0e000f1312111000 36 0 1 2 0 2 3 0 3 4 0 4 5 0 5 1 1 2 6 1 6 7 1 7 8 1 8 5 2 3 9 2 9 10 2 10 6 3 4 11 3 11 12 3 12 9 4 5 13 4 13 14 4 14 11 5 8 13 8 7 15 8 15 13 13 15 14 15 7 16 15 16 17 15 17 14 7 6 18 7 18 16 6 10 18 14 17 11 11 17 12 17 16 12 16 18 19 16 19 12 12 19 9 18 10 19 10 9 19
G 20 0203040506000106070803000102080904000103090a050001040a0b0c060001050c0d07020002060d0e080002070e0f09030003080f100a0400040910110b0500050a11120c00050b120d0600060c12130e0700070d13140f0800080e14100900090f14110a000a101413120b000b11130d0c000d1211140e000e1311100f00 36 0 1 2 0 2 3 0 3 4 0 4 5 0 5 1 1 2 6 1 6 7 1 7 8 1 8 5 2 3 9 2 9 10 2 10 6 3 4 11 3 11 12 3 12 9 4 5 13 4 13 14 4 14 11 5 8 13 8 7 15 8 15 13 13 15 14 15 7 16 15 16 14 7 6 17 7 17 16 6 10 17 14 16 18 14 18 11 16 17 19 16 19 18 17 10 19 10 9 19 9 12 19 19 12 18 12 11 18
G 20 0203040506000106070803000102080904000103090a050001040a0b0c060001050c0d07020002060d0e080002070e0f09030003080f100a04000409100b0500050a1011120c00050b120d0600060c12130e0700070d13140f0800080e14100900090f14110b0a000b10141312000b11130d0c000d1211140e000e1311100f00 36 0 1 2 0 2 3 0 3 4 0 4 5 0 5 1 1 2 6 1 6 7 1 7 8 1 8 5 2 3 9 2 9 10 2 10 6 3 4 11 3 11 12 3 12 9 4 5 13 4 13 14 4 14 11 5 8 13 8 7 15 8 15 13 13 15 14 15 7 16 15 16 14 7 6 17 7 17 16 6 10 17 14 16 18 14 18 11 16 17 18 17 10 19 17 19 18 10 9 19 9 12 19 11 18 12 18 19 12
G 20 0203040506000106070803000102080904000103090a050001040a0b060001050b0c07020002060c0d080002070d0e09030003080e0f0a040004090f100b0500050a10110c0600060b11120d0700070c12130e0800080d130f0900090e1314100a000a0f14110b000b1014120c000c1114130d000d12140f0e000f1312111000 36 0 1 2 0 2 3 0 3 4 0 4 5 0 5 1 1 2 6 1 6 7 1 7 8 1 8 5 2 3 9 2 9 10 2 10 6 3 4 11 3 11 12 3 12 9 4 5 13 4 13 14 4 14 11 5 8 13 8 7 15 8 15 13 13 15 14 15 7 16 15 16 14 7 6 17 7 17 16 6 10 17 14 16 11 16 17 18 16 18 11 11 18 12 17 10 19 17 19 18 10 9 19 9 12 19 12 18 19
G 20 0203040506000106070803000102080904000103090a0b050001040b0c060001050c0d07020002060d0e0f080002070f10090300030810110a0400040911120b00040a120c0500050b12130d0600060c130e0700070d13140f00070e14100800080f14110900091014120a000a1114130c0b000c12140e0d000e131211100f00 36 0 1 2 0 2 3 0 3 4 0 4 5 0 5 1 1 2 6 1 6 7 1 7 8 1 8 5 2 3 9 2 9 10 2 10 6 3 4 11 3 11 12 3 12 9 4 5 13 4 13 11 5 8 13 8 7 14 8 14 15 8 15 13 13 15 16 13 16 11 11 16 12 16 15 17 16 17 18 16 18 12 15 14 17 12 18 9 9 18 10 18 17 19 18 19 10 17 14 19 14 7 19 7 6 19 19 6 10
G 20 0203040506000106070803000102080904000103090a050001040a0b060001050b0c07020002060c0d0e080002070e0f09030003080f100a0400040910110b0500050a11120c0600060b120d0700070c12130e00070d13140f0800080e14100900090f14110a000a101413120b000b11130d0c000d1211140e000e1311100f00 36 0 1 2 0 2 3 0 3 4 0 4 5 0 5 1 1 2 6 1 6 7 1 7 8 1 8 5 2 3 9 2 9 10 2 10 6 3 4 11 3 11 12 3 12 9 4 5 13 4 13 11 5 8 13 8 7 14 8 14 15 8 15 13 13 15 16 13 16 11 11 16 12 16 15 17 16 17 12 15 14 18 15 18 17 12 17 9 17 18 9 9 18 10 18 14 19 18 19 10 14 7 19 7 6 19 6 10 19
G 20 0203040506000106070803000102080904000103090a050001040a0b0c060001050c0d07020002060d0e0f080002070f10090300030810110a0400040911120b0500050a12130c00050b130d0600060c130e0700070d13140f00070e14100800080f14110900091014120a000a1114130b000b12140e0d0c000e131211100f00 36 0 1 2 0 2 3 0 3 4 0 4 5 0 5 1 1 2 6 1 6 7 1 7 8 1 8 5 2 3 9 2 9 10 2 10 6 3 4 11 3 11 12 3 12 9 4 5 13 4 13 11 5 8 13 8 7 14 8 14 15 8 15 13 13 15 11 11 15 16 11 16 12 15 14 17 15 17 16 14 7 18 14 18 17 7 6 18 6 10 18 18 10 19 18 19 17 10 9 19 9 12 19 12 16 19 19 16 17
G 20 0203040506000106070803000102080904000103090a050001040a0b0c060001050c0d07020002060d0e0f080002070f10090300030810110a0400040911120b0500050a12130c00050b130d0600060c130e0700070d1312140f00070e14100800080f14110900091014120a000a11140e130b000b120e0d0c000e1211100f00 36 0 1 2 0 2 3 0 3 4 0 4 5 0 5 1 1 2 6 1 6 7 1 7 8 1 8 5 2 3 9 2 9 10 2 10 6 3 4 11 3 11 12 3 12 9 4 5 13 4 13 11 5 8 13 8 7 14 8 14 15 8 15 13 13 15 11 11 15 16 11 16 12 15 14 17 15 17 16 14 7 18 14 18 17 7 6 18 6 10 18 18 10 17 10 9 19 10 19 17 17 19 16 9 12 19 12 16 19
G 20 0203040506000106070803000102080904000103090a050001040a0b060001050b0c07020002060c0d0e080002070e09030003080e0f0a040004090f100b0500050a10110c0600060b11120d0700070c12130e00070d130f090800090e1314100a000a0f14110b000b1014120c000c1114130d000d12140f0e000f1312111000 36 0 1 2 0 2 3 0 3 4 0 4 5 0 5 1 1 2 6 1 6 7 1 7 8 1 8 5 2 3 9 2 9 10 2 10 6 3 4 11 3 11 12 3 12 9 4 5 13 4 13 11 5 8 13 8 7 14 8 14 15 8 15 13 13 15 11 11 15 12 15 14 12 12 14 16 12 16 9 14 7 17 14 17 16 7 6 18 7 18 17 6 10 18 9 16 19 9 19 10 16 17 19 17 18 19 18 10 19
G 20 0203040506000106070803000102080904000103090a0b050001040b0c060001050c0d07020002060d0e080002070e0f09030003080f100a0400040910110b00040a110c0500050b11120d0600060c12130e0700070d130f0800080e1314100900090f14110a000a1014120c0b000c1114130d000d12140f0e000f1312111000 36 0 1 2 0 2 3 0 3 4 0 4 5 0 5 1 1 2 6 1 6 7 1 7 8 1 8 5 2 3 9 2 9 10 2 10 6 3 4 11 3 11 12 3 12 9 4 5 13 4 13 11 5 8 13 8 7 14 8 14 13 13 14 15 13 15 11 11 15 12 15 14 16 15 16 17 15 17 12 14 7 18 14 18 16 7 6 18 6 10 19 6 19 18 12 17 9 18 19 16 9 17 10 17 16 19 17 19 10
G 20 020304050600010607080300010208090a040001030a0b050001040b0c0d060001050d0e07020002060e0f080002070f10090300030810110a000309110b0400040a11120c0500050b12130d00050c130e0600060d130f0700070e1314100800080f14110900091014120b0a000b1114130c000c12140f0e0d000f1312111000 36 0 1 2 0 2 3 0 3 4 0 4 5 0 5 1 1 2 6 1 6 7 1 7 8 1 8 5 2 3 9 2 9 10 2 10 6 3 4 11 3 11 9 4 5 12 4 12 13 4 13 11 5 8 12 8 7 14 8 14 15 8 15 12 12 15 13 15 14 16 15 16 17 15 17 13 13 17 11 11 17 18 11 18 9 17 16 18 9 18 10 18 16 19 18 19 10 16 14 19 14 7 19 7 6 19 19 6 10
G 20 020304050600010607080300010208090a040001030a0b050001040b0c0d060001050d0e07020002060e0f100800020710090300030810110a000309110b0400040a11120c0500050b12130d00050c130e0600060d130f0700070e13141000070f1411090800091014120b0a000b1114130c000c12140f0e0d000f1312111000 36 0 1 2 0 2 3 0 3 4 0 4 5 0 5 1 1 2 6 1 6 7 1 7 8 1 8 5 2 3 9 2 9 10 2 10 6 3 4 11 3 11 9 4 5 12 4 12 13 4 13 11 5 8 12 8 7 14 8 14 15 8 15 12 12 15 13 15 14 16 15 16 17 15 17 13 13 17 11 11 17 9 17 16 18 17 18 9 9 18 10 18 16 19 18 19 10 16 14 19 14 7 19 7 6 19 19 6 10
G 20 0203040506000106070803000102080904000103090a050001040a0b0c060001050c0d07020002060d0e080002070e0f09030003080f100a04000409100b0500050a10110c00050b11120d0600060c12130e0700070d130f0800080e1314100900090f14110b0a000b1014120c000c1114130d000d12140f0e000f1312111000 36 0 1 2 0 2 3 0 3 4 0 4 5 0 5 1 1 2 6 1 6 7 1 7 8 1 8 5 2 3 9 2 9 10 2 10 6 3 4 11 3 11 9 4 5 12 4 12 13 4 13 11 5 8 12 8 7 14 8 14 12 12 14 15 12 15 13 14 7 16 14 16 15 7 6 16 6 10 17 6 17 16 16 17 15 15 17 18 15 18 13 17 10 18 10 9 19 10 19 18 9 11 19 11 13 19 13 18 19
