(3, 'DL', 'L1', 2, 3, 1) 278
(3, 'DL', 'L1', 3, 4, 1) 247
(3, 'DL', 'no', 0, 1, 2) 843
(3, 'DL', 'no', 0, 1, 3) 321
(3, 'L1', 'L1', 2, 3, 1) 500
(3, 'L1', 'L1', 3, 4, 1) 127
(3, 'L1', 'no', 0, 1, 1) 617
(3, 'L1', 'no', 0, 1, 2) 759
(3, 'L1', 'no', 0, 1, 3) 222
(3, 'L2', 'L1', 2, 3, 1) 363
(3, 'L2', 'L1', 3, 4, 1) 123
(3, 'L2', 'no', 0, 1, 2) 473
(3, 'L2', 'no', 0, 1, 3) 330
(3, 'no', 'L1', 2, 3, 1) 1099
(3, 'no', 'L1', 3, 4, 1) 110
(3, 'no', 'no', 0, 1, 1) 1101
(3, 'no', 'no', 0, 1, 2) 327
(3, 'no', 'no', 0, 1, 3) 364
(4, 'DL', 'L2', 0, 3, 1) 252
(4, 'DL', 'L2', 0, 3, 3) 12
(4, 'DL', 'L2', 0, 3, 5) 11
(4, 'DL', 'L2', 0, 3, 6) 1
(4, 'DL', 'L2', 0, 3, 16) 2
(4, 'DL', 'L2', 0, 4, 1) 247
(4, 'DL', 'no', 0, 1, 1) 81
(4, 'DL', 'no', 0, 1, 2) 466
(4, 'DL', 'no', 0, 1, 3) 338
(4, 'DL', 'no', 0, 1, 5) 35
(4, 'DL', 'no', 0, 1, 6) 223
(4, 'DL', 'no', 0, 1, 7) 3
(4, 'DL', 'no', 0, 1, 8) 9
(4, 'DL', 'no', 0, 1, 11) 8
(4, 'DL', 'no', 0, 1, 12) 1
(4, 'L1', 'L2', 0, 3, 1) 331
(4, 'L1', 'L2', 0, 3, 3) 8
(4, 'L1', 'L2', 0, 3, 5) 8
(4, 'L1', 'L2', 0, 3, 6) 11
(4, 'L1', 'L2', 0, 3, 11) 4
(4, 'L1', 'L2', 0, 3, 16) 1
(4, 'L1', 'L2', 0, 4, 1) 123
(4, 'L1', 'no', 0, 1, 1) 334
(4, 'L1', 'no', 0, 1, 2) 313
(4, 'L1', 'no', 0, 1, 3) 85
(4, 'L1', 'no', 0, 1, 5) 37
(4, 'L1', 'no', 0, 1, 6) 33
(4, 'L1', 'no', 0, 1, 7) 1
(4, 'L2', 'L2', 0, 3, 1) 380
(4, 'L2', 'L2', 0, 3, 3) 34
(4, 'L2', 'L2', 0, 3, 5) 12
(4, 'L2', 'L2', 0, 3, 6) 73
(4, 'L2', 'L2', 0, 3, 16) 1
(4, 'L2', 'L2', 0, 4, 1) 127
(4, 'L2', 'no', 0, 1, 1) 1020
(4, 'L2', 'no', 0, 1, 2) 176
(4, 'L2', 'no', 0, 1, 3) 315
(4, 'L2', 'no', 0, 1, 5) 40
(4, 'L2', 'no', 0, 1, 6) 16
(4, 'L2', 'no', 0, 1, 7) 6
(4, 'L2', 'no', 0, 1, 8) 15
(4, 'L2', 'no', 0, 1, 10) 2
(4, 'L2', 'no', 0, 1, 11) 1
(4, 'L2', 'no', 0, 1, 13) 5
(4, 'L2', 'no', 0, 1, 27) 2
(4, 'no', 'L2', 0, 3, 1) 798
(4, 'no', 'L2', 0, 3, 3) 16
(4, 'no', 'L2', 0, 3, 5) 18
(4, 'no', 'L2', 0, 3, 6) 260
(4, 'no', 'L2', 0, 3, 11) 6
(4, 'no', 'L2', 0, 3, 16) 1
(4, 'no', 'L2', 0, 4, 1) 110
(4, 'no', 'no', 0, 1, 1) 1371
(4, 'no', 'no', 0, 1, 2) 53
(4, 'no', 'no', 0, 1, 3) 215
(4, 'no', 'no', 0, 1, 5) 111
(4, 'no', 'no', 0, 1, 6) 5
(4, 'no', 'no', 0, 1, 7) 18
(4, 'no', 'no', 0, 1, 8) 10
(4, 'no', 'no', 0, 1, 11) 3
(4, 'no', 'no', 0, 1, 13) 4
(4, 'no', 'no', 0, 1, 25) 2
