p24#151 24 1,2,3,4,5,6;0,6,7,8,2;0,1,8,9,10,3;0,2,10,11,12,4;0,3,12,13,5;0,4,13,14,6;0,5,14,15,7,1;1,6,15,16,17,8;1,7,17,9,2;2,8,17,18,10;2,9,18,11,3;3,10,18,19,20,12;3,11,20,13,4;4,12,20,21,14,5;5,13,21,22,15,6;6,14,22,16,7;7,15,22,23,17;7,16,23,19,18,9,8;9,17,19,11,10;11,18,17,23,20;11,19,23,21,13,12;13,20,23,22,14;14,21,23,16,15;16,22,21,20,19,17
p24#152 24 1,2,3,4,5,6;0,6,7,8,2;0,1,8,9,10,3;0,2,10,11,12,4;0,3,12,13,5;0,4,13,14,6;0,5,14,15,7,1;1,6,15,16,17,8;1,7,17,9,2;2,8,17,18,10;2,9,18,11,3;3,10,18,19,20,12;3,11,20,13,4;4,12,20,21,14,5;5,13,21,22,15,6;6,14,22,16,7;7,15,22,23,19,17;7,16,19,18,9,8;9,17,19,11,10;11,18,17,16,23,20;11,19,23,21,13,12;13,20,23,22,14;14,21,23,16,15;16,22,21,20,19
p24#153 24 1,2,3,4,5,6;0,6,7,8,2;0,1,8,9,10,3;0,2,10,11,12,4;0,3,12,13,5;0,4,13,14,6;0,5,14,15,7,1;1,6,15,16,17,8;1,7,17,9,2;2,8,17,18,10;2,9,18,11,3;3,10,18,19,20,12;3,11,20,13,4;4,12,20,21,14,5;5,13,21,22,15,6;6,14,22,16,7;7,15,22,23,19,18,17;7,16,18,9,8;9,17,16,19,11,10;11,18,16,23,20;11,19,23,21,13,12;13,20,23,22,14;14,21,23,16,15;16,22,21,20,19
p24#154 24 1,2,3,4,5,6;0,6,7,8,2;0,1,8,9,10,3;0,2,10,11,12,4;0,3,12,13,5;0,4,13,14,6;0,5,14,15,7,1;1,6,15,16,8;1,7,16,9,2;2,8,16,17,10;2,9,17,11,3;3,10,17,18,19,12;3,11,19,13,4;4,12,19,20,14,5;5,13,20,21,15,6;6,14,21,22,16,7;7,15,22,18,17,9,8;9,16,18,11,10;11,17,16,22,23,19;11,18,23,20,13,12;13,19,23,21,14;14,20,23,22,15;15,21,23,18,16;18,22,21,20,19
p24#155 24 1,2,3,4,5,6;0,6,7,8,2;0,1,8,9,10,3;0,2,10,11,12,13,4;0,3,13,14,5;0,4,14,15,6;0,5,15,16,7,1;1,6,16,17,8;1,7,17,9,2;2,8,17,18,10;2,9,18,11,3;3,10,18,19,12;3,11,19,20,21,13;3,12,21,14,4;4,13,21,15,5;5,14,21,22,16,6;6,15,22,23,17,7;7,16,23,19,18,9,8;9,17,19,11,10;11,18,17,23,20,12;12,19,23,22,21;12,20,22,15,14,13;15,21,20,23,16;16,22,20,19,17
p24#156 24 1,2,3,4,5,6;0,6,7,8,2;0,1,8,9,10,3;0,2,10,11,12,13,4;0,3,13,14,5;0,4,14,15,6;0,5,15,16,7,1;1,6,16,17,8;1,7,17,9,2;2,8,17,18,10;2,9,18,11,3;3,10,18,19,12;3,11,19,20,21,13;3,12,21,14,4;4,13,21,15,5;5,14,21,22,16,6;6,15,22,23,17,7;7,16,23,18,9,8;9,17,23,19,11,10;11,18,23,20,12;12,19,23,22,21;12,20,22,15,14,13;15,21,20,23,16;16,22,20,19,18,17
p24#157 24 1,2,3,4,5,6;0,6,7,8,2;0,1,8,9,10,3;0,2,10,11,12,13,4;0,3,13,14,5;0,4,14,15,6;0,5,15,16,7,1;1,6,16,17,8;1,7,17,9,2;2,8,17,18,10;2,9,18,11,3;3,10,18,19,12;3,11,19,20,21,13;3,12,21,14,4;4,13,21,15,5;5,14,21,22,16,6;6,15,22,17,7;7,16,22,23,18,9,8;9,17,23,19,11,10;11,18,23,20,12;12,19,23,22,21;12,20,22,15,14,13;15,21,20,23,17,16;17,22,20,19,18
p24#158 24 1,2,3,4,5,6;0,6,7,8,2;0,1,8,9,10,3;0,2,10,11,12,13,4;0,3,13,14,5;0,4,14,15,6;0,5,15,16,7,1;1,6,16,17,8;1,7,17,9,2;2,8,17,18,19,10;2,9,19,11,3;3,10,19,20,12;3,11,20,21,22,13;3,12,22,14,4;4,13,22,15,5;5,14,22,23,16,6;6,15,23,18,17,7;7,16,18,9,8;9,17,16,23,21,20,19;9,18,20,11,10;11,19,18,21,12;12,20,18,23,22;12,21,23,15,14,13;15,22,21,18,16
p24#159 24 1,2,3,4,5,6;0,6,7,8,2;0,1,8,9,10,3;0,2,10,11,12,13,4;0,3,13,14,5;0,4,14,15,6;0,5,15,16,7,1;1,6,16,17,8;1,7,17,9,2;2,8,17,18,19,10;2,9,19,11,3;3,10,19,20,12;3,11,20,21,22,13;3,12,22,14,4;4,13,22,15,5;5,14,22,23,16,6;6,15,23,17,7;7,16,23,18,9,8;9,17,23,21,20,19;9,18,20,11,10;11,19,18,21,12;12,20,18,23,22;12,21,23,15,14,13;15,22,21,18,17,16
p24#160 24 1,2,3,4,5,6;0,6,7,8,2;0,1,8,9,10,3;0,2,10,11,12,13,4;0,3,13,14,5;0,4,14,15,6;0,5,15,16,7,1;1,6,16,17,8;1,7,17,9,2;2,8,17,18,19,10;2,9,19,11,3;3,10,19,20,12;3,11,20,21,22,13;3,12,22,14,4;4,13,22,15,5;5,14,22,23,16,6;6,15,23,17,7;7,16,23,21,18,9,8;9,17,21,20,19;9,18,20,11,10;11,19,18,21,12;12,20,18,17,23,22;12,21,23,15,14,13;15,22,21,17,16
p24#161 24 1,2,3,4,5,6;0,6,7,8,2;0,1,8,9,10,3;0,2,10,11,12,13,4;0,3,13,14,5;0,4,14,15,6;0,5,15,16,7,1;1,6,16,17,8;1,7,17,18,9,2;2,8,18,19,10;2,9,19,11,3;3,10,19,20,12;3,11,20,21,22,13;3,12,22,14,4;4,13,22,15,5;5,14,22,23,16,6;6,15,23,17,7;7,16,23,18,8;8,17,23,21,20,19,9;9,18,20,11,10;11,19,18,21,12;12,20,18,23,22;12,21,23,15,14,13;15,22,21,18,17,16
p24#162 24 1,2,3,4,5,6;0,6,7,8,2;0,1,8,9,10,3;0,2,10,11,12,13,4;0,3,13,14,5;0,4,14,15,6;0,5,15,16,7,1;1,6,16,17,8;1,7,17,18,9,2;2,8,18,19,10;2,9,19,11,3;3,10,19,20,12;3,11,20,21,22,13;3,12,22,14,4;4,13,22,15,5;5,14,22,23,16,6;6,15,23,17,7;7,16,23,21,18,8;8,17,21,20,19,9;9,18,20,11,10;11,19,18,21,12;12,20,18,17,23,22;12,21,23,15,14,13;15,22,21,17,16
p24#163 24 1,2,3,4,5,6;0,6,7,8,2;0,1,8,9,10,3;0,2,10,11,12,13,4;0,3,13,14,5;0,4,14,15,6;0,5,15,16,7,1;1,6,16,17,8;1,7,17,18,9,2;2,8,18,19,10;2,9,19,11,3;3,10,19,20,12;3,11,20,21,22,13;3,12,22,14,4;4,13,22,15,5;5,14,22,23,16,6;6,15,23,17,7;7,16,23,21,20,18,8;8,17,20,19,9;9,18,20,11,10;11,19,18,17,21,12;12,20,17,23,22;12,21,23,15,14,13;15,22,21,17,16
p24#164 24 1,2,3,4,5,6;0,6,7,8,2;0,1,8,9,10,3;0,2,10,11,12,13,4;0,3,13,14,5;0,4,14,15,6;0,5,15,16,7,1;1,6,16,17,18,8;1,7,18,9,2;2,8,18,19,10;2,9,19,11,3;3,10,19,20,12;3,11,20,21,22,13;3,12,22,14,4;4,13,22,15,5;5,14,22,23,16,6;6,15,23,17,7;7,16,23,21,18;7,17,21,20,19,9,8;9,18,20,11,10;11,19,18,21,12;12,20,18,17,23,22;12,21,23,15,14,13;15,22,21,17,16
p24#165 24 1,2,3,4,5,6;0,6,7,8,2;0,1,8,9,10,3;0,2,10,11,12,13,4;0,3,13,14,5;0,4,14,15,6;0,5,15,16,7,1;1,6,16,17,18,8;1,7,18,9,2;2,8,18,19,10;2,9,19,11,3;3,10,19,20,12;3,11,20,21,22,13;3,12,22,14,4;4,13,22,15,5;5,14,22,23,16,6;6,15,23,17,7;7,16,23,21,20,18;7,17,20,19,9,8;9,18,20,11,10;11,19,18,17,21,12;12,20,17,23,22;12,21,23,15,14,13;15,22,21,17,16
p24#166 24 1,2,3,4,5,6;0,6,7,8,2;0,1,8,9,10,3;0,2,10,11,12,13,4;0,3,13,14,5;0,4,14,15,6;0,5,15,16,7,1;1,6,16,17,18,8;1,7,18,9,2;2,8,18,19,10;2,9,19,11,3;3,10,19,20,12;3,11,20,21,22,13;3,12,22,14,4;4,13,22,15,5;5,14,22,23,16,6;6,15,23,17,7;7,16,23,21,20,19,18;7,17,19,9,8;9,18,17,20,11,10;11,19,17,21,12;12,20,17,23,22;12,21,23,15,14,13;15,22,21,17,16
p24#167 24 1,2,3,4,5;0,5,6,7,8,2;0,1,8,9,3;0,2,9,10,11,4;0,3,11,12,5;0,4,12,13,6,1;1,5,13,14,7;1,6,14,15,16,8;1,7,16,17,9,2;2,8,17,18,10,3;3,9,18,19,20,21,11;3,10,21,12,4;4,11,21,22,13,5;5,12,22,14,6;6,13,22,15,7;7,14,22,20,19,23,16;7,15,23,17,8;8,16,23,18,9;9,17,23,19,10;10,18,23,15,20;10,19,15,22,21;10,20,22,12,11;12,21,20,15,14,13;15,19,18,17,16
p24#168 24 1,2,3,4,5;0,5,6,7,8,2;0,1,8,9,3;0,2,9,10,11,4;0,3,11,12,5;0,4,12,13,6,1;1,5,13,14,7;1,6,14,15,16,8;1,7,16,17,9,2;2,8,17,18,10,3;3,9,18,19,20,21,11;3,10,21,12,4;4,11,21,22,13,5;5,12,22,14,6;6,13,22,20,15,7;7,14,20,19,23,16;7,15,23,17,8;8,16,23,18,9;9,17,23,19,10;10,18,23,15,20;10,19,15,14,22,21;10,20,22,12,11;12,21,20,14,13;15,19,18,17,16
p24#169 24 1,2,3,4,5;0,5,6,7,8,2;0,1,8,9,3;0,2,9,10,11,4;0,3,11,12,5;0,4,12,13,6,1;1,5,13,14,15,7;1,6,15,16,8;1,7,16,17,9,2;2,8,17,18,10,3;3,9,18,19,20,21,11;3,10,21,12,4;4,11,21,22,13,5;5,12,22,14,6;6,13,22,20,15;6,14,20,19,23,16,7;7,15,23,17,8;8,16,23,18,9;9,17,23,19,10;10,18,23,15,20;10,19,15,14,22,21;10,20,22,12,11;12,21,20,14,13;15,19,18,17,16
p24#170 24 1,2,3,4,5;0,5,6,7,8,2;0,1,8,9,3;0,2,9,10,11,4;0,3,11,12,5;0,4,12,13,6,1;1,5,13,14,15,7;1,6,15,16,8;1,7,16,17,9,2;2,8,17,18,10,3;3,9,18,19,20,21,11;3,10,21,12,4;4,11,21,22,13,5;5,12,22,14,6;6,13,22,20,19,15;6,14,19,23,16,7;7,15,23,17,8;8,16,23,18,9;9,17,23,19,10;10,18,23,15,14,20;10,19,14,22,21;10,20,22,12,11;12,21,20,14,13;15,19,18,17,16
p24#171 24 1,2,3,4,5;0,5,6,7,8,2;0,1,8,9,3;0,2,9,10,11,4;0,3,11,12,5;0,4,12,13,6,1;1,5,13,14,15,7;1,6,15,16,8;1,7,16,17,9,2;2,8,17,18,10,3;3,9,18,19,20,21,11;3,10,21,12,4;4,11,21,22,13,5;5,12,22,14,6;6,13,22,20,19,23,15;6,14,23,16,7;7,15,23,17,8;8,16,23,18,9;9,17,23,19,10;10,18,23,14,20;10,19,14,22,21;10,20,22,12,11;12,21,20,14,13;14,19,18,17,16,15
p24#172 24 1,2,3,4,5;0,5,6,7,8,2;0,1,8,9,3;0,2,9,10,11,4;0,3,11,12,5;0,4,12,13,6,1;1,5,13,14,7;1,6,14,15,8;1,7,15,16,9,2;2,8,16,17,10,3;3,9,17,18,19,20,11;3,10,20,12,4;4,11,20,21,13,5;5,12,21,22,14,6;6,13,22,23,15,7;7,14,23,16,8;8,15,23,17,9;9,16,23,18,10;10,17,23,22,19;10,18,22,21,20;10,19,21,12,11;12,20,19,22,13;13,21,19,18,23,14;14,22,18,17,16,15
p24#173 24 1,2,3,4,5;0,5,6,7,8,2;0,1,8,9,3;0,2,9,10,11,4;0,3,11,12,5;0,4,12,13,6,1;1,5,13,14,7;1,6,14,15,8;1,7,15,16,9,2;2,8,16,17,10,3;3,9,17,18,19,20,11;3,10,20,12,4;4,11,20,21,13,5;5,12,21,14,6;6,13,21,22,23,15,7;7,14,23,16,8;8,15,23,17,9;9,16,23,18,10;10,17,23,22,19;10,18,22,21,20;10,19,21,12,11;12,20,19,22,14,13;14,21,19,18,23;14,22,18,17,16,15
p24#174 24 1,2,3,4,5;0,5,6,7,8,2;0,1,8,9,3;0,2,9,10,11,4;0,3,11,12,5;0,4,12,13,6,1;1,5,13,14,7;1,6,14,15,8;1,7,15,16,9,2;2,8,16,17,10,3;3,9,17,18,19,20,11;3,10,20,12,4;4,11,20,21,13,5;5,12,21,22,14,6;6,13,22,15,7;7,14,22,23,16,8;8,15,23,17,9;9,16,23,18,10;10,17,23,22,19;10,18,22,21,20;10,19,21,12,11;12,20,19,22,13;13,21,19,18,23,15,14;15,22,18,17,16
p24#175 24 1,2,3,4,5;0,5,6,7,8,2;0,1,8,9,3;0,2,9,10,11,4;0,3,11,12,5;0,4,12,13,6,1;1,5,13,14,7;1,6,14,15,8;1,7,15,16,9,2;2,8,16,17,10,3;3,9,17,18,19,20,11;3,10,20,12,4;4,11,20,21,13,5;5,12,21,14,6;6,13,21,22,15,7;7,14,22,23,16,8;8,15,23,17,9;9,16,23,18,10;10,17,23,22,19;10,18,22,21,20;10,19,21,12,11;12,20,19,22,14,13;14,21,19,18,23,15;15,22,18,17,16
p24#176 24 1,2,3,4,5;0,5,6,7,8,2;0,1,8,9,3;0,2,9,10,11,4;0,3,11,12,5;0,4,12,13,6,1;1,5,13,14,7;1,6,14,15,8;1,7,15,16,9,2;2,8,16,17,10,3;3,9,17,18,19,20,11;3,10,20,12,4;4,11,20,21,13,5;5,12,21,14,6;6,13,21,19,22,15,7;7,14,22,23,16,8;8,15,23,17,9;9,16,23,18,10;10,17,23,22,19;10,18,22,14,21,20;10,19,21,12,11;12,20,19,14,13;14,19,18,23,15;15,22,18,17,16
p24#177 24 1,2,3,4,5,6;0,6,7,8,2;0,1,8,9,10,3;0,2,10,11,4;0,3,11,12,13,5;0,4,13,14,6;0,5,14,15,7,1;1,6,15,16,8;1,7,16,9,2;2,8,16,17,18,10;2,9,18,19,11,3;3,10,19,12,4;4,11,19,20,21,22,13;4,12,22,14,5;5,13,22,23,15,6;6,14,23,17,16,7;7,15,17,9,8;9,16,15,23,21,20,18;9,17,20,19,10;10,18,20,12,11;12,19,18,17,21;12,20,17,23,22;12,21,23,14,13;14,22,21,17,15
p24#178 24 1,2,3,4,5,6;0,6,7,8,2;0,1,8,9,10,3;0,2,10,11,4;0,3,11,12,13,5;0,4,13,14,6;0,5,14,15,7,1;1,6,15,16,8;1,7,16,17,9,2;2,8,17,18,10;2,9,18,19,11,3;3,10,19,12,4;4,11,19,20,21,22,13;4,12,22,14,5;5,13,22,23,15,6;6,14,23,16,7;7,15,23,17,8;8,16,23,21,20,18,9;9,17,20,19,10;10,18,20,12,11;12,19,18,17,21;12,20,17,23,22;12,21,23,14,13;14,22,21,17,16,15
p24#179 24 1,2,3,4,5,6;0,6,7,8,2;0,1,8,9,10,3;0,2,10,11,4;0,3,11,12,13,5;0,4,13,14,6;0,5,14,15,7,1;1,6,15,16,8;1,7,16,17,9,2;2,8,17,18,10;2,9,18,19,11,3;3,10,19,12,4;4,11,19,20,21,22,13;4,12,22,14,5;5,13,22,23,15,6;6,14,23,16,7;7,15,23,21,17,8;8,16,21,20,18,9;9,17,20,19,10;10,18,20,12,11;12,19,18,17,21;12,20,17,16,23,22;12,21,23,14,13;14,22,21,16,15
p24#180 24 1,2,3,4,5,6;0,6,7,8,2;0,1,8,9,10,3;0,2,10,11,4;0,3,11,12,13,5;0,4,13,14,6;0,5,14,15,7,1;1,6,15,16,8;1,7,16,17,9,2;2,8,17,18,10;2,9,18,19,11,3;3,10,19,12,4;4,11,19,20,21,22,13;4,12,22,14,5;5,13,22,23,15,6;6,14,23,16,7;7,15,23,21,20,17,8;8,16,20,18,9;9,17,20,19,10;10,18,20,12,11;12,19,18,17,16,21;12,20,16,23,22;12,21,23,14,13;14,22,21,16,15
p24#181 24 1,2,3,4,5,6;0,6,7,8,2;0,1,8,9,10,3;0,2,10,11,4;0,3,11,12,13,5;0,4,13,14,6;0,5,14,15,7,1;1,6,15,16,8;1,7,16,9,2;2,8,16,17,10;2,9,17,18,11,3;3,10,18,12,4;4,11,18,19,20,21,13;4,12,21,14,5;5,13,21,22,15,6;6,14,22,23,16,7;7,15,23,19,17,9,8;9,16,19,18,10;10,17,19,12,11;12,18,17,16,23,20;12,19,23,22,21;12,20,22,14,13;14,21,20,23,15;15,22,20,19,16
p24#182 24 1,2,3,4,5,6;0,6,7,8,2;0,1,8,9,10,3;0,2,10,11,4;0,3,11,12,13,5;0,4,13,14,6;0,5,14,15,7,1;1,6,15,16,8;1,7,16,9,2;2,8,16,17,10;2,9,17,18,11,3;3,10,18,12,4;4,11,18,19,20,21,13;4,12,21,14,5;5,13,21,22,15,6;6,14,22,23,16,7;7,15,23,17,9,8;9,16,23,19,18,10;10,17,19,12,11;12,18,17,23,20;12,19,23,22,21;12,20,22,14,13;14,21,20,23,15;15,22,20,19,17,16
p24#183 24 1,2,3,4,5,6;0,6,7,8,2;0,1,8,9,10,3;0,2,10,11,4;0,3,11,12,13,5;0,4,13,14,6;0,5,14,15,7,1;1,6,15,16,8;1,7,16,9,2;2,8,16,17,10;2,9,17,18,11,3;3,10,18,12,4;4,11,18,19,20,21,13;4,12,21,14,5;5,13,21,22,15,6;6,14,22,16,7;7,15,22,23,17,9,8;9,16,23,19,18,10;10,17,19,12,11;12,18,17,23,20;12,19,23,22,21;12,20,22,14,13;14,21,20,23,16,15;16,22,20,19,17
p24#184 24 1,2,3,4,5,6;0,6,7,8,9,2;0,1,9,10,3;0,2,10,11,12,4;0,3,12,13,5;0,4,13,14,15,6;0,5,15,7,1;1,6,15,16,8;1,7,16,17,9;1,8,17,18,10,2;2,9,18,11,3;3,10,18,19,12;3,11,19,20,13,4;4,12,20,21,14,5;5,13,21,16,15;5,14,16,7,6;7,15,14,21,22,23,17,8;8,16,23,18,9;9,17,23,19,11,10;11,18,23,22,20,12;12,19,22,21,13;13,20,22,16,14;16,21,20,19,23;16,22,19,18,17
p24#185 24 1,2,3,4,5;0,5,6,7,8,2;0,1,8,9,3;0,2,9,10,11,12,4;0,3,12,13,5;0,4,13,6,1;1,5,13,14,15,7;1,6,15,16,8;1,7,16,17,18,9,2;2,8,18,10,3;3,9,18,19,11;3,10,19,20,12;3,11,20,21,13,4;4,12,21,14,6,5;6,13,21,22,15;6,14,22,16,7;7,15,22,17,8;8,16,22,23,19,18;8,17,19,10,9;10,18,17,23,20,11;11,19,23,21,12;12,20,23,22,14,13;14,21,23,17,16,15;17,22,21,20,19
p24#186 24 1,2,3,4,5;0,5,6,7,8,2;0,1,8,9,3;0,2,9,10,11,4;0,3,11,12,5;0,4,12,13,14,6,1;1,5,14,15,7;1,6,15,16,17,18,8;1,7,18,9,2;2,8,18,19,10,3;3,9,19,20,11;3,10,20,21,22,12,4;4,11,22,13,5;5,12,22,23,14;5,13,23,15,6;6,14,23,16,7;7,15,23,21,17;7,16,21,20,19,18;7,17,19,9,8;9,18,17,20,10;10,19,17,21,11;11,20,17,16,23,22;11,21,23,13,12;13,22,21,16,15,14
p24#187 24 1,2,3,4,5;0,5,6,7,8,9,2;0,1,9,10,3;0,2,10,11,12,13,4;0,3,13,14,5;0,4,14,15,6,1;1,5,15,16,7;1,6,16,17,8;1,7,17,18,19,20,9;1,8,20,10,2;2,9,20,11,3;3,10,20,19,12;3,11,19,21,22,13;3,12,22,14,4;4,13,22,15,5;5,14,22,23,16,6;6,15,23,17,7;7,16,23,18,8;8,17,23,21,19;8,18,21,12,11,20;8,19,11,10,9;12,19,18,23,22;12,21,23,15,14,13;15,22,21,18,17,16
p24#188 24 1,2,3,4,5;0,5,6,7,8,9,2;0,1,9,10,11,12,3;0,2,12,13,4;0,3,13,14,15,16,5;0,4,16,6,1;1,5,16,17,7;1,6,17,18,8;1,7,18,19,9;1,8,19,10,2;2,9,19,20,11;2,10,20,21,22,12;2,11,22,13,3;3,12,22,14,4;4,13,22,21,15;4,14,21,23,17,16;4,15,17,6,5;6,16,15,23,18,7;7,17,23,20,19,8;8,18,20,10,9;10,19,18,23,21,11;11,20,23,15,14,22;11,21,14,13,12;15,21,20,18,17
p24#189 24 1,2,3,4,5;0,5,6,7,8,2;0,1,8,9,3;0,2,9,10,11,4;0,3,11,12,13,14,5;0,4,14,6,1;1,5,14,15,16,7;1,6,16,17,8;1,7,17,18,19,20,9,2;2,8,20,10,3;3,9,20,21,11;3,10,21,12,4;4,11,21,22,13;4,12,22,18,23,15,14;4,13,15,6,5;6,14,13,23,16;6,15,23,17,7;7,16,23,18,8;8,17,23,13,22,19;8,18,22,21,20;8,19,21,10,9;10,20,19,22,12,11;12,21,19,18,13;13,18,17,16,15
p24#190 24 1,2,3,4,5;0,5,6,7,8,9,2;0,1,9,10,11,3;0,2,11,12,13,4;0,3,13,14,15,16,5;0,4,16,6,1;1,5,16,17,7;1,6,17,18,8;1,7,18,19,9;1,8,19,10,2;2,9,19,20,21,11;2,10,21,12,3;3,11,21,22,13;3,12,22,14,4;4,13,22,23,15;4,14,23,19,18,17,16;4,15,17,6,5;6,16,15,18,7;7,17,15,19,8;8,18,15,23,20,10,9;10,19,23,22,21;10,20,22,12,11;12,21,20,23,14,13;14,22,20,19,15
p24#191 24 1,2,3,4,5;0,5,6,7,8,9,10,2;0,1,10,11,3;0,2,11,12,13,4;0,3,13,14,15,16,5;0,4,16,6,1;1,5,16,17,7;1,6,17,18,8;1,7,18,19,9;1,8,19,20,10;1,9,20,21,11,2;2,10,21,12,3;3,11,21,22,13;3,12,22,14,4;4,13,22,23,15;4,14,23,19,18,17,16;4,15,17,6,5;6,16,15,18,7;7,17,15,19,8;8,18,15,23,20,9;9,19,23,22,21,10;10,20,22,12,11;12,21,20,23,14,13;14,22,20,19,15
p24#192 24 1,2,3,4,5;0,5,6,7,8,9,10,2;0,1,10,11,3;0,2,11,12,13,4;0,3,13,14,15,16,5;0,4,16,6,1;1,5,16,17,7;1,6,17,18,8;1,7,18,19,9;1,8,19,20,21,10;1,9,21,11,2;2,10,21,12,3;3,11,21,22,13;3,12,22,14,4;4,13,22,23,15;4,14,23,19,18,17,16;4,15,17,6,5;6,16,15,18,7;7,17,15,19,8;8,18,15,23,20,9;9,19,23,22,21;9,20,22,12,11,10;12,21,20,23,14,13;14,22,20,19,15
p24#193 24 1,2,3,4,5;0,5,6,7,8,9,2;0,1,9,10,3;0,2,10,11,12,4;0,3,12,13,14,15,5;0,4,15,6,1;1,5,15,16,7;1,6,16,17,8;1,7,17,18,9;1,8,18,19,20,21,10,2;2,9,21,11,3;3,10,21,22,12;3,11,22,13,4;4,12,22,23,14;4,13,23,19,18,17,16,15;4,14,16,6,5;6,15,14,17,7;7,16,14,18,8;8,17,14,19,9;9,18,14,23,20;9,19,23,22,21;9,20,22,11,10;11,21,20,23,13,12;13,22,20,19,14
p24#194 24 1,2,3,4,5;0,5,6,7,8,9,10,2;0,1,10,11,3;0,2,11,12,13,4;0,3,13,14,15,16,5;0,4,16,6,1;1,5,16,17,7;1,6,17,18,8;1,7,18,19,20,9;1,8,20,21,10;1,9,21,11,2;2,10,21,12,3;3,11,21,22,13;3,12,22,14,4;4,13,22,23,15;4,14,23,19,18,17,16;4,15,17,6,5;6,16,15,18,7;7,17,15,19,8;8,18,15,23,20;8,19,23,22,21,9;9,20,22,12,11,10;12,21,20,23,14,13;14,22,20,19,15
p24#195 24 1,2,3,4,5;0,5,6,7,2;0,1,7,8,9,3;0,2,9,10,11,12,4;0,3,12,13,5;0,4,13,14,6,1;1,5,14,15,16,7;1,6,16,8,2;2,7,16,17,9;2,8,17,10,3;3,9,17,18,11;3,10,18,19,20,21,12;3,11,21,13,4;4,12,21,14,5;5,13,21,20,22,15,6;6,14,22,23,16;6,15,23,17,8,7;8,16,23,18,10,9;10,17,23,19,11;11,18,23,22,20;11,19,22,14,21;11,20,14,13,12;14,20,19,23,15;15,22,19,18,17,16
p24#196 24 1,2,3,4,5;0,5,6,7,2;0,1,7,8,9,3;0,2,9,10,11,12,4;0,3,12,13,5;0,4,13,14,6,1;1,5,14,15,16,7;1,6,16,17,8,2;2,7,17,18,9;2,8,18,10,3;3,9,18,19,11;3,10,19,20,21,22,12;3,11,22,13,4;4,12,22,14,5;5,13,22,21,15,6;6,14,21,20,16;6,15,20,23,17,7;7,16,23,18,8;8,17,23,19,10,9;10,18,23,20,11;11,19,23,16,15,21;11,20,15,14,22;11,21,14,13,12;16,20,19,18,17
p24#197 24 1,2,3,4,5;0,5,6,7,2;0,1,7,8,9,3;0,2,9,10,11,12,4;0,3,12,13,5;0,4,13,14,6,1;1,5,14,15,7;1,6,15,16,8,2;2,7,16,17,9;2,8,17,10,3;3,9,17,18,11;3,10,18,19,20,21,12;3,11,21,13,4;4,12,21,14,5;5,13,21,20,22,15,6;6,14,22,16,7;7,15,22,23,17,8;8,16,23,18,10,9;10,17,23,19,11;11,18,23,22,20;11,19,22,14,21;11,20,14,13,12;14,20,19,23,16,15;16,22,19,18,17
p24#198 24 1,2,3,4,5;0,5,6,7,2;0,1,7,8,9,3;0,2,9,10,11,12,4;0,3,12,13,5;0,4,13,14,6,1;1,5,14,15,7;1,6,15,16,17,8,2;2,7,17,18,9;2,8,18,10,3;3,9,18,19,11;3,10,19,20,21,22,12;3,11,22,13,4;4,12,22,14,5;5,13,22,21,15,6;6,14,21,16,7;7,15,21,20,23,17;7,16,23,18,8;8,17,23,19,10,9;10,18,23,20,11;11,19,23,16,21;11,20,16,15,14,22;11,21,14,13,12;16,20,19,18,17
p24#199 24 1,2,3,4,5;0,5,6,7,2;0,1,7,8,3;0,2,8,9,10,4;0,3,10,11,12,5;0,4,12,13,14,6,1;1,5,14,15,16,7;1,6,16,17,8,2;2,7,17,9,3;3,8,17,18,10;3,9,18,11,4;4,10,18,19,20,21,12;4,11,21,13,5;5,12,21,22,14;5,13,22,15,6;6,14,22,23,16;6,15,23,19,18,17,7;7,16,18,9,8;9,17,16,19,11,10;11,18,16,23,20;11,19,23,22,21;11,20,22,13,12;13,21,20,23,15,14;15,22,20,19,16
p24#200 24 1,2,3,4,5;0,5,6,7,2;0,1,7,8,3;0,2,8,9,10,4;0,3,10,11,12,5;0,4,12,13,14,6,1;1,5,14,15,16,7;1,6,16,17,8,2;2,7,17,9,3;3,8,17,18,10;3,9,18,19,20,11,4;4,10,20,21,12;4,11,21,13,5;5,12,21,22,14;5,13,22,15,6;6,14,22,23,16;6,15,23,19,18,17,7;7,16,18,9,8;9,17,16,19,10;10,18,16,23,20;10,19,23,22,21,11;11,20,22,13,12;13,21,20,23,15,14;15,22,20,19,16
